timestamp,cWnd0,cWnd1
611833,5672,5672
611833,9307,1500
829833,9307,1500
1052833,10092,1500
1284833,9079,1500
1520833,11441,1500
1752833,11885,1500
1989833,11393,1500
2221833,6490,1500
2452833,6579,1500
2682833,8767,1500
2912833,8917,1500
3146833,12726,1500
3378833,12583,1500
3618833,9813,1500
3851833,7338,1500
4082833,9991,1500
4312833,12724,1500
4544833,15339,1500
4777833,13153,1500
5034833,7519,1500
5272833,5621,1500
5507833,5651,1500
5740833,7097,1500
5972833,5598,1500
6205833,7305,1500
6437833,8313,1500
6673833,7995,1500
6906833,8234,1500
7138833,9825,1500
7369833,11854,1500
7603833,14783,1500
7847833,18239,1500
8105833,23352,1500
8382833,35853,1500
8730833,26422,1500
9209833,15629,1500
9640833,12350,1500
9902833,12770,1500
10144833,7738,1500
10380833,9255,1500
10613833,7437,1500
10845833,9324,1500
11076833,10471,1500
11306833,10432,1500
11538833,14819,1500
11769833,13144,1500
12016833,16554,1500
12252833,16288,1500
12506833,17921,1500
12765833,12384,1500
13043833,16227,1500
13293833,13502,1500
13554833,17688,1500
13796833,9598,1500
14070833,19620,1500
14328833,11411,1500
14647833,9668,1500
14916833,4764,1500
15163833,7338,1500
15403833,7862,1500
15639833,6143,1500
15872833,11420,1500
16104833,13761,1500
16354833,20969,1500
16601833,27461,1500
16916833,21917,1500
17317833,23710,1500
17694833,16263,1500
18074833,23941,1500
18385833,21412,1500
18753833,34862,1500
19113833,36302,1500
19632833,40669,1500
20220833,35737,1500
20882833,31987,1500
21463833,35109,1500
21998833,35377,1500
22567833,34207,1500
23138833,26526,1500
23709833,21226,1500
24090833,18250,1500
24417833,15790,1500
24706833,10471,1500
24974833,12036,1500
25217833,15938,1500
25451833,15393,1500
25724833,18289,1500
25972833,20056,1500
26249833,21650,1500
26565833,23605,1500
26913833,27753,1500
27288833,24503,1500
27727833,26726,1500
28139833,22140,1500
28565833,23427,1500
28935833,22048,1500
29314833,15316,1500
29658833,17628,1500
29929833,14607,1500
30211833,11923,1500
30459833,19507,1500
30696833,19862,1500
31004833,14805,1500
31332833,14299,1500
31585833,19795,1500
31826833,24455,1500
32116833,25708,1500
32482833,16859,1500
32899833,21215,1500
33217833,13739,1500
33547833,20118,1500
33819833,17011,1500
34138833,14037,1500
34408833,21213,1500
34654833,18992,1500
34972833,17395,1500
35284833,12815,1500
35567833,10253,1500
35813833,13627,1500
36050833,16945,1500
36308833,10910,1500
36577833,15912,1500
36824833,12446,1500
37084833,7275,1500
37326833,4234,1500
37562833,4940,1500
37796833,4133,1500
38029833,3275,1500
38261833,6730,1500
38493833,17256,1500
38729833,18242,1500
39063833,17213,1500
39356833,12081,1500
39642833,9096,1500
39891833,7374,1500
40130833,9185,1500
40364833,8189,1500
40596833,8198,1500
40827833,12896,1500
41058833,19137,1500
41313833,20722,1500
41615833,13378,1500
41940833,7076,1500
42208833,8549,1500
42458833,9832,1500
42696833,10667,1500
42930833,9554,1500
43168833,10936,1500
43401833,12144,1500
43633833,12994,1500
43870833,17118,1500
44109833,16792,1500
44387833,12953,1500
44654833,14776,1500
44894833,13121,1500
45132833,11607,1500
45365833,8024,1500
45596833,8839,1500
45827833,6703,1500
46058833,5732,1500
46289833,7019,1500
46519833,7287,1500
46749833,8177,1500
46980833,7357,1500
47211833,5141,1500
47441833,3742,1500
47671833,4895,1500
47901833,8430,1500
48133833,11296,1500
48374833,7279,1500
48624833,4789,1500
48865833,4810,1500
49102833,3411,1500
49337833,5219,1500
49570833,7931,1500
49802833,10261,1500
50038833,8425,1500
50281833,6132,1500
50518833,7491,1500
50752833,9718,1500
50984833,8974,1500
51216833,6774,1500
51447833,5149,1500
51678833,6607,1500
51908833,8839,1500
52139833,9461,1500
52378833,12822,1500
52612833,11028,1500
52866833,13625,1500
53105833,13593,1500
53339833,12973,1500
53570833,17228,1500
53800833,12064,1500
54074833,8533,1500
54325833,4239,1500
54565833,4160,1500
54802833,9401,1500
55037833,13357,1500
55280833,8764,1500
55544833,11808,1500
55789833,11004,1500
56024833,11683,1500
56256833,14033,1500
56487833,15502,1500
56718833,17663,1500
56960833,14164,1500
57231833,10417,1500
57479833,7485,1500
57716833,4802,1500
57950833,6698,1500
58182833,7083,1500
58413833,6113,1500
58644833,7094,1500
58874833,13406,1500
59106833,8207,1500
59366833,10949,1500
59612833,9468,1500
59851833,9321,1500
