timestamp,availableTxBuffer0,availableTxBuffer1
611833,246472,246472
611833,246472,246472
829833,243636,246472
1052833,242218,250726
1284833,243636,250726
1520833,240800,250726
1752833,240800,250726
1989833,240800,250726
2221833,246472,250726
2452833,246472,250726
2682833,243636,250726
2912833,243636,250726
3146833,240800,250726
3378833,240800,250726
3618833,243636,250726
3851833,245054,250726
4082833,242218,250726
4312833,240800,250726
4544833,237964,250726
4777833,239382,250726
5034833,245054,250726
5272833,247890,250726
5507833,247890,250726
5740833,245054,250726
5972833,247890,250726
6205833,245054,250726
6437833,245054,250726
6673833,245054,250726
6906833,245054,250726
7138833,243636,250726
7369833,240800,250726
7603833,237964,250726
7847833,235128,250726
8105833,229456,250726
8382833,216694,250726
8730833,226620,250726
9209833,236546,250726
9640833,240800,250726
9902833,239382,250726
10144833,245054,250726
10380833,245054,250726
10613833,245054,250726
10845833,245054,250726
11076833,242218,250726
11306833,242218,250726
11538833,237964,250726
11769833,239382,250726
12016833,236546,250726
12252833,236546,250726
12506833,235128,250726
12765833,240800,250726
13043833,236546,250726
13293833,239382,250726
13554833,235128,250726
13796833,243636,250726
14070833,233710,250726
14328833,240800,250726
14647833,243636,250726
14916833,247890,250726
15163833,245054,250726
15403833,245054,250726
15639833,246472,250726
15872833,240800,250726
16104833,239382,250726
16354833,232292,250726
16601833,225202,250726
16916833,230874,250726
17317833,229456,250726
17694833,236546,250726
18074833,229456,250726
18385833,230874,250726
18753833,218112,250726
19113833,216694,250726
19632833,212440,250726
20220833,216694,250726
20882833,220948,252144
21463833,218112,250726
21998833,218112,250726
22567833,218112,250726
23138833,226620,250726
23709833,232292,250726
24090833,235128,250726
24417833,236546,250726
24706833,242218,250726
24974833,240800,250726
25217833,236546,250726
25451833,237964,250726
25724833,235128,250726
25972833,232292,250726
26249833,230874,250726
26565833,230874,250726
26913833,225202,250726
27288833,228038,250726
27727833,226620,250726
28139833,230874,250726
28565833,229456,250726
28935833,230874,250726
29314833,237964,250726
29658833,235128,250726
29929833,237964,252144
30211833,242218,250726
30459833,233710,250726
30696833,232292,250726
31004833,237964,250726
31332833,237964,250726
31585833,233710,252144
31826833,229456,252144
32116833,226620,250726
32482833,236546,250726
32899833,232292,250726
33217833,239382,250726
33547833,232292,250726
33819833,236546,250726
34138833,239382,250726
34408833,233710,250726
34654833,233710,250726
34972833,235128,250726
35284833,240800,250726
35567833,242218,250726
35813833,239382,250726
36050833,236546,250726
36308833,242218,250726
36577833,236546,250726
36824833,240800,250726
37084833,245054,250726
37326833,249308,250726
37562833,247890,250726
37796833,249308,250726
38029833,249308,250726
38261833,246472,250726
38493833,235128,250726
38729833,235128,250726
39063833,235128,250726
39356833,240800,250726
39642833,243636,250726
39891833,245054,250726
40130833,243636,250726
40364833,245054,250726
40596833,245054,250726
40827833,239382,250726
41058833,233710,250726
41313833,232292,250726
41615833,239382,250726
41940833,246472,250726
42208833,243636,250726
42458833,243636,250726
42696833,242218,250726
42930833,243636,250726
43168833,242218,250726
43401833,240800,250726
43633833,239382,250726
43870833,235128,250726
44109833,236546,250726
44387833,239382,250726
44654833,237964,250726
44894833,239382,250726
45132833,240800,250726
45365833,245054,250726
45596833,243636,250726
45827833,246472,250726
46058833,246472,250726
46289833,246472,250726
46519833,245054,250726
46749833,245054,250726
46980833,245054,250726
47211833,247890,250726
47441833,249308,250726
47671833,247890,250726
47901833,246472,250726
48133833,242218,250726
48374833,245054,250726
48624833,247890,250726
48865833,247890,250726
49102833,249308,250726
49337833,247890,250726
49570833,245054,250726
49802833,242218,250726
50038833,245054,250726
50281833,246472,250726
50518833,245054,250726
50752833,243636,250726
50984833,243636,250726
51216833,246472,250726
51447833,247890,250726
51678833,246472,250726
51908833,243636,250726
52139833,243636,250726
52378833,239382,250726
52612833,242218,250726
52866833,239382,250726
53105833,239382,250726
53339833,239382,250726
53570833,235128,250726
53800833,240800,250726
54074833,243636,250726
54325833,249308,250726
54565833,249308,250726
54802833,243636,250726
55037833,239382,250726
55280833,243636,250726
55544833,240800,250726
55789833,242218,250726
56024833,240800,250726
56256833,239382,250726
56487833,237964,250726
56718833,235128,250726
56960833,239382,250726
57231833,242218,250726
57479833,245054,250726
57716833,247890,250726
57950833,246472,250726
58182833,246472,250726
58413833,246472,250726
58644833,245054,250726
58874833,239382,250726
59106833,245054,250726
59366833,242218,250726
59612833,243636,250726
59851833,243636,250726
