timestamp,rtt0,rtt1
611833,218,184
611833,218,184
829833,223,184
1052833,232,219
1284833,236,221
1520833,232,222
1752833,237,223
1989833,232,224
2221833,231,224
2452833,230,225
2682833,230,226
2912833,234,226
3146833,232,227
3378833,240,227
3618833,233,227
3851833,231,228
4082833,230,228
4312833,232,228
4544833,233,229
4777833,257,229
5034833,238,229
5272833,235,229
5507833,233,229
5740833,232,229
5972833,233,229
6205833,232,229
6437833,236,229
6673833,233,229
6906833,232,229
7138833,231,230
7369833,234,230
7603833,244,230
7847833,258,230
8105833,277,230
8382833,348,230
8730833,479,230
9209833,431,230
9640833,262,230
9902833,242,230
10144833,236,230
10380833,233,230
10613833,232,230
10845833,231,230
11076833,230,230
11306833,232,230
11538833,231,230
11769833,247,230
12016833,236,230
12252833,254,230
12506833,259,230
12765833,278,230
13043833,250,230
13293833,261,230
13554833,242,230
13796833,274,230
14070833,258,230
14328833,319,230
14647833,269,230
14916833,247,230
15163833,240,230
15403833,236,230
15639833,233,230
15872833,232,230
16104833,250,230
16354833,247,230
16601833,315,230
16916833,401,230
17317833,377,230
17694833,380,230
18074833,311,230
18385833,368,230
18753833,360,230
19113833,519,230
19632833,588,230
20220833,662,230
20882833,581,230
21463833,535,230
21998833,569,230
22567833,571,230
23138833,571,230
23709833,381,230
24090833,327,230
24417833,289,230
24706833,268,230
24974833,243,230
25217833,234,230
25451833,273,230
25724833,248,230
25972833,277,230
26249833,316,230
26565833,348,230
26913833,375,230
27288833,439,230
27727833,412,230
28139833,426,230
28565833,370,230
28935833,379,230
29314833,344,230
29658833,271,230
29929833,282,230
30211833,248,230
30459833,237,230
30696833,308,230
31004833,328,230
31332833,253,230
31585833,241,230
31826833,290,230
32116833,366,230
32482833,417,230
32899833,318,230
33217833,330,230
33547833,272,230
33819833,319,230
34138833,270,230
34408833,246,230
34654833,318,230
34972833,312,230
35284833,283,230
35567833,246,230
35813833,237,230
36050833,258,230
36308833,269,230
36577833,247,230
36824833,260,230
37084833,242,230
37326833,236,230
37562833,234,230
37796833,233,230
38029833,232,230
38261833,232,230
38493833,236,230
38729833,334,230
39063833,293,230
39356833,286,230
39642833,249,230
39891833,239,230
40130833,234,230
40364833,232,230
40596833,231,230
40827833,231,230
41058833,255,230
41313833,302,230
41615833,325,230
41940833,268,230
42208833,250,230
42458833,238,230
42696833,234,230
42930833,238,230
43168833,233,230
43401833,232,230
43633833,237,230
43870833,239,230
44109833,278,230
44387833,267,230
44654833,240,230
44894833,238,230
45132833,233,230
45365833,231,230
45596833,231,230
45827833,231,230
46058833,231,230
46289833,230,230
46519833,230,230
46749833,231,230
46980833,231,230
47211833,230,230
47441833,230,230
47671833,230,230
47901833,232,230
48133833,241,230
48374833,250,230
48624833,241,230
48865833,237,230
49102833,235,230
49337833,233,230
49570833,232,230
49802833,236,230
50038833,243,230
50281833,237,230
50518833,234,230
50752833,232,230
50984833,232,230
51216833,231,230
51447833,231,230
51678833,230,230
51908833,231,230
52139833,239,230
52378833,234,230
52612833,254,230
52866833,239,230
53105833,234,230
53339833,231,230
53570833,230,230
53800833,274,230
54074833,251,230
54325833,240,230
54565833,237,230
54802833,235,230
55037833,243,230
55280833,264,230
55544833,245,230
55789833,235,230
56024833,232,230
56256833,231,230
56487833,231,230
56718833,242,230
56960833,271,230
57231833,248,230
57479833,237,230
57716833,234,230
57950833,232,230
58182833,231,230
58413833,231,230
58644833,230,230
58874833,232,230
59106833,260,230
59366833,246,230
59612833,239,230
59851833,234,230
