timestamp,unAck0,unAck1
611833,5672,5672
611833,5672,5672
829833,8508,5672
1052833,9926,1418
1284833,8508,1418
1520833,11344,1418
1752833,11344,1418
1989833,11344,1418
2221833,5672,1418
2452833,5672,1418
2682833,8508,1418
2912833,8508,1418
3146833,11344,1418
3378833,11344,1418
3618833,8508,1418
3851833,7090,1418
4082833,9926,1418
4312833,11344,1418
4544833,14180,1418
4777833,12762,1418
5034833,7090,1418
5272833,4254,1418
5507833,4254,1418
5740833,7090,1418
5972833,4254,1418
6205833,7090,1418
6437833,7090,1418
6673833,7090,1418
6906833,7090,1418
7138833,8508,1418
7369833,11344,1418
7603833,14180,1418
7847833,17016,1418
8105833,22688,1418
8382833,35450,1418
8730833,25524,1418
9209833,15598,1418
9640833,11344,1418
9902833,12762,1418
10144833,7090,1418
10380833,7090,1418
10613833,7090,1418
10845833,7090,1418
11076833,9926,1418
11306833,9926,1418
11538833,14180,1418
11769833,12762,1418
12016833,15598,1418
12252833,15598,1418
12506833,17016,1418
12765833,11344,1418
13043833,15598,1418
13293833,12762,1418
13554833,17016,1418
13796833,8508,1418
14070833,18434,1418
14328833,11344,1418
14647833,8508,1418
14916833,4254,1418
15163833,7090,1418
15403833,7090,1418
15639833,5672,1418
15872833,11344,1418
16104833,12762,1418
16354833,19852,1418
16601833,26942,1418
16916833,21270,1418
17317833,22688,1418
17694833,15598,1418
18074833,22688,1418
18385833,21270,1418
18753833,34032,1418
19113833,35450,1418
19632833,39704,1418
20220833,35450,1418
20882833,31196,0
21463833,34032,1418
21998833,34032,1418
22567833,34032,1418
23138833,25524,1418
23709833,19852,1418
24090833,17016,1418
24417833,15598,1418
24706833,9926,1418
24974833,11344,1418
25217833,15598,1418
25451833,14180,1418
25724833,17016,1418
25972833,19852,1418
26249833,21270,1418
26565833,21270,1418
26913833,26942,1418
27288833,24106,1418
27727833,25524,1418
28139833,21270,1418
28565833,22688,1418
28935833,21270,1418
29314833,14180,1418
29658833,17016,1418
29929833,14180,0
30211833,9926,1418
30459833,18434,1418
30696833,19852,1418
31004833,14180,1418
31332833,14180,1418
31585833,18434,0
31826833,22688,0
32116833,25524,1418
32482833,15598,1418
32899833,19852,1418
33217833,12762,1418
33547833,19852,1418
33819833,15598,1418
34138833,12762,1418
34408833,18434,1418
34654833,18434,1418
34972833,17016,1418
35284833,11344,1418
35567833,9926,1418
35813833,12762,1418
36050833,15598,1418
36308833,9926,1418
36577833,15598,1418
36824833,11344,1418
37084833,7090,1418
37326833,2836,1418
37562833,4254,1418
37796833,2836,1418
38029833,2836,1418
38261833,5672,1418
38493833,17016,1418
38729833,17016,1418
39063833,17016,1418
39356833,11344,1418
39642833,8508,1418
39891833,7090,1418
40130833,8508,1418
40364833,7090,1418
40596833,7090,1418
40827833,12762,1418
41058833,18434,1418
41313833,19852,1418
41615833,12762,1418
41940833,5672,1418
42208833,8508,1418
42458833,8508,1418
42696833,9926,1418
42930833,8508,1418
43168833,9926,1418
43401833,11344,1418
43633833,12762,1418
43870833,17016,1418
44109833,15598,1418
44387833,12762,1418
44654833,14180,1418
44894833,12762,1418
45132833,11344,1418
45365833,7090,1418
45596833,8508,1418
45827833,5672,1418
46058833,5672,1418
46289833,5672,1418
46519833,7090,1418
46749833,7090,1418
46980833,7090,1418
47211833,4254,1418
47441833,2836,1418
47671833,4254,1418
47901833,5672,1418
48133833,9926,1418
48374833,7090,1418
48624833,4254,1418
48865833,4254,1418
49102833,2836,1418
49337833,4254,1418
49570833,7090,1418
49802833,9926,1418
50038833,7090,1418
50281833,5672,1418
50518833,7090,1418
50752833,8508,1418
50984833,8508,1418
51216833,5672,1418
51447833,4254,1418
51678833,5672,1418
51908833,8508,1418
52139833,8508,1418
52378833,12762,1418
52612833,9926,1418
52866833,12762,1418
53105833,12762,1418
53339833,12762,1418
53570833,17016,1418
53800833,11344,1418
54074833,8508,1418
54325833,2836,1418
54565833,2836,1418
54802833,8508,1418
55037833,12762,1418
55280833,8508,1418
55544833,11344,1418
55789833,9926,1418
56024833,11344,1418
56256833,12762,1418
56487833,14180,1418
56718833,17016,1418
56960833,12762,1418
57231833,9926,1418
57479833,7090,1418
57716833,4254,1418
57950833,5672,1418
58182833,5672,1418
58413833,5672,1418
58644833,7090,1418
58874833,12762,1418
59106833,7090,1418
59366833,9926,1418
59612833,8508,1418
59851833,8508,1418
