timestamp,rWnd0,rWnd1
611833,1073725440,1073725440
611833,1073725440,1073725440
829833,1073725440,1073725440
1052833,1073725440,1073725440
1284833,1073725440,1073725440
1520833,1073725440,1073725440
1752833,1073725440,1073725440
1989833,1073725440,1073725440
2221833,1073725440,1073725440
2452833,1073725440,1073725440
2682833,1073725440,1073725440
2912833,1073725440,1073725440
3146833,1073725440,1073725440
3378833,1073725440,1073725440
3618833,1073725440,1073725440
3851833,1073725440,1073725440
4082833,1073725440,1073725440
4312833,1073725440,1073725440
4544833,1073725440,1073725440
4777833,1073725440,1073725440
5034833,1073725440,1073725440
5272833,1073725440,1073725440
5507833,1073725440,1073725440
5740833,1073725440,1073725440
5972833,1073725440,1073725440
6205833,1073725440,1073725440
6437833,1073725440,1073725440
6673833,1073725440,1073725440
6906833,1073725440,1073725440
7138833,1073725440,1073725440
7369833,1073725440,1073725440
7603833,1073725440,1073725440
7847833,1073725440,1073725440
8105833,1073725440,1073725440
8382833,1073725440,1073725440
8730833,1073725440,1073725440
9209833,1073725440,1073725440
9640833,1073725440,1073725440
9902833,1073725440,1073725440
10144833,1073725440,1073725440
10380833,1073725440,1073725440
10613833,1073725440,1073725440
10845833,1073725440,1073725440
11076833,1073725440,1073725440
11306833,1073725440,1073725440
11538833,1073725440,1073725440
11769833,1073725440,1073725440
12016833,1073725440,1073725440
12252833,1073725440,1073725440
12506833,1073725440,1073725440
12765833,1073725440,1073725440
13043833,1073725440,1073725440
13293833,1073725440,1073725440
13554833,1073725440,1073725440
13796833,1073725440,1073725440
14070833,1073725440,1073725440
14328833,1073725440,1073725440
14647833,1073725440,1073725440
14916833,1073725440,1073725440
15163833,1073725440,1073725440
15403833,1073725440,1073725440
15639833,1073725440,1073725440
15872833,1073725440,1073725440
16104833,1073725440,1073725440
16354833,1073725440,1073725440
16601833,1073725440,1073725440
16916833,1073725440,1073725440
17317833,1073725440,1073725440
17694833,1073725440,1073725440
18074833,1073725440,1073725440
18385833,1073725440,1073725440
18753833,1073725440,1073725440
19113833,1073725440,1073725440
19632833,1073725440,1073725440
20220833,1073725440,1073725440
20882833,1073725440,1073725440
21463833,1073725440,1073725440
21998833,1073725440,1073725440
22567833,1073725440,1073725440
23138833,1073725440,1073725440
23709833,1073725440,1073725440
24090833,1073725440,1073725440
24417833,1073725440,1073725440
24706833,1073725440,1073725440
24974833,1073725440,1073725440
25217833,1073725440,1073725440
25451833,1073725440,1073725440
25724833,1073725440,1073725440
25972833,1073725440,1073725440
26249833,1073725440,1073725440
26565833,1073725440,1073725440
26913833,1073725440,1073725440
27288833,1073725440,1073725440
27727833,1073725440,1073725440
28139833,1073725440,1073725440
28565833,1073725440,1073725440
28935833,1073725440,1073725440
29314833,1073725440,1073725440
29658833,1073725440,1073725440
29929833,1073725440,1073725440
30211833,1073725440,1073725440
30459833,1073725440,1073725440
30696833,1073725440,1073725440
31004833,1073725440,1073725440
31332833,1073725440,1073725440
31585833,1073725440,1073725440
31826833,1073725440,1073725440
32116833,1073725440,1073725440
32482833,1073725440,1073725440
32899833,1073725440,1073725440
33217833,1073725440,1073725440
33547833,1073725440,1073725440
33819833,1073725440,1073725440
34138833,1073725440,1073725440
34408833,1073725440,1073725440
34654833,1073725440,1073725440
34972833,1073725440,1073725440
35284833,1073725440,1073725440
35567833,1073725440,1073725440
35813833,1073725440,1073725440
36050833,1073725440,1073725440
36308833,1073725440,1073725440
36577833,1073725440,1073725440
36824833,1073725440,1073725440
37084833,1073725440,1073725440
37326833,1073725440,1073725440
37562833,1073725440,1073725440
37796833,1073725440,1073725440
38029833,1073725440,1073725440
38261833,1073725440,1073725440
38493833,1073725440,1073725440
38729833,1073725440,1073725440
39063833,1073725440,1073725440
39356833,1073725440,1073725440
39642833,1073725440,1073725440
39891833,1073725440,1073725440
40130833,1073725440,1073725440
40364833,1073725440,1073725440
40596833,1073725440,1073725440
40827833,1073725440,1073725440
41058833,1073725440,1073725440
41313833,1073725440,1073725440
41615833,1073725440,1073725440
41940833,1073725440,1073725440
42208833,1073725440,1073725440
42458833,1073725440,1073725440
42696833,1073725440,1073725440
42930833,1073725440,1073725440
43168833,1073725440,1073725440
43401833,1073725440,1073725440
43633833,1073725440,1073725440
43870833,1073725440,1073725440
44109833,1073725440,1073725440
44387833,1073725440,1073725440
44654833,1073725440,1073725440
44894833,1073725440,1073725440
45132833,1073725440,1073725440
45365833,1073725440,1073725440
45596833,1073725440,1073725440
45827833,1073725440,1073725440
46058833,1073725440,1073725440
46289833,1073725440,1073725440
46519833,1073725440,1073725440
46749833,1073725440,1073725440
46980833,1073725440,1073725440
47211833,1073725440,1073725440
47441833,1073725440,1073725440
47671833,1073725440,1073725440
47901833,1073725440,1073725440
48133833,1073725440,1073725440
48374833,1073725440,1073725440
48624833,1073725440,1073725440
48865833,1073725440,1073725440
49102833,1073725440,1073725440
49337833,1073725440,1073725440
49570833,1073725440,1073725440
49802833,1073725440,1073725440
50038833,1073725440,1073725440
50281833,1073725440,1073725440
50518833,1073725440,1073725440
50752833,1073725440,1073725440
50984833,1073725440,1073725440
51216833,1073725440,1073725440
51447833,1073725440,1073725440
51678833,1073725440,1073725440
51908833,1073725440,1073725440
52139833,1073725440,1073725440
52378833,1073725440,1073725440
52612833,1073725440,1073725440
52866833,1073725440,1073725440
53105833,1073725440,1073725440
53339833,1073725440,1073725440
53570833,1073725440,1073725440
53800833,1073725440,1073725440
54074833,1073725440,1073725440
54325833,1073725440,1073725440
54565833,1073725440,1073725440
54802833,1073725440,1073725440
55037833,1073725440,1073725440
55280833,1073725440,1073725440
55544833,1073725440,1073725440
55789833,1073725440,1073725440
56024833,1073725440,1073725440
56256833,1073725440,1073725440
56487833,1073725440,1073725440
56718833,1073725440,1073725440
56960833,1073725440,1073725440
57231833,1073725440,1073725440
57479833,1073725440,1073725440
57716833,1073725440,1073725440
57950833,1073725440,1073725440
58182833,1073725440,1073725440
58413833,1073725440,1073725440
58644833,1073725440,1073725440
58874833,1073725440,1073725440
59106833,1073725440,1073725440
59366833,1073725440,1073725440
59612833,1073725440,1073725440
59851833,1073725440,1073725440
