timestamp,lastAckedSeq,highTxMark,availableTxBuffer,nextTxSeq,totalCwnd,unAckMeta
611833,5673,17017,1158,17017,11344,11344
611833,5673,17017,1158,17017,10807,11344
829833,11345,25525,1158,25525,10807,14180
1052833,25525,36869,1158,36869,11592,11344
1284833,36869,46795,1158,46795,10579,9926
1520833,48213,60975,1158,60975,12941,12762
1752833,60975,73737,1158,73737,13385,12762
1989833,73737,86499,1158,86499,12893,12762
2221833,86499,93589,1158,93589,7990,7090
2452833,93589,100679,1158,100679,8079,7090
2682833,100679,110605,1158,110605,10267,9926
2912833,110605,120531,1158,120531,10417,9926
3146833,120531,133293,1158,133293,14226,12762
3378833,133293,146055,1158,146055,14083,12762
3618833,146055,155981,1158,155981,11313,9926
3851833,155981,164489,1158,164489,8838,8508
4082833,164489,175833,1158,175833,11491,11344
4312833,175833,188595,1158,188595,14224,12762
4544833,188595,204193,1158,204193,16839,15598
4777833,204193,218373,1158,218373,14653,14180
5034833,218373,226881,1158,226881,9019,8508
5272833,226881,232553,1158,232553,7121,5672
5507833,232553,238225,1158,238225,7151,5672
5740833,239643,248151,1158,248151,8597,8508
5972833,248151,253823,1158,253823,7098,5672
6205833,253823,262331,1158,262331,8805,8508
6437833,262331,270839,1158,270839,9813,8508
6673833,270839,279347,1158,279347,9495,8508
6906833,279347,287855,1158,287855,9734,8508
7138833,287855,297781,1158,297781,11325,9926
7369833,297781,310543,1158,310543,13354,12762
7603833,310543,326141,1158,326141,16283,15598
7847833,326141,344575,1158,344575,19739,18434
8105833,343157,367263,1158,367263,24852,24106
8382833,361591,399877,1158,399877,37353,38286
8730833,381443,411221,1158,411221,27922,29778
9209833,415475,432491,1158,432491,17129,17016
9640833,442417,455179,1158,455179,13850,12762
9902833,456597,470777,1158,470777,14270,14180
10144833,470777,479285,1158,479285,9238,8508
10380833,480703,489211,2576,489211,10755,8508
10613833,489211,497719,1158,497719,8937,8508
10845833,499137,507645,2576,507645,10824,8508
11076833,507645,518989,1158,518989,11971,11344
11306833,518989,530333,1158,530333,11932,11344
11538833,530333,545931,1158,545931,16319,15598
11769833,545931,560111,1158,560111,14644,14180
12016833,561529,578545,1158,578545,18054,17016
12252833,577127,594143,1158,594143,17788,17016
12506833,592725,611159,1158,611159,19421,18434
12765833,609741,622503,1158,622503,13884,12762
13043833,625339,642355,1158,642355,17727,17016
13293833,642355,656535,1158,656535,15002,14180
13554833,657953,677805,1158,677805,19188,19852
13796833,673551,684895,1158,684895,11098,11344
14070833,687731,707583,1158,707583,21120,19852
14328833,701911,716091,1158,716091,12911,14180
14647833,717509,727435,1158,727435,11168,9926
14916833,727435,733107,1158,733107,6264,5672
15163833,734525,743033,1158,743033,8838,8508
15403833,744451,752959,1158,752959,9362,8508
15639833,752959,760049,1158,760049,7643,7090
15872833,760049,772811,1158,772811,12920,12762
16104833,772811,786991,1158,786991,15261,14180
16354833,788409,811097,1158,811097,22469,22688
16601833,804007,833785,1158,833785,28961,29778
16916833,823859,847965,1158,847965,23417,24106
17317833,850801,876325,1158,876325,25210,25524
17694833,876325,893341,1158,893341,17763,17016
18074833,900431,925955,1158,925955,25441,25524
18385833,920283,944389,1158,944389,22912,24106
18753833,944389,981257,1158,981257,36362,36868
19113833,967077,1005363,1158,1005363,37802,38286
19632833,1001109,1043649,1158,1043649,42169,42540
20220833,1039395,1079099,1158,1079099,37237,39704
20882833,1081935,1115967,1158,1115967,33487,34032
21463833,1121639,1158507,1158,1158507,36609,36868
21998833,1155671,1192539,1158,1192539,36877,36868
22567833,1192539,1230825,1158,1230825,35707,38286
23138833,1230825,1259185,1158,1259185,28026,28360
23709833,1269111,1290381,1158,1290381,22726,21270
24090833,1294635,1313069,1158,1313069,19750,18434
24417833,1314487,1331503,1158,1331503,17290,17016
24706833,1332921,1344265,1158,1344265,11971,11344
24974833,1345683,1358445,1158,1358445,13536,12762
25217833,1359863,1376879,1158,1376879,17438,17016
25451833,1375461,1391059,1158,1391059,16893,15598
25724833,1392477,1410911,1158,1410911,19789,18434
25972833,1409493,1430763,1158,1430763,21556,21270
26249833,1426509,1449197,1158,1449197,23150,22688
26565833,1447779,1470467,2576,1470467,25105,22688
26913833,1469049,1498827,1158,1498827,29253,29778
27288833,1494573,1520097,1158,1520097,26003,25524
27727833,1521515,1549875,1158,1549875,28226,28360
28139833,1548457,1572563,1158,1572563,23640,24106
28565833,1576817,1602341,1158,1602341,24927,25524
28935833,1602341,1625029,1158,1625029,23548,22688
29314833,1627865,1643463,1158,1643463,16816,15598
29658833,1649135,1667569,1158,1667569,19128,18434
29929833,1666151,1681749,1158,1681749,16107,15598
30211833,1684585,1695929,2576,1695929,13423,11344
30459833,1697347,1717199,1158,1717199,21007,19852
30696833,1711527,1734215,1158,1734215,21362,22688
31004833,1732797,1748395,1158,1748395,16305,15598
31332833,1754067,1769665,1158,1769665,15799,15598
31585833,1769665,1789517,1158,1789517,21295,19852
31826833,1786681,1810787,2576,1810787,25955,24106
32116833,1805115,1833475,1158,1833475,27208,28360
32482833,1827803,1846237,1158,1846237,18359,18434
32899833,1856163,1877433,1158,1877433,22715,21270
33217833,1877433,1891613,1158,1891613,15239,14180
33547833,1897285,1919973,1158,1919973,21618,22688
33819833,1914301,1932735,1158,1932735,18511,18434
34138833,1935571,1949751,1158,1949751,15537,14180
34408833,1952587,1972439,2576,1972439,22713,19852
34654833,1968185,1988037,1158,1988037,20492,19852
34972833,1989455,2007889,1158,2007889,18895,18434
35284833,2009307,2022069,2576,2022069,14315,12762
35567833,2023487,2034831,1158,2034831,11753,11344
35813833,2034831,2049011,1158,2049011,15127,14180
36050833,2049011,2066027,1158,2066027,18445,17016
36308833,2067445,2078789,1158,2078789,12410,11344
36577833,2081625,2098641,1158,2098641,17412,17016
36824833,2097223,2109985,1158,2109985,13946,12762
37084833,2109985,2118493,1158,2118493,8775,8508
37326833,2118493,2122747,1158,2122747,5734,4254
37562833,2124165,2129837,1158,2129837,6440,5672
37796833,2129837,2134091,1158,2134091,5633,4254
38029833,2134091,2138345,1158,2138345,4775,4254
38261833,2138345,2145435,1158,2145435,8230,7090
38493833,2145435,2163869,1158,2163869,18756,18434
38729833,2161033,2179467,1158,2179467,19742,18434
39063833,2182303,2200737,1158,2200737,18713,18434
39356833,2200737,2213499,1158,2213499,13581,12762
39642833,2214917,2224843,1158,2224843,10596,9926
39891833,2224843,2233351,1158,2233351,8874,8508
40130833,2234769,2244695,1158,2244695,10685,9926
40364833,2244695,2253203,1158,2253203,9689,8508
40596833,2253203,2261711,1158,2261711,9698,8508
40827833,2261711,2275891,1158,2275891,14396,14180
41058833,2275891,2295743,1158,2295743,20637,19852
41313833,2292907,2314177,1158,2314177,22222,21270
41615833,2311341,2325521,1158,2325521,14878,14180
41940833,2326939,2334029,1158,2334029,8576,7090
42208833,2336865,2346791,1158,2346791,10049,9926
42458833,2348209,2358135,1158,2358135,11332,9926
42696833,2358135,2369479,1158,2369479,12167,11344
42930833,2369479,2379405,1158,2379405,11054,9926
43168833,2379405,2390749,1158,2390749,12436,11344
43401833,2390749,2403511,1158,2403511,13644,12762
43633833,2403511,2417691,1158,2417691,14494,14180
43870833,2419109,2437543,1158,2437543,18618,18434
44109833,2434707,2451723,1158,2451723,18292,17016
44387833,2451723,2465903,1158,2465903,14453,14180
44654833,2468739,2484337,1158,2484337,16276,15598
44894833,2484337,2498517,1158,2498517,14621,14180
45132833,2498517,2511279,1158,2511279,13107,12762
45365833,2511279,2519787,1158,2519787,9524,8508
45596833,2519787,2529713,1158,2529713,10339,9926
45827833,2529713,2536803,1158,2536803,8203,7090
46058833,2536803,2543893,1158,2543893,7232,7090
46289833,2543893,2550983,1158,2550983,8519,7090
46519833,2550983,2559491,1158,2559491,8787,8508
46749833,2559491,2567999,1158,2567999,9677,8508
46980833,2567999,2576507,1158,2576507,8857,8508
47211833,2576507,2582179,1158,2582179,6641,5672
47441833,2582179,2586433,1158,2586433,5242,4254
47671833,2586433,2592105,1158,2592105,6395,5672
47901833,2592105,2599195,2576,2599195,9930,7090
48133833,2600613,2611957,1158,2611957,12796,11344
48374833,2611957,2620465,1158,2620465,8779,8508
48624833,2620465,2626137,1158,2626137,6289,5672
48865833,2626137,2631809,1158,2631809,6310,5672
49102833,2631809,2636063,1158,2636063,4911,4254
49337833,2637481,2643153,1158,2643153,6719,5672
49570833,2643153,2651661,1158,2651661,9431,8508
49802833,2651661,2663005,1158,2663005,11761,11344
50038833,2663005,2671513,1158,2671513,9925,8508
50281833,2671513,2678603,1158,2678603,7632,7090
50518833,2680021,2688529,1158,2688529,8991,8508
50752833,2688529,2698455,1158,2698455,11218,9926
50984833,2698455,2708381,1158,2708381,10474,9926
51216833,2708381,2715471,1158,2715471,8274,7090
51447833,2715471,2721143,1158,2721143,6649,5672
51678833,2721143,2728233,1158,2728233,8107,7090
51908833,2728233,2738159,1158,2738159,10339,9926
52139833,2738159,2748085,1158,2748085,10961,9926
52378833,2748085,2762265,1158,2762265,14322,14180
52612833,2762265,2773609,1158,2773609,12528,11344
52866833,2775027,2790625,1158,2790625,15125,15598
53105833,2790625,2804805,1158,2804805,15093,14180
53339833,2804805,2818985,1158,2818985,14473,14180
53570833,2818985,2837419,1158,2837419,18728,18434
53800833,2833165,2847345,1158,2847345,13564,14180
54074833,2847345,2857271,1158,2857271,10033,9926
54325833,2857271,2861525,1158,2861525,5739,4254
54565833,2861525,2865779,1158,2865779,5660,4254
54802833,2867197,2877123,1158,2877123,10901,9926
55037833,2877123,2891303,1158,2891303,14857,14180
55280833,2891303,2901229,1158,2901229,10264,9926
55544833,2904065,2916827,1158,2916827,13308,12762
55789833,2916827,2928171,1158,2928171,12504,11344
56024833,2928171,2940933,1158,2940933,13183,12762
56256833,2940933,2955113,1158,2955113,15533,14180
56487833,2955113,2970711,1158,2970711,17002,15598
56718833,2970711,2989145,1158,2989145,19163,18434
56960833,2986309,3000489,1158,3000489,15664,14180
57231833,3000489,3011833,1158,3011833,11917,11344
57479833,3011833,3020341,1158,3020341,8985,8508
57716833,3020341,3026013,1158,3026013,6302,5672
57950833,3027431,3034521,1158,3034521,8198,7090
58182833,3034521,3041611,1158,3041611,8583,7090
58413833,3041611,3048701,1158,3048701,7613,7090
58644833,3048701,3057209,1158,3057209,8594,8508
58874833,3057209,3071389,1158,3071389,14906,14180
59106833,3071389,3079897,1158,3079897,9707,8508
59366833,3081315,3092659,1158,3092659,12449,11344
59612833,3092659,3102585,1158,3102585,10968,9926
59851833,3104003,3113929,1158,3113929,10821,9926
