timestamp,rWnd0,rWnd1
611833,1073725440,1073725440
611833,1073725440,1073725440
829833,1073725440,1073725440
1052833,1073725440,1073725440
1278833,1073725440,1073725440
1507833,1073725440,1073725440
1736833,1073725440,1073725440
1983833,1073725440,1073725440
2280833,1073725440,1073725440
2533833,1073725440,1073725440
2772833,1073725440,1073725440
3005833,1073725440,1073725440
3246833,1073725440,1073725440
3480833,1073725440,1073725440
3712833,1073725440,1073725440
3943833,1073725440,1073725440
4173833,1073725440,1073725440
4447833,1073725440,1073725440
4761833,1073725440,1073725440
5055833,1073725440,1073725440
5305833,1073725440,1073725440
5544833,1073725440,1073725440
5792833,1073725440,1073725440
6029833,1073725440,1073725440
6340833,1073725440,1073725440
6754833,1073725440,1073725440
7290833,1073725440,1073725440
7650833,1073725440,1073725440
7987833,1073725440,1073725440
8242833,1073725440,1073725440
8482833,1073725440,1073725440
8717833,1073725440,1073725440
8949833,1073725440,1073725440
9180833,1073725440,1073725440
9443833,1073725440,1073725440
9685833,1073725440,1073725440
9920833,1073725440,1073725440
10153833,1073725440,1073725440
10384833,1073725440,1073725440
10616833,1073725440,1073725440
10847833,1073725440,1073725440
11077833,1073725440,1073725440
11307833,1073725440,1073725440
11537833,1073725440,1073725440
11776833,1073725440,1073725440
12107833,1073725440,1073725440
12489833,1073725440,1073725440
12838833,1073725440,1073725440
13090833,1073725440,1073725440
13332833,1073725440,1073725440
13588833,1073725440,1073725440
13880833,1073725440,1073725440
14186833,1073725440,1073725440
14477833,1073725440,1073725440
14819833,1073725440,1073725440
15124833,1073725440,1073725440
15452833,1073725440,1073725440
15873833,1073725440,1073725440
16179833,1073725440,1073725440
16429833,1073725440,1073725440
16668833,1073725440,1073725440
16903833,1073725440,1073725440
17136833,1073725440,1073725440
17369833,1073725440,1073725440
17649833,1073725440,1073725440
17898833,1073725440,1073725440
18141833,1073725440,1073725440
18380833,1073725440,1073725440
18618833,1073725440,1073725440
18872833,1073725440,1073725440
19115833,1073725440,1073725440
19350833,1073725440,1073725440
19582833,1073725440,1073725440
19813833,1073725440,1073725440
20044833,1073725440,1073725440
20275833,1073725440,1073725440
20506833,1073725440,1073725440
20743833,1073725440,1073725440
20980833,1073725440,1073725440
21212833,1073725440,1073725440
21449833,1073725440,1073725440
21681833,1073725440,1073725440
21955833,1073725440,1073725440
22308833,1073725440,1073725440
22617833,1073725440,1073725440
22965833,1073725440,1073725440
23250833,1073725440,1073725440
23518833,1073725440,1073725440
23762833,1073725440,1073725440
24031833,1073725440,1073725440
24312833,1073725440,1073725440
24560833,1073725440,1073725440
24797833,1073725440,1073725440
25030833,1073725440,1073725440
25262833,1073725440,1073725440
25493833,1073725440,1073725440
25724833,1073725440,1073725440
25954833,1073725440,1073725440
26184833,1073725440,1073725440
26415833,1073725440,1073725440
26649833,1073725440,1073725440
26881833,1073725440,1073725440
27113833,1073725440,1073725440
27345833,1073725440,1073725440
27576833,1073725440,1073725440
27812833,1073725440,1073725440
28062833,1073725440,1073725440
28324833,1073725440,1073725440
28603833,1073725440,1073725440
28868833,1073725440,1073725440
29113833,1073725440,1073725440
29421833,1073725440,1073725440
29821833,1073725440,1073725440
30133833,1073725440,1073725440
30411833,1073725440,1073725440
30661833,1073725440,1073725440
30919833,1073725440,1073725440
31179833,1073725440,1073725440
31517833,1073725440,1073725440
31822833,1073725440,1073725440
32085833,1073725440,1073725440
32330833,1073725440,1073725440
32566833,1073725440,1073725440
32805833,1073725440,1073725440
33112833,1073725440,1073725440
33367833,1073725440,1073725440
33605833,1073725440,1073725440
33838833,1073725440,1073725440
34070833,1073725440,1073725440
34301833,1073725440,1073725440
34533833,1073725440,1073725440
34778833,1073725440,1073725440
35013833,1073725440,1073725440
35245833,1073725440,1073725440
35481833,1073725440,1073725440
35714833,1073725440,1073725440
35977833,1073725440,1073725440
36222833,1073725440,1073725440
36468833,1073725440,1073725440
36707833,1073725440,1073725440
36945833,1073725440,1073725440
37232833,1073725440,1073725440
37607833,1073725440,1073725440
37906833,1073725440,1073725440
38168833,1073725440,1073725440
38413833,1073725440,1073725440
38732833,1073725440,1073725440
39066833,1073725440,1073725440
39350833,1073725440,1073725440
39639833,1073725440,1073725440
39897833,1073725440,1073725440
40273833,1073725440,1073725440
40596833,1073725440,1073725440
40929833,1073725440,1073725440
41219833,1073725440,1073725440
41487833,1073725440,1073725440
41732833,1073725440,1073725440
41967833,1073725440,1073725440
42223833,1073725440,1073725440
42464833,1073725440,1073725440
42700833,1073725440,1073725440
42933833,1073725440,1073725440
43262833,1073725440,1073725440
43697833,1073725440,1073725440
44419833,1073725440,1073725440
44818833,1073725440,1073725440
45222833,1073725440,1073725440
45504833,1073725440,1073725440
45788833,1073725440,1073725440
46091833,1073725440,1073725440
46435833,1073725440,1073725440
46721833,1073725440,1073725440
47006833,1073725440,1073725440
47272833,1073725440,1073725440
47534833,1073725440,1073725440
47861833,1073725440,1073725440
48179833,1073725440,1073725440
48441833,1073725440,1073725440
48744833,1073725440,1073725440
49052833,1073725440,1073725440
49308833,1073725440,1073725440
49568833,1073725440,1073725440
49811833,1073725440,1073725440
50164833,1073725440,1073725440
50623833,1073725440,1073725440
51031833,1073725440,1073725440
51541833,1073725440,1073725440
51883833,1073725440,1073725440
52171833,1073725440,1073725440
52439833,1073725440,1073725440
52720833,1073725440,1073725440
52986833,1073725440,1073725440
53228833,1073725440,1073725440
53508833,1073725440,1073725440
53898833,1073725440,1073725440
54312833,1073725440,1073725440
54571833,1073725440,1073725440
54811833,1073725440,1073725440
55047833,1073725440,1073725440
55280833,1073725440,1073725440
55512833,1073725440,1073725440
55744833,1073725440,1073725440
55975833,1073725440,1073725440
56206833,1073725440,1073725440
56437833,1073725440,1073725440
56668833,1073725440,1073725440
56898833,1073725440,1073725440
57130833,1073725440,1073725440
57361833,1073725440,1073725440
57595833,1073725440,1073725440
57828833,1073725440,1073725440
58060833,1073725440,1073725440
58303833,1073725440,1073725440
58554833,1073725440,1073725440
58792833,1073725440,1073725440
59026833,1073725440,1073725440
59258833,1073725440,1073725440
59494833,1073725440,1073725440
59726833,1073725440,1073725440
59957833,1073725440,1073725440
