timestamp,availableTxBuffer0,availableTxBuffer1
611833,246472,246472
611833,246472,246472
829833,245054,246472
1052833,243636,250726
1278833,243636,250726
1507833,240800,250726
1736833,235128,250726
1983833,237964,250726
2280833,242218,250726
2533833,242218,250726
2772833,240800,250726
3005833,242218,250726
3246833,242218,250726
3480833,240800,250726
3712833,240800,250726
3943833,236546,250726
4173833,232292,250726
4447833,235128,250726
4761833,239382,250726
5055833,245054,250726
5305833,240800,250726
5544833,243636,250726
5792833,233710,250726
6029833,219530,250726
6340833,219530,250726
6754833,232292,250726
7290833,232292,250726
7650833,240800,250726
7987833,242218,250726
8242833,245054,250726
8482833,245054,250726
8717833,243636,250726
8949833,237964,250726
9180833,240800,250726
9443833,242218,250726
9685833,246472,250726
9920833,245054,250726
10153833,243636,250726
10384833,243636,250726
10616833,246472,250726
10847833,246472,250726
11077833,246472,250726
11307833,242218,250726
11537833,232292,250726
11776833,228038,250726
12107833,230874,250726
12489833,237964,250726
12838833,237964,250726
13090833,236546,250726
13332833,233710,250726
13588833,233710,250726
13880833,235128,250726
14186833,232292,250726
14477833,235128,250726
14819833,232292,250726
15124833,225202,250726
15452833,235128,250726
15873833,239382,250726
16179833,243636,250726
16429833,246472,250726
16668833,247890,250726
16903833,245054,250726
17136833,237964,250726
17369833,242218,250726
17649833,237964,252144
17898833,237964,250726
18141833,237964,250726
18380833,236546,250726
18618833,237964,250726
18872833,242218,250726
19115833,240800,250726
19350833,242218,250726
19582833,243636,250726
19813833,246472,250726
20044833,245054,250726
20275833,242218,250726
20506833,240800,250726
20743833,240800,250726
20980833,239382,250726
21212833,239382,250726
21449833,235128,250726
21681833,228038,250726
21955833,237964,250726
22308833,230874,250726
22617833,240800,250726
22965833,236546,250726
23250833,242218,250726
23518833,236546,250726
23762833,235128,252144
24031833,240800,250726
24312833,242218,250726
24560833,245054,250726
24797833,243636,250726
25030833,243636,250726
25262833,245054,250726
25493833,247890,250726
25724833,247890,250726
25954833,246472,250726
26184833,245054,250726
26415833,246472,250726
26649833,245054,250726
26881833,246472,250726
27113833,246472,250726
27345833,243636,250726
27576833,240800,250726
27812833,237964,250726
28062833,236546,250726
28324833,236546,250726
28603833,240800,250726
28868833,233710,250726
29113833,225202,250726
29421833,237964,250726
29821833,235128,250726
30133833,237964,250726
30411833,236546,250726
30661833,236546,250726
30919833,229456,250726
31179833,242218,250726
31517833,237964,250726
31822833,245054,250726
32085833,243636,250726
32330833,240800,250726
32566833,233710,250726
32805833,239382,250726
33112833,239382,250726
33367833,243636,250726
33605833,240800,250726
33838833,240800,250726
34070833,239382,250726
34301833,237964,250726
34533833,239382,250726
34778833,239382,250726
35013833,237964,252144
35245833,243636,250726
35481833,236546,250726
35714833,242218,250726
35977833,237964,250726
36222833,237964,250726
36468833,237964,250726
36707833,233710,250726
36945833,226620,250726
37232833,237964,250726
37607833,236546,250726
37906833,237964,250726
38168833,230874,250726
38413833,232292,250726
38732833,243636,250726
39066833,235128,250726
39350833,243636,250726
39639833,228038,250726
39897833,239382,250726
40273833,232292,250726
40596833,235128,250726
40929833,236546,250726
41219833,242218,250726
41487833,242218,250726
41732833,239382,250726
41967833,243636,250726
42223833,240800,250726
42464833,239382,250726
42700833,229456,250726
42933833,206768,250726
43262833,222366,250726
43697833,236546,250726
44419833,228038,250726
44818833,237964,250726
45222833,235128,250726
45504833,233710,250726
45788833,230874,250726
46091833,236546,250726
46435833,235128,250726
46721833,236546,250726
47006833,236546,250726
47272833,230874,250726
47534833,233710,250726
47861833,239382,250726
48179833,233710,250726
48441833,233710,250726
48744833,239382,250726
49052833,236546,250726
49308833,242218,250726
49568833,228038,250726
49811833,220948,250726
50164833,230874,250726
50623833,220948,250726
51031833,229456,250726
51541833,235128,250726
51883833,236546,250726
52171833,235128,250726
52439833,236546,250726
52720833,239382,250726
52986833,235128,250726
53228833,222366,250726
53508833,229456,250726
53898833,240800,250726
54312833,240800,250726
54571833,246472,250726
54811833,246472,250726
55047833,247890,250726
55280833,249308,250726
55512833,249308,250726
55744833,249308,250726
55975833,249308,250726
56206833,249308,250726
56437833,247890,250726
56668833,246472,250726
56898833,246472,250726
57130833,245054,250726
57361833,247890,250726
57595833,249308,250726
57828833,245054,250726
58060833,242218,250726
58303833,242218,250726
58554833,246472,250726
58792833,245054,250726
59026833,242218,250726
59258833,242218,250726
59494833,243636,250726
59726833,246472,250726
59957833,245054,250726
