timestamp,cWnd0,cWnd1
611833,5672,5672
611833,7447,1500
829833,7447,1500
1052833,9079,1500
1278833,9795,1500
1507833,11779,1500
1736833,17748,1500
1983833,14393,1500
2280833,12018,1500
2533833,10222,1500
2772833,11464,1500
3005833,10144,1500
3246833,9989,1500
3480833,11958,1500
3712833,11733,1500
3943833,16672,1500
4173833,20933,1500
4447833,18389,1500
4761833,13973,1500
5055833,7713,1500
5305833,12074,1500
5544833,8678,1500
5792833,19022,1500
6029833,33000,1500
6340833,32719,1500
6754833,22410,1500
7290833,20227,1500
7650833,11599,1500
7987833,11252,1500
8242833,8365,1500
8482833,7330,1500
8717833,9497,1500
8949833,14673,1500
9180833,12063,1500
9443833,10546,1500
9685833,6766,1500
9920833,8245,1500
10153833,9540,1500
10384833,8834,1500
10616833,6009,1500
10847833,5902,1500
11077833,6360,1500
11307833,10547,1500
11537833,20621,1500
11776833,25310,1500
12107833,21879,1500
12489833,15311,1500
12838833,14501,1500
13090833,16096,1500
13332833,19843,1500
13588833,18446,1500
13880833,18123,1500
14186833,22025,1500
14477833,18411,1500
14819833,20471,1500
15124833,27785,1500
15452833,19738,1500
15873833,12887,1500
16179833,9216,1500
16429833,6338,1500
16668833,5515,1500
16903833,8280,1500
17136833,14360,1500
17369833,11234,1500
17649833,14312,1500
17898833,14299,1500
18141833,15047,1500
18380833,16156,1500
18618833,14541,1500
18872833,10961,1500
19115833,11928,1500
19350833,10935,1500
19582833,9186,1500
19813833,6002,1500
20044833,7634,1500
20275833,10495,1500
20506833,11734,1500
20743833,11474,1500
20980833,13231,1500
21212833,13761,1500
21449833,18027,1500
21681833,25012,1500
21955833,15221,1500
22308833,21342,1500
22617833,12264,1500
22965833,16123,1500
23250833,11067,1500
23518833,16024,1500
23762833,17034,1500
24031833,13785,1500
24312833,10267,1500
24560833,7101,1500
24797833,8838,1500
25030833,9152,1500
25262833,7808,1500
25493833,5382,1500
25724833,4603,1500
25954833,6978,1500
26184833,8454,1500
26415833,6558,1500
26649833,7553,1500
26881833,6331,1500
27113833,5894,1500
27345833,8681,1500
27576833,11836,1500
27812833,14876,1500
28062833,18097,1500
28324833,16060,1500
28603833,12434,1500
28868833,20936,1500
29113833,27422,1500
29421833,15571,1500
29821833,17061,1500
30133833,14664,1500
30411833,15813,1500
30661833,16874,1500
30919833,22709,1500
31179833,11074,1500
31517833,14186,1500
31822833,7333,1500
32085833,9356,1500
32330833,11535,1500
32566833,18522,1500
32805833,13388,1500
33112833,13384,1500
33367833,9722,1500
33605833,11638,1500
33838833,11962,1500
34070833,13352,1500
34301833,14945,1500
34533833,14028,1500
34778833,13197,1500
35013833,14580,1500
35245833,9689,1500
35481833,15827,1500
35714833,11087,1500
35977833,14855,1500
36222833,14755,1500
36468833,15087,1500
36707833,19509,1500
36945833,26568,1500
37232833,14522,1500
37607833,15767,1500
37906833,14238,1500
38168833,21391,1500
38413833,20725,1500
38732833,9252,1500
39066833,18400,1500
39350833,9864,1500
39639833,24564,1500
39897833,13140,1500
40273833,20628,1500
40596833,17913,1500
40929833,16713,1500
41219833,10676,1500
41487833,11283,1500
41732833,13179,1500
41967833,9152,1500
42223833,12721,1500
42464833,12980,1500
42700833,23912,1500
42933833,46124,1500
43262833,29959,1500
43697833,17303,1500
44419833,24560,1500
44818833,14245,1500
45222833,17649,1500
45504833,19361,1500
45788833,21600,1500
46091833,16043,1500
46435833,17027,1500
46721833,16909,1500
47006833,16672,1500
47272833,22401,1500
47534833,18902,1500
47861833,13773,1500
48179833,18659,1500
48441833,19471,1500
48744833,13193,1500
49052833,16847,1500
49308833,11305,1500
49568833,25000,1500
49811833,32609,1500
50164833,22128,1500
50623833,31293,1500
51031833,23528,1500
51541833,17398,1500
51883833,16714,1500
52171833,18423,1500
52439833,16628,1500
52720833,14135,1500
52986833,18397,1500
53228833,30186,1500
53508833,22803,1500
53898833,11408,1500
54312833,12376,1500
54571833,6640,1500
54811833,5759,1500
55047833,4521,1500
55280833,3530,1500
55512833,2851,1500
55744833,3390,1500
55975833,4892,1500
56206833,5132,1500
56437833,4934,1500
56668833,5880,1500
56898833,6374,1500
57130833,8079,1500
57361833,4480,1500
57595833,3822,1500
57828833,8206,1500
58060833,10291,1500
58303833,10473,1500
58554833,5957,1500
58792833,7353,1500
59026833,10312,1500
59258833,10359,1500
59494833,9509,1500
59726833,6095,1500
59957833,7754,1500
