timestamp,rtt0,rtt1
611833,218,184
611833,218,184
829833,223,184
1052833,226,219
1278833,229,221
1507833,229,222
1736833,247,223
1983833,297,224
2280833,253,225
2533833,239,225
2772833,233,226
3005833,241,226
3246833,234,227
3480833,232,227
3712833,231,228
3943833,230,228
4173833,274,228
4447833,314,228
4761833,294,229
5055833,250,229
5305833,239,229
5544833,248,229
5792833,237,229
6029833,311,229
6340833,414,229
6754833,536,229
7290833,360,229
7650833,337,230
7987833,255,230
8242833,240,230
8482833,235,230
8717833,232,230
8949833,231,230
9180833,263,230
9443833,242,230
9685833,235,230
9920833,233,230
10153833,231,230
10384833,232,230
10616833,231,230
10847833,230,230
11077833,230,230
11307833,230,230
11537833,239,230
11776833,331,230
12107833,382,230
12489833,349,230
12838833,252,230
13090833,242,230
13332833,256,230
13588833,292,230
13880833,306,230
14186833,291,230
14477833,342,230
14819833,305,230
15124833,328,230
15452833,421,230
15873833,306,230
16179833,250,230
16429833,239,230
16668833,235,230
16903833,233,230
17136833,233,230
17369833,280,230
17649833,249,230
17898833,243,230
18141833,239,230
18380833,238,230
18618833,254,230
18872833,243,230
19115833,235,230
19350833,232,230
19582833,231,230
19813833,231,230
20044833,231,230
20275833,231,230
20506833,237,230
20743833,237,230
20980833,232,230
21212833,237,230
21449833,232,230
21681833,274,230
21955833,353,230
22308833,309,230
22617833,348,230
22965833,285,230
23250833,268,230
23518833,244,230
23762833,269,230
24031833,281,230
24312833,248,230
24560833,237,230
24797833,233,230
25030833,232,230
25262833,231,230
25493833,231,230
25724833,230,230
25954833,230,230
26184833,231,230
26415833,234,230
26649833,232,230
26881833,232,230
27113833,232,230
27345833,231,230
27576833,236,230
27812833,250,230
28062833,262,230
28324833,279,230
28603833,265,230
28868833,245,230
29113833,308,230
29421833,400,230
29821833,312,230
30133833,278,230
30411833,250,230
30661833,258,230
30919833,260,230
31179833,338,230
31517833,305,230
31822833,263,230
32085833,245,230
32330833,236,230
32566833,239,230
32805833,307,230
33112833,255,230
33367833,238,230
33605833,233,230
33838833,232,230
34070833,231,230
34301833,232,230
34533833,245,230
34778833,235,230
35013833,232,230
35245833,236,230
35481833,233,230
35714833,263,230
35977833,245,230
36222833,246,230
36468833,239,230
36707833,238,230
36945833,287,230
37232833,375,230
37607833,299,230
37906833,262,230
38168833,245,230
38413833,319,230
38732833,334,230
39066833,284,230
39350833,289,230
39639833,258,230
39897833,376,230
40273833,323,230
40596833,333,230
40929833,290,230
41219833,268,230
41487833,245,230
41732833,235,230
41967833,256,230
42223833,241,230
42464833,236,230
42700833,233,230
42933833,329,230
43262833,435,230
43697833,722,230
44419833,399,230
44818833,404,230
45222833,282,230
45504833,284,230
45788833,303,230
46091833,344,230
46435833,286,230
46721833,285,230
47006833,266,230
47272833,262,230
47534833,327,230
47861833,318,230
48179833,262,230
48441833,303,230
48744833,308,230
49052833,256,230
49308833,260,230
49568833,243,230
49811833,353,230
50164833,459,230
50623833,408,230
51031833,510,230
51541833,342,230
51883833,288,230
52171833,268,230
52439833,281,230
52720833,266,230
52986833,242,230
53228833,280,230
53508833,390,230
53898833,414,230
54312833,259,230
54571833,240,230
54811833,236,230
55047833,233,230
55280833,232,230
55512833,232,230
55744833,231,230
55975833,231,230
56206833,231,230
56437833,231,230
56668833,230,230
56898833,232,230
57130833,231,230
57361833,234,230
57595833,233,230
57828833,232,230
58060833,243,230
58303833,251,230
58554833,238,230
58792833,234,230
59026833,232,230
59258833,236,230
59494833,232,230
59726833,231,230
59957833,230,230
