timestamp,unAck0,unAck1
611833,5672,5672
611833,5672,5672
829833,7090,5672
1052833,8508,1418
1278833,8508,1418
1507833,11344,1418
1736833,17016,1418
1983833,14180,1418
2280833,9926,1418
2533833,9926,1418
2772833,11344,1418
3005833,9926,1418
3246833,9926,1418
3480833,11344,1418
3712833,11344,1418
3943833,15598,1418
4173833,19852,1418
4447833,17016,1418
4761833,12762,1418
5055833,7090,1418
5305833,11344,1418
5544833,8508,1418
5792833,18434,1418
6029833,32614,1418
6340833,32614,1418
6754833,19852,1418
7290833,19852,1418
7650833,11344,1418
7987833,9926,1418
8242833,7090,1418
8482833,7090,1418
8717833,8508,1418
8949833,14180,1418
9180833,11344,1418
9443833,9926,1418
9685833,5672,1418
9920833,7090,1418
10153833,8508,1418
10384833,8508,1418
10616833,5672,1418
10847833,5672,1418
11077833,5672,1418
11307833,9926,1418
11537833,19852,1418
11776833,24106,1418
12107833,21270,1418
12489833,14180,1418
12838833,14180,1418
13090833,15598,1418
13332833,18434,1418
13588833,18434,1418
13880833,17016,1418
14186833,19852,1418
14477833,17016,1418
14819833,19852,1418
15124833,26942,1418
15452833,17016,1418
15873833,12762,1418
16179833,8508,1418
16429833,5672,1418
16668833,4254,1418
16903833,7090,1418
17136833,14180,1418
17369833,9926,1418
17649833,14180,0
17898833,14180,1418
18141833,14180,1418
18380833,15598,1418
18618833,14180,1418
18872833,9926,1418
19115833,11344,1418
19350833,9926,1418
19582833,8508,1418
19813833,5672,1418
20044833,7090,1418
20275833,9926,1418
20506833,11344,1418
20743833,11344,1418
20980833,12762,1418
21212833,12762,1418
21449833,17016,1418
21681833,24106,1418
21955833,14180,1418
22308833,21270,1418
22617833,11344,1418
22965833,15598,1418
23250833,9926,1418
23518833,15598,1418
23762833,17016,0
24031833,11344,1418
24312833,9926,1418
24560833,7090,1418
24797833,8508,1418
25030833,8508,1418
25262833,7090,1418
25493833,4254,1418
25724833,4254,1418
25954833,5672,1418
26184833,7090,1418
26415833,5672,1418
26649833,7090,1418
26881833,5672,1418
27113833,5672,1418
27345833,8508,1418
27576833,11344,1418
27812833,14180,1418
28062833,15598,1418
28324833,15598,1418
28603833,11344,1418
28868833,18434,1418
29113833,26942,1418
29421833,14180,1418
29821833,17016,1418
30133833,14180,1418
30411833,15598,1418
30661833,15598,1418
30919833,22688,1418
31179833,9926,1418
31517833,14180,1418
31822833,7090,1418
32085833,8508,1418
32330833,11344,1418
32566833,18434,1418
32805833,12762,1418
33112833,12762,1418
33367833,8508,1418
33605833,11344,1418
33838833,11344,1418
34070833,12762,1418
34301833,14180,1418
34533833,12762,1418
34778833,12762,1418
35013833,14180,0
35245833,8508,1418
35481833,15598,1418
35714833,9926,1418
35977833,14180,1418
36222833,14180,1418
36468833,14180,1418
36707833,18434,1418
36945833,25524,1418
37232833,14180,1418
37607833,15598,1418
37906833,14180,1418
38168833,21270,1418
38413833,19852,1418
38732833,8508,1418
39066833,17016,1418
39350833,8508,1418
39639833,24106,1418
39897833,12762,1418
40273833,19852,1418
40596833,17016,1418
40929833,15598,1418
41219833,9926,1418
41487833,9926,1418
41732833,12762,1418
41967833,8508,1418
42223833,11344,1418
42464833,12762,1418
42700833,22688,1418
42933833,45376,1418
43262833,29778,1418
43697833,15598,1418
44419833,24106,1418
44818833,14180,1418
45222833,17016,1418
45504833,18434,1418
45788833,21270,1418
46091833,15598,1418
46435833,17016,1418
46721833,15598,1418
47006833,15598,1418
47272833,21270,1418
47534833,18434,1418
47861833,12762,1418
48179833,18434,1418
48441833,18434,1418
48744833,12762,1418
49052833,15598,1418
49308833,9926,1418
49568833,24106,1418
49811833,31196,1418
50164833,21270,1418
50623833,31196,1418
51031833,22688,1418
51541833,17016,1418
51883833,15598,1418
52171833,17016,1418
52439833,15598,1418
52720833,12762,1418
52986833,17016,1418
53228833,29778,1418
53508833,22688,1418
53898833,11344,1418
54312833,11344,1418
54571833,5672,1418
54811833,5672,1418
55047833,4254,1418
55280833,2836,1418
55512833,2836,1418
55744833,2836,1418
55975833,2836,1418
56206833,2836,1418
56437833,4254,1418
56668833,5672,1418
56898833,5672,1418
57130833,7090,1418
57361833,4254,1418
57595833,2836,1418
57828833,7090,1418
58060833,9926,1418
58303833,9926,1418
58554833,5672,1418
58792833,7090,1418
59026833,9926,1418
59258833,9926,1418
59494833,8508,1418
59726833,5672,1418
59957833,7090,1418
