timestamp,lastAckedSeq,highTxMark,availableTxBuffer,nextTxSeq,totalCwnd,unAckMeta
611833,5673,17017,1158,17017,11344,11344
611833,5673,17017,1158,17017,8947,11344
829833,11345,24107,1158,24107,8947,12762
1052833,24107,34033,1158,34033,10579,9926
1278833,34033,43959,1158,43959,11295,9926
1507833,43959,56721,1158,56721,13279,12762
1736833,56721,75155,1158,75155,19248,18434
1983833,73737,89335,1158,89335,15893,15598
2280833,90753,102097,2576,102097,13518,11344
2533833,102097,113441,1158,113441,11722,11344
2772833,114859,127621,1158,127621,12964,12762
3005833,127621,138965,1158,138965,11644,11344
3246833,138965,150309,1158,150309,11489,11344
3480833,150309,163071,1158,163071,13458,12762
3712833,163071,175833,1158,175833,13233,12762
3943833,175833,192849,1158,192849,18172,17016
4173833,191431,212701,1158,212701,22433,21270
4447833,209865,228299,1158,228299,19889,18434
4761833,229717,243897,1158,243897,15473,14180
5055833,243897,252405,1158,252405,9213,8508
5305833,253823,266585,1158,266585,13574,12762
5544833,266585,276511,1158,276511,10178,9926
5792833,277929,297781,1158,297781,20522,19852
6029833,293527,327559,1158,327559,34500,34032
6340833,311961,347411,1158,347411,34219,35450
6754833,340321,363009,2576,363009,23910,22688
7290833,375771,397041,1158,397041,21727,21270
7650833,398459,411221,1158,411221,13099,12762
7987833,415475,426819,1158,426819,12752,11344
8242833,428237,436745,1158,436745,9865,8508
8482833,436745,445253,1158,445253,8830,8508
8717833,446671,456597,1158,456597,10997,9926
8949833,456597,472195,1158,472195,16173,15598
9180833,470777,483539,1158,483539,13563,12762
9443833,483539,494883,1158,494883,12046,11344
9685833,494883,501973,1158,501973,8266,7090
9920833,503391,511899,1158,511899,9745,8508
10153833,511899,521825,1158,521825,11040,9926
10384833,521825,531751,1158,531751,10334,9926
10616833,531751,538841,1158,538841,7509,7090
10847833,538841,545931,1158,545931,7402,7090
11077833,545931,553021,1158,553021,7860,7090
11307833,553021,564365,1158,564365,12047,11344
11537833,564365,585635,1158,585635,22121,21270
11776833,578545,605487,1158,605487,26810,26942
12107833,598397,622503,1158,622503,23379,24106
12489833,625339,640937,1158,640937,16811,15598
12838833,648027,663625,1158,663625,16001,15598
13090833,665043,682059,1158,682059,17596,17016
13332833,680641,700493,1158,700493,21343,19852
13588833,696239,716091,1158,716091,19946,19852
13880833,716091,735943,1158,735943,19623,19852
14186833,737361,758631,2576,758631,23525,21270
14477833,755795,774229,1158,774229,19911,18434
14819833,777065,798335,1158,798335,21971,21270
15124833,796917,826695,1158,826695,29285,29778
15452833,818187,838039,2576,838039,21238,19852
15873833,845129,859309,1158,859309,14387,14180
16179833,860727,870653,1158,870653,10716,9926
16429833,870653,877743,1158,877743,7838,7090
16668833,877743,883415,1158,883415,7015,5672
16903833,884833,893341,1158,893341,9780,8508
17136833,893341,908939,1158,908939,15860,15598
17369833,907521,918865,1158,918865,12734,11344
17649833,921701,937299,1158,937299,15812,15598
17898833,940135,955733,1158,955733,15799,15598
18141833,955733,971331,1158,971331,16547,15598
18380833,971331,988347,1158,988347,17656,17016
18618833,985511,1002527,1158,1002527,16041,17016
18872833,1002527,1013871,1158,1013871,12461,11344
19115833,1015289,1028051,1158,1028051,13428,12762
19350833,1028051,1039395,1158,1039395,12435,11344
19582833,1039395,1049321,1158,1049321,10686,9926
19813833,1049321,1056411,1158,1056411,7502,7090
20044833,1056411,1064919,1158,1064919,9134,8508
20275833,1064919,1076263,1158,1076263,11995,11344
20506833,1076263,1089025,1158,1089025,13234,12762
20743833,1089025,1101787,1158,1101787,12974,12762
20980833,1101787,1115967,1158,1115967,14731,14180
21212833,1115967,1130147,1158,1130147,15261,14180
21449833,1131565,1149999,1158,1149999,19527,18434
21681833,1144327,1171269,1158,1171269,26512,26942
21955833,1162761,1179777,1158,1179777,16721,17016
22308833,1186867,1209555,1158,1209555,22842,22688
22617833,1206719,1220899,1158,1220899,13764,14180
22965833,1226571,1243587,1158,1243587,17623,17016
23250833,1243587,1254931,1158,1254931,12567,11344
23518833,1257767,1274783,1158,1274783,17524,17016
23762833,1273365,1291799,1158,1291799,18534,18434
24031833,1293217,1305979,3994,1305979,15285,12762
24312833,1305979,1317323,1158,1317323,11767,11344
24560833,1317323,1325831,1158,1325831,8601,8508
24797833,1327249,1337175,1158,1337175,10338,9926
25030833,1337175,1347101,1158,1347101,10652,9926
25262833,1347101,1355609,1158,1355609,9308,8508
25493833,1355609,1361281,1158,1361281,6882,5672
25724833,1361281,1366953,1158,1366953,6103,5672
25954833,1366953,1374043,1158,1374043,8478,7090
26184833,1374043,1382551,1158,1382551,9954,8508
26415833,1382551,1389641,1158,1389641,8058,7090
26649833,1389641,1398149,1158,1398149,9053,8508
26881833,1398149,1405239,1158,1405239,7831,7090
27113833,1405239,1412329,1158,1412329,7394,7090
27345833,1412329,1422255,1158,1422255,10181,9926
27576833,1422255,1435017,1158,1435017,13336,12762
27812833,1435017,1450615,1158,1450615,16376,15598
28062833,1452033,1469049,2576,1469049,19597,17016
28324833,1469049,1486065,1158,1486065,17560,17016
28603833,1486065,1498827,1158,1498827,13934,12762
28868833,1501663,1521515,2576,1521515,22436,19852
29113833,1517261,1545621,1158,1545621,28922,28360
29421833,1537113,1554129,1158,1554129,17071,17016
29821833,1562637,1581071,1158,1581071,18561,18434
30133833,1585325,1600923,1158,1600923,16164,15598
30411833,1602341,1619357,1158,1619357,17313,17016
30661833,1619357,1636373,1158,1636373,18374,17016
30919833,1634955,1659061,1158,1659061,24209,24106
31179833,1650553,1663315,1158,1663315,12574,12762
31517833,1670405,1686003,1158,1686003,15686,15598
31822833,1687421,1695929,1158,1695929,8833,8508
32085833,1697347,1707273,1158,1707273,10856,9926
32330833,1708691,1721453,1158,1721453,13035,12762
32566833,1721453,1741305,1158,1741305,20022,19852
32805833,1735633,1751231,1158,1751231,14888,15598
33112833,1755485,1769665,1158,1769665,14884,14180
33367833,1769665,1779591,1158,1779591,11222,9926
33605833,1781009,1793771,1158,1793771,13138,12762
33838833,1793771,1806533,1158,1806533,13462,12762
34070833,1806533,1820713,1158,1820713,14852,14180
34301833,1820713,1836311,1158,1836311,16445,15598
34533833,1836311,1850491,1158,1850491,15528,14180
34778833,1850491,1864671,1158,1864671,14697,14180
35013833,1864671,1880269,1158,1880269,16080,15598
35245833,1880269,1890195,1158,1890195,11189,9926
35481833,1890195,1907211,1158,1907211,17327,17016
35714833,1905793,1917137,1158,1917137,12587,11344
35977833,1918555,1935571,1158,1935571,16355,17016
36222833,1935571,1951169,1158,1951169,16255,15598
36468833,1952587,1968185,1158,1968185,16587,15598
36707833,1968185,1988037,1158,1988037,21009,19852
36945833,1982365,2010725,1158,2010725,28068,28360
37232833,2000799,2017815,1158,2017815,16022,17016
37607833,2024905,2041921,1158,2041921,17267,17016
37906833,2046175,2061773,1158,2061773,15738,15598
38168833,2063191,2085879,1158,2085879,22891,22688
38413833,2077371,2100059,1158,2100059,22225,22688
38732833,2100059,2109985,1158,2109985,10752,9926
39066833,2115657,2135509,1158,2135509,19900,19852
39350833,2135509,2145435,1158,2145435,11364,9926
39639833,2148271,2173795,1158,2173795,26064,25524
39897833,2163869,2179467,1158,2179467,14640,15598
40273833,2187975,2210663,1158,2210663,22128,22688
40596833,2210663,2229097,1158,2229097,19413,18434
40929833,2230515,2247531,1158,2247531,18213,17016
41219833,2248949,2260293,1158,2260293,12176,11344
41487833,2260293,2271637,1158,2271637,12783,11344
41732833,2273055,2287235,1158,2287235,14679,14180
41967833,2287235,2297161,1158,2297161,10652,9926
42223833,2298579,2311341,1158,2311341,14221,12762
42464833,2312759,2326939,1158,2326939,14480,14180
42700833,2326939,2351045,1158,2351045,25412,24106
42933833,2341119,2389331,1158,2389331,47624,48212
43262833,2360971,2393585,1158,2393585,31459,32614
43697833,2390749,2409183,3994,2409183,18803,18434
44419833,2438961,2464485,1158,2464485,26060,25524
44818833,2465903,2481501,2576,2481501,15745,15598
45222833,2490009,2509861,1158,2509861,19149,19852
45504833,2509861,2529713,1158,2529713,20861,19852
45788833,2528295,2550983,1158,2550983,23100,22688
46091833,2548147,2565163,1158,2565163,17543,17016
46435833,2569417,2589269,1158,2589269,18527,19852
46721833,2589269,2606285,1158,2606285,18409,17016
47006833,2607703,2624719,1158,2624719,18172,17016
47272833,2624719,2647407,1158,2647407,23901,22688
47534833,2641735,2661587,1158,2661587,20402,19852
47861833,2663005,2677185,1158,2677185,15273,14180
48179833,2682857,2702709,1158,2702709,20159,19852
48441833,2699873,2719725,1158,2719725,20971,19852
48744833,2719725,2733905,1158,2733905,14693,14180
49052833,2739577,2756593,1158,2756593,18347,17016
49308833,2756593,2767937,1158,2767937,12805,11344
49568833,2769355,2794879,1158,2794879,26500,25524
49811833,2783535,2817567,1158,2817567,34109,34032
50164833,2806223,2830329,1158,2830329,23628,24106
50623833,2836001,2870033,1158,2870033,32793,34032
51031833,2862943,2888467,1158,2888467,25028,25524
51541833,2898393,2916827,1158,2916827,18898,18434
51883833,2919663,2938097,1158,2938097,18214,18434
52171833,2939515,2957949,1158,2957949,19923,18434
52439833,2956531,2973547,1158,2973547,18128,17016
52720833,2973547,2987727,1158,2987727,15635,14180
52986833,2990563,3008997,1158,3008997,19897,18434
53228833,3006161,3037357,1158,3037357,31686,31196
53508833,3023177,3048701,1158,3048701,24303,25524
53898833,3050119,3062881,1158,3062881,12908,12762
54312833,3072807,3085569,1158,3085569,13876,12762
54571833,3085569,3092659,1158,3092659,8140,7090
54811833,3092659,3099749,1158,3099749,7259,7090
55047833,3099749,3105421,1158,3105421,6021,5672
55280833,3105421,3109675,1158,3109675,5030,4254
55512833,3109675,3113929,1158,3113929,4351,4254
55744833,3113929,3118183,1158,3118183,4890,4254
55975833,3119601,3123855,2576,3123855,6392,4254
56206833,3125273,3129527,2576,3129527,6632,4254
56437833,3129527,3135199,1158,3135199,6434,5672
56668833,3136617,3143707,1158,3143707,7380,7090
56898833,3142289,3149379,1158,3149379,7874,7090
57130833,3150797,3159305,1158,3159305,9579,8508
57361833,3159305,3164977,1158,3164977,5980,5672
57595833,3164977,3169231,1158,3169231,5322,4254
57828833,3169231,3177739,1158,3177739,9706,8508
58060833,3177739,3189083,1158,3189083,11791,11344
58303833,3189083,3200427,1158,3200427,11973,11344
58554833,3200427,3207517,1158,3207517,7457,7090
58792833,3208935,3217443,1158,3217443,8853,8508
59026833,3217443,3228787,1158,3228787,11812,11344
59258833,3228787,3240131,1158,3240131,11859,11344
59494833,3240131,3250057,1158,3250057,11009,9926
59726833,3250057,3257147,1158,3257147,7595,7090
59957833,3257147,3265655,1158,3265655,9254,8508
