timestamp,cWnd0,cWnd1
611833,5672,5672
611833,20972,1500
829833,20972,1500
1052833,29472,1500
1361833,16177,1500
1771833,26040,1500
2123833,19471,1500
2540833,19107,1500
2864833,13205,1500
3176833,13259,1500
3423833,19053,1500
3658833,33602,1500
3952833,36878,1500
4358833,34879,1500
4927833,32271,1500
5503833,24519,1500
5989833,19458,1500
6367833,20072,1500
6691833,18982,1500
7022833,22229,1500
7335833,21151,1500
7683833,19851,1500
8016833,20127,1500
8330833,24230,1500
8659833,14847,1500
9048833,19193,1500
9346833,24828,1500
9653833,21037,1500
10031833,21213,1500
10377833,25008,1500
10712833,19916,1500
11104833,14915,1500
11425833,13509,1500
11675833,15513,1500
11912833,17744,1500
12155833,13302,1500
12427833,20985,1500
12675833,32405,1500
12987833,27671,1500
13412833,50445,1500
13877833,30573,1500
14593833,29431,1500
15125833,38695,1500
15609833,50313,1500
16239833,78003,1500
17047833,65041,1500
18276833,34557,1500
19077833,50692,1500
19750833,54701,1500
20580833,68802,1500
21483833,64879,1500
22623833,45857,1500
23594833,34336,1500
24232833,45047,1500
24816833,41471,1500
25547833,61025,1500
26243833,30767,1500
27251833,33621,1500
27807833,17968,1500
28322833,21789,1500
28667833,16262,1500
29022833,16139,1500
29295833,13782,1500
29559833,17741,1500
29800833,23571,1500
30073833,8712,1500
30416833,11705,1500
30717833,7312,1500
30974833,10899,1500
31218833,9515,1500
31454833,7008,1500
31687833,12220,1500
31918833,11499,1500
32160833,7555,1500
32394833,5192,1500
32626833,6393,1500
32857833,13094,1500
33088833,15633,1500
33343833,25977,1500
33611833,15180,1500
33973833,12359,1500
34272833,19344,1500
34532833,17700,1500
34840833,22554,1500
35131833,22246,1500
35474833,22091,1500
35828833,25867,1500
36184833,22298,1500
36600833,26212,1500
36974833,20690,1500
37396833,41259,1500
37763833,52895,1500
38367833,32616,1500
39173833,23658,1500
39608833,21065,1500
39982833,8740,1500
40321833,9842,1500
40584833,9291,1500
40827833,16206,1500
41063833,11888,1500
41342833,18855,1500
41592833,29397,1500
41889833,29277,1500
42289833,15835,1500
42757833,35337,1500
43120833,31098,1500
43661833,28031,1500
44164833,28103,1500
44619833,36002,1500
45071833,10472,1500
45648833,15769,1500
45966833,16243,1500
46237833,21105,1500
46501833,24457,1500
46816833,23125,1500
47196833,33453,1500
47578833,23915,1500
48094833,49513,1500
48535833,33733,1500
49277833,40285,1500
49918833,36264,1500
50584833,41108,1500
51196833,21972,1500
51861833,26062,1500
52284833,16240,1500
52712833,20577,1500
53026833,19835,1500
53355833,28920,1500
53669833,27570,1500
54103833,27464,1500
54557833,26337,1500
55009833,20575,1500
55427833,10713,1500
55758833,13303,1500
56028833,9256,1500
56280833,9178,1500
56520833,10930,1500
56754833,13018,1500
56985833,15654,1500
57231833,12867,1500
57498833,11475,1500
57741833,7486,1500
57976833,8742,1500
58208833,6332,1500
58439833,5711,1500
58670833,9862,1500
58900833,10779,1500
59134833,10747,1500
59370833,17391,1500
59602833,23008,1500
59902833,24180,1500
