timestamp,unAck0,unAck1
611833,5672,5672
611833,5672,5672
829833,19852,5672
1052833,28360,1418
1361833,15598,1418
1771833,25524,1418
2123833,18434,1418
2540833,18434,1418
2864833,12762,1418
3176833,12762,1418
3423833,18434,1418
3658833,32614,1418
3952833,36868,1418
4358833,34032,1418
4927833,31196,1418
5503833,24106,1418
5989833,18434,1418
6367833,19852,1418
6691833,18434,1418
7022833,21270,1418
7335833,19852,0
7683833,18434,1418
8016833,19852,1418
8330833,24106,1418
8659833,14180,1418
9048833,18434,1418
9346833,24106,1418
9653833,19852,1418
10031833,19852,1418
10377833,24106,1418
10712833,19852,1418
11104833,14180,1418
11425833,12762,1418
11675833,14180,1418
11912833,17016,1418
12155833,12762,1418
12427833,19852,1418
12675833,31196,1418
12987833,26942,1418
13412833,49630,1418
13877833,29778,1418
14593833,28360,1418
15125833,38286,1418
15609833,49630,1418
16239833,77990,1418
17047833,63810,1418
18276833,34032,1418
19077833,49630,1418
19750833,53884,1418
20580833,68064,1418
21483833,63810,1418
22623833,45376,1418
23594833,34032,1418
24232833,43958,1418
24816833,41122,1418
25547833,60974,1418
26243833,29778,1418
27251833,32614,1418
27807833,17016,1418
28322833,21270,0
28667833,15598,1418
29022833,15598,1418
29295833,12762,1418
29559833,17016,1418
29800833,22688,1418
30073833,8508,1418
30416833,11344,1418
30717833,7090,1418
30974833,9926,1418
31218833,8508,1418
31454833,5672,1418
31687833,11344,1418
31918833,11344,1418
32160833,7090,1418
32394833,4254,1418
32626833,5672,1418
32857833,12762,1418
33088833,14180,1418
33343833,25524,1418
33611833,14180,1418
33973833,11344,1418
34272833,18434,1418
34532833,17016,1418
34840833,21270,1418
35131833,21270,1418
35474833,21270,1418
35828833,25524,1418
36184833,21270,1418
36600833,25524,1418
36974833,19852,1418
37396833,39704,1418
37763833,52466,1418
38367833,32614,1418
39173833,22688,1418
39608833,19852,1418
39982833,8508,1418
40321833,7090,1418
40584833,8508,1418
40827833,15598,1418
41063833,11344,1418
41342833,18434,1418
41592833,28360,1418
41889833,28360,1418
42289833,15598,1418
42757833,34032,0
43120833,29778,1418
43661833,26942,1418
44164833,26942,1418
44619833,35450,1418
45071833,9926,1418
45648833,15598,1418
45966833,15598,1418
46237833,18434,1418
46501833,22688,1418
46816833,22688,1418
47196833,32614,1418
47578833,22688,1418
48094833,48212,1418
48535833,32614,1418
49277833,39704,1418
49918833,35450,1418
50584833,39704,1418
51196833,21270,1418
51861833,25524,1418
52284833,15598,1418
52712833,19852,1418
53026833,18434,1418
53355833,28360,1418
53669833,26942,1418
54103833,26942,1418
54557833,25524,1418
55009833,19852,1418
55427833,9926,1418
55758833,12762,1418
56028833,8508,1418
56280833,8508,1418
56520833,9926,1418
56754833,12762,1418
56985833,15598,1418
57231833,12762,1418
57498833,11344,1418
57741833,7090,1418
57976833,8508,1418
58208833,5672,1418
58439833,5672,1418
58670833,8508,1418
58900833,9926,1418
59134833,9926,1418
59370833,17016,1418
59602833,22688,1418
59902833,24106,1418
