timestamp,rtt0,rtt1
611833,218,184
611833,218,184
829833,223,184
1052833,309,219
1361833,410,221
1771833,352,223
2123833,417,224
2540833,324,225
2864833,312,226
3176833,247,227
3423833,235,227
3658833,294,227
3952833,406,228
4358833,569,228
4927833,576,229
5503833,486,229
5989833,378,229
6367833,324,229
6691833,331,229
7022833,313,229
7335833,348,230
7683833,333,230
8016833,314,230
8330833,329,230
8659833,389,230
9048833,298,230
9346833,307,230
9653833,378,230
10031833,346,230
10377833,335,230
10712833,392,230
11104833,321,230
11425833,250,230
11675833,237,230
11912833,243,230
12155833,272,230
12427833,248,230
12675833,312,230
12987833,425,230
13412833,465,230
13877833,716,230
14593833,532,230
15125833,484,230
15609833,630,230
16239833,808,230
17047833,1229,230
18276833,801,230
19077833,673,230
19750833,830,230
20580833,903,230
21483833,1140,230
22623833,971,230
23594833,638,230
24232833,584,230
24816833,731,230
25547833,696,230
26243833,1008,230
27251833,556,230
27807833,515,230
28322833,345,230
28667833,355,230
29022833,273,230
29295833,264,230
29559833,241,230
29800833,273,230
30073833,343,230
30416833,301,230
30717833,257,230
30974833,244,230
31218833,236,230
31454833,233,230
31687833,231,230
31918833,242,230
32160833,234,230
32394833,232,230
32626833,231,230
32857833,231,230
33088833,255,230
33343833,268,230
33611833,362,230
33973833,299,230
34272833,260,230
34532833,308,230
34840833,291,230
35131833,343,230
35474833,354,230
35828833,356,230
36184833,416,230
36600833,374,230
36974833,422,230
37396833,367,230
37763833,604,230
38367833,806,230
39173833,435,230
39608833,374,230
39982833,339,230
40321833,263,230
40584833,243,230
40827833,236,230
41063833,279,230
41342833,250,230
41592833,297,230
41889833,400,230
42289833,468,230
42757833,363,230
43120833,541,230
43661833,503,230
44164833,455,230
44619833,452,230
45071833,577,230
45648833,318,230
45966833,271,230
46237833,264,230
46501833,315,230
46816833,380,230
47196833,382,230
47578833,516,230
48094833,441,230
48535833,742,230
49277833,641,230
49918833,666,230
50584833,612,230
51196833,665,230
51861833,423,230
52284833,428,230
52712833,314,230
53026833,329,230
53355833,314,230
53669833,434,230
54103833,454,230
54557833,452,230
55009833,418,230
55427833,331,230
55758833,270,230
56028833,252,230
56280833,240,230
56520833,234,230
56754833,231,230
56985833,246,230
57231833,267,230
57498833,243,230
57741833,235,230
57976833,232,230
58208833,231,230
58439833,231,230
58670833,230,230
58900833,234,230
59134833,236,230
59370833,232,230
59602833,300,230
59902833,352,230
