timestamp,rWnd0,rWnd1
611833,1073725440,1073725440
611833,1073725440,1073725440
829833,1073725440,1073725440
1052833,1073725440,1073725440
1361833,1073725440,1073725440
1771833,1073725440,1073725440
2123833,1073725440,1073725440
2540833,1073725440,1073725440
2864833,1073725440,1073725440
3176833,1073725440,1073725440
3423833,1073725440,1073725440
3658833,1073725440,1073725440
3952833,1073725440,1073725440
4358833,1073725440,1073725440
4927833,1073725440,1073725440
5503833,1073725440,1073725440
5989833,1073725440,1073725440
6367833,1073725440,1073725440
6691833,1073725440,1073725440
7022833,1073725440,1073725440
7335833,1073725440,1073725440
7683833,1073725440,1073725440
8016833,1073725440,1073725440
8330833,1073725440,1073725440
8659833,1073725440,1073725440
9048833,1073725440,1073725440
9346833,1073725440,1073725440
9653833,1073725440,1073725440
10031833,1073725440,1073725440
10377833,1073725440,1073725440
10712833,1073725440,1073725440
11104833,1073725440,1073725440
11425833,1073725440,1073725440
11675833,1073725440,1073725440
11912833,1073725440,1073725440
12155833,1073725440,1073725440
12427833,1073725440,1073725440
12675833,1073725440,1073725440
12987833,1073725440,1073725440
13412833,1073725440,1073725440
13877833,1073725440,1073725440
14593833,1073725440,1073725440
15125833,1073725440,1073725440
15609833,1073725440,1073725440
16239833,1073725440,1073725440
17047833,1073725440,1073725440
18276833,1073725440,1073725440
19077833,1073725440,1073725440
19750833,1073725440,1073725440
20580833,1073725440,1073725440
21483833,1073725440,1073725440
22623833,1073725440,1073725440
23594833,1073725440,1073725440
24232833,1073725440,1073725440
24816833,1073725440,1073725440
25547833,1073725440,1073725440
26243833,1073725440,1073725440
27251833,1073725440,1073725440
27807833,1073725440,1073725440
28322833,1073725440,1073725440
28667833,1073725440,1073725440
29022833,1073725440,1073725440
29295833,1073725440,1073725440
29559833,1073725440,1073725440
29800833,1073725440,1073725440
30073833,1073725440,1073725440
30416833,1073725440,1073725440
30717833,1073725440,1073725440
30974833,1073725440,1073725440
31218833,1073725440,1073725440
31454833,1073725440,1073725440
31687833,1073725440,1073725440
31918833,1073725440,1073725440
32160833,1073725440,1073725440
32394833,1073725440,1073725440
32626833,1073725440,1073725440
32857833,1073725440,1073725440
33088833,1073725440,1073725440
33343833,1073725440,1073725440
33611833,1073725440,1073725440
33973833,1073725440,1073725440
34272833,1073725440,1073725440
34532833,1073725440,1073725440
34840833,1073725440,1073725440
35131833,1073725440,1073725440
35474833,1073725440,1073725440
35828833,1073725440,1073725440
36184833,1073725440,1073725440
36600833,1073725440,1073725440
36974833,1073725440,1073725440
37396833,1073725440,1073725440
37763833,1073725440,1073725440
38367833,1073725440,1073725440
39173833,1073725440,1073725440
39608833,1073725440,1073725440
39982833,1073725440,1073725440
40321833,1073725440,1073725440
40584833,1073725440,1073725440
40827833,1073725440,1073725440
41063833,1073725440,1073725440
41342833,1073725440,1073725440
41592833,1073725440,1073725440
41889833,1073725440,1073725440
42289833,1073725440,1073725440
42757833,1073725440,1073725440
43120833,1073725440,1073725440
43661833,1073725440,1073725440
44164833,1073725440,1073725440
44619833,1073725440,1073725440
45071833,1073725440,1073725440
45648833,1073725440,1073725440
45966833,1073725440,1073725440
46237833,1073725440,1073725440
46501833,1073725440,1073725440
46816833,1073725440,1073725440
47196833,1073725440,1073725440
47578833,1073725440,1073725440
48094833,1073725440,1073725440
48535833,1073725440,1073725440
49277833,1073725440,1073725440
49918833,1073725440,1073725440
50584833,1073725440,1073725440
51196833,1073725440,1073725440
51861833,1073725440,1073725440
52284833,1073725440,1073725440
52712833,1073725440,1073725440
53026833,1073725440,1073725440
53355833,1073725440,1073725440
53669833,1073725440,1073725440
54103833,1073725440,1073725440
54557833,1073725440,1073725440
55009833,1073725440,1073725440
55427833,1073725440,1073725440
55758833,1073725440,1073725440
56028833,1073725440,1073725440
56280833,1073725440,1073725440
56520833,1073725440,1073725440
56754833,1073725440,1073725440
56985833,1073725440,1073725440
57231833,1073725440,1073725440
57498833,1073725440,1073725440
57741833,1073725440,1073725440
57976833,1073725440,1073725440
58208833,1073725440,1073725440
58439833,1073725440,1073725440
58670833,1073725440,1073725440
58900833,1073725440,1073725440
59134833,1073725440,1073725440
59370833,1073725440,1073725440
59602833,1073725440,1073725440
59902833,1073725440,1073725440
