timestamp,availableTxBuffer0,availableTxBuffer1
611833,246472,246472
611833,246472,246472
829833,232292,246472
1052833,223784,250726
1361833,236546,250726
1771833,226620,250726
2123833,233710,250726
2540833,233710,250726
2864833,239382,250726
3176833,239382,250726
3423833,233710,250726
3658833,219530,250726
3952833,215276,250726
4358833,218112,250726
4927833,220948,250726
5503833,228038,250726
5989833,233710,250726
6367833,232292,250726
6691833,233710,250726
7022833,230874,250726
7335833,232292,252144
7683833,233710,250726
8016833,232292,250726
8330833,228038,250726
8659833,237964,250726
9048833,233710,250726
9346833,228038,250726
9653833,232292,250726
10031833,232292,250726
10377833,228038,250726
10712833,232292,250726
11104833,237964,250726
11425833,239382,250726
11675833,237964,250726
11912833,235128,250726
12155833,239382,250726
12427833,232292,250726
12675833,220948,250726
12987833,225202,250726
13412833,202514,250726
13877833,222366,250726
14593833,223784,250726
15125833,213858,250726
15609833,202514,250726
16239833,174154,250726
17047833,188334,250726
18276833,218112,250726
19077833,202514,250726
19750833,198260,250726
20580833,184080,250726
21483833,188334,250726
22623833,206768,250726
23594833,218112,250726
24232833,208186,250726
24816833,211022,250726
25547833,191170,250726
26243833,222366,250726
27251833,219530,250726
27807833,235128,250726
28322833,230874,252144
28667833,236546,250726
29022833,236546,250726
29295833,239382,250726
29559833,235128,250726
29800833,229456,250726
30073833,243636,250726
30416833,240800,250726
30717833,245054,250726
30974833,242218,250726
31218833,243636,250726
31454833,246472,250726
31687833,240800,250726
31918833,240800,250726
32160833,245054,250726
32394833,247890,250726
32626833,246472,250726
32857833,239382,250726
33088833,237964,250726
33343833,226620,250726
33611833,237964,250726
33973833,240800,250726
34272833,233710,250726
34532833,235128,250726
34840833,230874,250726
35131833,230874,250726
35474833,230874,250726
35828833,226620,250726
36184833,230874,250726
36600833,226620,250726
36974833,232292,250726
37396833,212440,250726
37763833,199678,250726
38367833,219530,250726
39173833,229456,250726
39608833,232292,250726
39982833,243636,250726
40321833,245054,250726
40584833,243636,250726
40827833,236546,250726
41063833,240800,250726
41342833,233710,250726
41592833,223784,250726
41889833,223784,250726
42289833,236546,250726
42757833,218112,252144
43120833,222366,250726
43661833,225202,250726
44164833,225202,250726
44619833,216694,250726
45071833,242218,250726
45648833,236546,250726
45966833,236546,250726
46237833,233710,250726
46501833,229456,250726
46816833,229456,250726
47196833,219530,250726
47578833,229456,250726
48094833,203932,250726
48535833,219530,250726
49277833,212440,250726
49918833,216694,250726
50584833,212440,250726
51196833,230874,250726
51861833,226620,250726
52284833,236546,250726
52712833,232292,250726
53026833,233710,250726
53355833,223784,250726
53669833,225202,250726
54103833,225202,250726
54557833,226620,250726
55009833,232292,250726
55427833,242218,250726
55758833,239382,250726
56028833,243636,250726
56280833,243636,250726
56520833,242218,250726
56754833,239382,250726
56985833,236546,250726
57231833,239382,250726
57498833,240800,250726
57741833,245054,250726
57976833,243636,250726
58208833,246472,250726
58439833,246472,250726
58670833,243636,250726
58900833,242218,250726
59134833,242218,250726
59370833,235128,250726
59602833,229456,250726
59902833,228038,250726
