timestamp,lastAckedSeq,highTxMark,availableTxBuffer,nextTxSeq,totalCwnd,unAckMeta
611833,5673,17017,1158,17017,11344,11344
611833,5673,17017,1158,17017,22472,11344
829833,11345,36869,1158,36869,22472,25524
1052833,29779,59557,1158,59557,30972,29778
1361833,48213,66647,1158,66647,17677,18434
1771833,75155,103515,1158,103515,27540,28360
2123833,99261,120531,1158,120531,20971,21270
2540833,127621,147473,1158,147473,20607,19852
2864833,148891,163071,1158,163071,14705,14180
3176833,167325,181505,1158,181505,14759,14180
3423833,181505,201357,1158,201357,20553,19852
3658833,197103,231135,1158,231135,35102,34032
3952833,215537,255241,1158,255241,38378,39704
4358833,241061,279347,1158,279347,36379,38286
4927833,277929,311961,1158,311961,33771,34032
5503833,317633,344575,1158,344575,26019,26942
5989833,350247,370099,1158,370099,20958,19852
6367833,374353,395623,1158,395623,21572,21270
6691833,394205,415475,1158,415475,20482,21270
7022833,416893,439581,1158,439581,23729,22688
7335833,436745,458015,1158,458015,22651,21270
7683833,460851,480703,1158,480703,21351,19852
8016833,482121,503391,1158,503391,21627,21270
8330833,501973,528915,1158,528915,25730,26942
8659833,523243,540259,1158,540259,16347,17016
9048833,548767,570037,1158,570037,20693,21270
9346833,570037,595561,1158,595561,26328,25524
9653833,587053,609741,1158,609741,22537,22688
10031833,612577,635265,1158,635265,22713,22688
10377833,636683,662207,1158,662207,26508,25524
10712833,657953,680641,1158,680641,21416,22688
11104833,683477,699075,1158,699075,16415,15598
11425833,704747,718927,1158,718927,15009,14180
11675833,720345,735943,1158,735943,17013,15598
11912833,735943,754377,1158,754377,19244,18434
12155833,751541,765721,1158,765721,14802,14180
12427833,767139,788409,1158,788409,22485,21270
12675833,784155,816769,1158,816769,33905,32614
12987833,802589,832367,1158,832367,29171,29778
13412833,830949,883415,1158,883415,51945,52466
13877833,857891,893341,1158,893341,32073,35450
14593833,907521,938717,1158,938717,30931,31196
15125833,941553,982675,1158,982675,40195,41122
15609833,974167,1026633,1158,1026633,51813,52466
16239833,1012453,1096115,1158,1096115,79503,83662
17047833,1063501,1134401,1158,1134401,66541,70900
18276833,1147163,1184031,1158,1184031,36057,36868
19077833,1198211,1253513,1158,1253513,52192,55302
19750833,1242169,1301725,1158,1301725,56201,59556
20580833,1296053,1369789,1158,1369789,70302,73736
21483833,1354191,1425091,1158,1425091,66379,70900
22623833,1430763,1481811,1158,1481811,47357,51048
23594833,1494573,1532859,1158,1532859,35836,38286
24232833,1537113,1583907,1158,1583907,46547,46794
24816833,1573981,1619357,1158,1619357,42971,45376
25547833,1622193,1687421,1158,1687421,62525,65228
26243833,1664733,1701601,1158,1701601,32267,36868
27251833,1734215,1769665,1158,1769665,35121,35450
27807833,1772501,1790935,1158,1790935,19468,18434
28322833,1805115,1827803,1158,1827803,23289,22688
28667833,1829221,1846237,1158,1846237,17762,17016
29022833,1851909,1868925,1158,1868925,17639,17016
29295833,1870343,1884523,1158,1884523,15282,14180
29559833,1885941,1904375,1158,1904375,19241,18434
29800833,1900121,1925645,1158,1925645,25071,25524
30073833,1918555,1929899,1158,1929899,10212,11344
30416833,1936989,1949751,1158,1949751,13205,12762
30717833,1951169,1959677,1158,1959677,8812,8508
30974833,1962513,1973857,1158,1973857,12399,11344
31218833,1973857,1983783,1158,1983783,11015,9926
31454833,1983783,1990873,1158,1990873,8508,7090
31687833,1990873,2003635,1158,2003635,13720,12762
31918833,2003635,2016397,1158,2016397,12999,12762
32160833,2016397,2024905,1158,2024905,9055,8508
32394833,2024905,2030577,1158,2030577,6692,5672
32626833,2031995,2039085,1158,2039085,7893,7090
32857833,2039085,2053265,1158,2053265,14594,14180
33088833,2053265,2068863,2576,2068863,17133,15598
33343833,2068863,2095805,1158,2095805,27477,26942
33611833,2084461,2101477,1158,2101477,16680,17016
33973833,2108567,2121329,1158,2121329,13859,12762
34272833,2125583,2145435,1158,2145435,20844,19852
34532833,2142599,2161033,1158,2161033,19200,18434
34840833,2161033,2183721,1158,2183721,24054,22688
35131833,2180885,2203573,1158,2203573,23746,22688
35474833,2202155,2226261,1158,2226261,23591,24106
35828833,2226261,2253203,1158,2253203,27367,26942
36184833,2248949,2273055,1158,2273055,23798,24106
36600833,2275891,2304251,1158,2304251,27712,28360
36974833,2299997,2322685,1158,2322685,22190,22688
37396833,2328357,2370897,2576,2370897,42759,42540
37763833,2351045,2406347,1158,2406347,54395,55302
38367833,2387913,2426199,1158,2426199,34116,38286
39173833,2444633,2468739,1158,2468739,25158,24106
39608833,2472993,2494263,1158,2494263,22565,21270
39982833,2495681,2505607,1158,2505607,10240,9926
40321833,2509861,2518369,2576,2518369,11342,8508
40584833,2521205,2531131,1158,2531131,10791,9926
40827833,2531131,2548147,1158,2548147,17706,17016
41063833,2546729,2559491,1158,2559491,13388,12762
41342833,2562327,2583597,1158,2583597,20355,21270
41592833,2579343,2610539,1158,2610539,30897,31196
41889833,2597777,2628973,1158,2628973,30777,31196
42289833,2624719,2643153,1158,2643153,17335,18434
42757833,2654497,2689947,1158,2689947,36837,35450
43120833,2678603,2711217,1158,2711217,32598,32614
43661833,2712635,2742413,1158,2742413,29531,29778
44164833,2745249,2775027,1158,2775027,29603,29778
44619833,2775027,2813313,1158,2813313,37502,38286
45071833,2804805,2817567,1158,2817567,11972,12762
45648833,2841673,2858689,1158,2858689,17269,17016
45966833,2861525,2878541,1158,2878541,17743,17016
46237833,2879959,2899811,2576,2899811,22605,19852
46501833,2896975,2921081,2576,2921081,25957,24106
46816833,2916827,2942351,1158,2942351,24625,25524
47196833,2942351,2976383,1158,2976383,34953,34032
47578833,2965039,2991981,1158,2991981,25415,26942
48094833,2999071,3050119,1158,3050119,51013,51048
48535833,3026013,3064299,1158,3064299,35233,38286
49277833,3075643,3119601,1158,3119601,41785,43958
49918833,3118183,3157887,1158,3157887,37764,39704
50584833,3162141,3204681,1158,3204681,42608,42540
51196833,3200427,3225951,1158,3225951,23472,25524
51861833,3245803,3274163,1158,3274163,27562,28360
52284833,3274163,3291179,1158,3291179,17740,17016
52712833,3302523,3323793,1158,3323793,22077,21270
53026833,3322375,3343645,1158,3343645,21335,21270
53355833,3345063,3374841,1158,3374841,30420,29778
53669833,3363497,3393275,1158,3393275,29070,29778
54103833,3391857,3421635,1158,3421635,28964,29778
54557833,3421635,3449995,1158,3449995,27837,28360
55009833,3451413,3474101,1158,3474101,22075,22688
55427833,3476937,3488281,1158,3488281,12213,11344
55758833,3493953,3508133,1158,3508133,14803,14180
56028833,3508133,3518059,1158,3518059,10756,9926
56280833,3518059,3527985,1158,3527985,10678,9926
56520833,3529403,3540747,1158,3540747,12430,11344
56754833,3540747,3554927,1158,3554927,14518,14180
56985833,3554927,3571943,1158,3571943,17154,17016
57231833,3570525,3584705,1158,3584705,14367,14180
57498833,3586123,3598885,1158,3598885,12975,12762
57741833,3598885,3607393,1158,3607393,8986,8508
57976833,3608811,3618737,1158,3618737,10242,9926
58208833,3618737,3625827,1158,3625827,7832,7090
58439833,3625827,3632917,1158,3632917,7211,7090
58670833,3632917,3642843,1158,3642843,11362,9926
58900833,3642843,3654187,1158,3654187,12279,11344
59134833,3654187,3665531,1158,3665531,12247,11344
59370833,3665531,3683965,1158,3683965,18891,18434
59602833,3679711,3705235,1158,3705235,24508,25524
59902833,3698145,3725087,1158,3725087,25680,26942
