timestamp,rWnd0,rWnd1
611833,1073725440,1073725440
611833,1073725440,1073725440
829833,1073725440,1073725440
1052833,1073725440,1073725440
1361833,1073725440,1073725440
1657833,1073725440,1073725440
1903833,1073725440,1073725440
2138833,1073725440,1073725440
2380833,1073725440,1073725440
2615833,1073725440,1073725440
2847833,1073725440,1073725440
3078833,1073725440,1073725440
3314833,1073725440,1073725440
3546833,1073725440,1073725440
3778833,1073725440,1073725440
4008833,1073725440,1073725440
4238833,1073725440,1073725440
4471833,1073725440,1073725440
4712833,1073725440,1073725440
4948833,1073725440,1073725440
5181833,1073725440,1073725440
5413833,1073725440,1073725440
5644833,1073725440,1073725440
5878833,1073725440,1073725440
6110833,1073725440,1073725440
6350833,1073725440,1073725440
6637833,1073725440,1073725440
6896833,1073725440,1073725440
7139833,1073725440,1073725440
7375833,1073725440,1073725440
7609833,1073725440,1073725440
7846833,1073725440,1073725440
8079833,1073725440,1073725440
8341833,1073725440,1073725440
8619833,1073725440,1073725440
8873833,1073725440,1073725440
9115833,1073725440,1073725440
9349833,1073725440,1073725440
9580833,1073725440,1073725440
9849833,1073725440,1073725440
10163833,1073725440,1073725440
10428833,1073725440,1073725440
10672833,1073725440,1073725440
10908833,1073725440,1073725440
11141833,1073725440,1073725440
11373833,1073725440,1073725440
11605833,1073725440,1073725440
11836833,1073725440,1073725440
12066833,1073725440,1073725440
12307833,1073725440,1073725440
12569833,1073725440,1073725440
12812833,1073725440,1073725440
13047833,1073725440,1073725440
13279833,1073725440,1073725440
13510833,1073725440,1073725440
13741833,1073725440,1073725440
13974833,1073725440,1073725440
14214833,1073725440,1073725440
14482833,1073725440,1073725440
14810833,1073725440,1073725440
15178833,1073725440,1073725440
15509833,1073725440,1073725440
15921833,1073725440,1073725440
16347833,1073725440,1073725440
16933833,1073725440,1073725440
17365833,1073725440,1073725440
17698833,1073725440,1073725440
17964833,1073725440,1073725440
18211833,1073725440,1073725440
18448833,1073725440,1073725440
18682833,1073725440,1073725440
18914833,1073725440,1073725440
19145833,1073725440,1073725440
19375833,1073725440,1073725440
19606833,1073725440,1073725440
19887833,1073725440,1073725440
20243833,1073725440,1073725440
20725833,1073725440,1073725440
21322833,1073725440,1073725440
21881833,1073725440,1073725440
22299833,1073725440,1073725440
22632833,1073725440,1073725440
22883833,1073725440,1073725440
23119833,1073725440,1073725440
23351833,1073725440,1073725440
23582833,1073725440,1073725440
23813833,1073725440,1073725440
24045833,1073725440,1073725440
24276833,1073725440,1073725440
24506833,1073725440,1073725440
24736833,1073725440,1073725440
24966833,1073725440,1073725440
25196833,1073725440,1073725440
25428833,1073725440,1073725440
25662833,1073725440,1073725440
25904833,1073725440,1073725440
26138833,1073725440,1073725440
26430833,1073725440,1073725440
26794833,1073725440,1073725440
27125833,1073725440,1073725440
27382833,1073725440,1073725440
27624833,1073725440,1073725440
27861833,1073725440,1073725440
28095833,1073725440,1073725440
28328833,1073725440,1073725440
28560833,1073725440,1073725440
28795833,1073725440,1073725440
29027833,1073725440,1073725440
29258833,1073725440,1073725440
29488833,1073725440,1073725440
29718833,1073725440,1073725440
29950833,1073725440,1073725440
30181833,1073725440,1073725440
30412833,1073725440,1073725440
30646833,1073725440,1073725440
30884833,1073725440,1073725440
31118833,1073725440,1073725440
31357833,1073725440,1073725440
31606833,1073725440,1073725440
31854833,1073725440,1073725440
32111833,1073725440,1073725440
32371833,1073725440,1073725440
32667833,1073725440,1073725440
33007833,1073725440,1073725440
33284833,1073725440,1073725440
33548833,1073725440,1073725440
33792833,1073725440,1073725440
34067833,1073725440,1073725440
34316833,1073725440,1073725440
34554833,1073725440,1073725440
34787833,1073725440,1073725440
35033833,1073725440,1073725440
35371833,1073725440,1073725440
35749833,1073725440,1073725440
36048833,1073725440,1073725440
36297833,1073725440,1073725440
36534833,1073725440,1073725440
36767833,1073725440,1073725440
37002833,1073725440,1073725440
37233833,1073725440,1073725440
37468833,1073725440,1073725440
37773833,1073725440,1073725440
38050833,1073725440,1073725440
38303833,1073725440,1073725440
38543833,1073725440,1073725440
38778833,1073725440,1073725440
39010833,1073725440,1073725440
39241833,1073725440,1073725440
39472833,1073725440,1073725440
39703833,1073725440,1073725440
39934833,1073725440,1073725440
40165833,1073725440,1073725440
40398833,1073725440,1073725440
40630833,1073725440,1073725440
40861833,1073725440,1073725440
41101833,1073725440,1073725440
41337833,1073725440,1073725440
41572833,1073725440,1073725440
41804833,1073725440,1073725440
42041833,1073725440,1073725440
42275833,1073725440,1073725440
42513833,1073725440,1073725440
42775833,1073725440,1073725440
43015833,1073725440,1073725440
43248833,1073725440,1073725440
43506833,1073725440,1073725440
43852833,1073725440,1073725440
44297833,1073725440,1073725440
44660833,1073725440,1073725440
45017833,1073725440,1073725440
45394833,1073725440,1073725440
45704833,1073725440,1073725440
45996833,1073725440,1073725440
46339833,1073725440,1073725440
46617833,1073725440,1073725440
46864833,1073725440,1073725440
47102833,1073725440,1073725440
47377833,1073725440,1073725440
47626833,1073725440,1073725440
47887833,1073725440,1073725440
48130833,1073725440,1073725440
48364833,1073725440,1073725440
48635833,1073725440,1073725440
48881833,1073725440,1073725440
49115833,1073725440,1073725440
49347833,1073725440,1073725440
49616833,1073725440,1073725440
49866833,1073725440,1073725440
50124833,1073725440,1073725440
50401833,1073725440,1073725440
50653833,1073725440,1073725440
50894833,1073725440,1073725440
51129833,1073725440,1073725440
51376833,1073725440,1073725440
51660833,1073725440,1073725440
51993833,1073725440,1073725440
52397833,1073725440,1073725440
52984833,1073725440,1073725440
53579833,1073725440,1073725440
54105833,1073725440,1073725440
54623833,1073725440,1073725440
55089833,1073725440,1073725440
55475833,1073725440,1073725440
55856833,1073725440,1073725440
56121833,1073725440,1073725440
56367833,1073725440,1073725440
56608833,1073725440,1073725440
56842833,1073725440,1073725440
57115833,1073725440,1073725440
57361833,1073725440,1073725440
57653833,1073725440,1073725440
58045833,1073725440,1073725440
58335833,1073725440,1073725440
58577833,1073725440,1073725440
58811833,1073725440,1073725440
59157833,1073725440,1073725440
59603833,1073725440,1073725440
59919833,1073725440,1073725440
