timestamp,rtt0,rtt1
611833,218,184
611833,218,184
829833,223,184
1052833,309,219
1361833,296,221
1657833,246,223
1903833,235,224
2138833,242,225
2380833,235,225
2615833,232,226
2847833,231,226
3078833,236,227
3314833,232,227
3546833,232,228
3778833,230,228
4008833,230,228
4238833,233,229
4471833,241,229
4712833,236,229
4948833,233,229
5181833,232,229
5413833,231,229
5644833,234,229
5878833,232,229
6110833,240,230
6350833,287,230
6637833,259,230
6896833,243,230
7139833,236,230
7375833,234,230
7609833,237,230
7846833,233,230
8079833,262,230
8341833,278,230
8619833,254,230
8873833,242,230
9115833,234,230
9349833,231,230
9580833,269,230
9849833,314,230
10163833,265,230
10428833,244,230
10672833,236,230
10908833,233,230
11141833,232,230
11373833,232,230
11605833,231,230
11836833,230,230
12066833,241,230
12307833,262,230
12569833,243,230
12812833,235,230
13047833,232,230
13279833,231,230
13510833,231,230
13741833,233,230
13974833,240,230
14214833,268,230
14482833,328,230
14810833,368,230
15178833,331,230
15509833,412,230
15921833,426,230
16347833,586,230
16933833,432,230
17365833,333,230
17698833,266,230
17964833,247,230
18211833,237,230
18448833,234,230
18682833,232,230
18914833,231,230
19145833,230,230
19375833,231,230
19606833,281,230
19887833,356,230
20243833,482,230
20725833,597,230
21322833,559,230
21881833,418,230
22299833,333,230
22632833,251,230
22883833,236,230
23119833,232,230
23351833,231,230
23582833,231,230
23813833,232,230
24045833,231,230
24276833,230,230
24506833,230,230
24736833,230,230
24966833,230,230
25196833,232,230
25428833,234,230
25662833,242,230
25904833,234,230
26138833,292,230
26430833,364,230
26794833,331,230
27125833,257,230
27382833,242,230
27624833,237,230
27861833,234,230
28095833,233,230
28328833,232,230
28560833,235,230
28795833,232,230
29027833,231,230
29258833,230,230
29488833,230,230
29718833,232,230
29950833,231,230
30181833,231,230
30412833,234,230
30646833,238,230
30884833,234,230
31118833,239,230
31357833,249,230
31606833,248,230
31854833,257,230
32111833,260,230
32371833,296,230
32667833,340,230
33007833,277,230
33284833,264,230
33548833,244,230
33792833,275,230
34067833,249,230
34316833,238,230
34554833,233,230
34787833,246,230
35033833,338,230
35371833,378,230
35749833,299,230
36048833,249,230
36297833,237,230
36534833,233,230
36767833,235,230
37002833,231,230
37233833,235,230
37468833,305,230
37773833,277,230
38050833,253,230
38303833,240,230
38543833,235,230
38778833,232,230
39010833,231,230
39241833,231,230
39472833,231,230
39703833,231,230
39934833,231,230
40165833,233,230
40398833,232,230
40630833,231,230
40861833,240,230
41101833,236,230
41337833,235,230
41572833,232,230
41804833,237,230
42041833,234,230
42275833,238,230
42513833,262,230
42775833,240,230
43015833,233,230
43248833,258,230
43506833,346,230
43852833,445,230
44297833,363,230
44660833,357,230
45017833,377,230
45394833,310,230
45704833,292,230
45996833,343,230
46339833,278,230
46617833,247,230
46864833,238,230
47102833,275,230
47377833,249,230
47626833,261,230
47887833,243,230
48130833,234,230
48364833,271,230
48635833,246,230
48881833,234,230
49115833,232,230
49347833,269,230
49616833,250,230
49866833,258,230
50124833,277,230
50401833,252,230
50653833,241,230
50894833,235,230
51129833,247,230
51376833,284,230
51660833,333,230
51993833,404,230
52397833,587,230
52984833,595,230
53579833,526,230
54105833,518,230
54623833,466,230
55089833,386,230
55475833,381,230
55856833,265,230
56121833,246,230
56367833,241,230
56608833,234,230
56842833,273,230
57115833,246,230
57361833,292,230
57653833,392,230
58045833,290,230
58335833,242,230
58577833,234,230
58811833,346,230
59157833,446,230
59603833,316,230
59919833,254,230
