timestamp,cWnd0,cWnd1
611833,5672,5672
611833,18970,1500
829833,18970,1500
1052833,17872,1500
1361833,12988,1500
1657833,13513,1500
1903833,15388,1500
2138833,11890,1500
2380833,12262,1500
2615833,9501,1500
2847833,12843,1500
3078833,12437,1500
3314833,13201,1500
3546833,9044,1500
3778833,5526,1500
4008833,8343,1500
4238833,10438,1500
4471833,7521,1500
4712833,6262,1500
4948833,7392,1500
5181833,7274,1500
5413833,9941,1500
5644833,7946,1500
5878833,12588,1500
6110833,17038,1500
6350833,10816,1500
6637833,13415,1500
6896833,7554,1500
7139833,10783,1500
7375833,13134,1500
7609833,12770,1500
7846833,16129,1500
8079833,18271,1500
8341833,9866,1500
8619833,13273,1500
8873833,13516,1500
9115833,13372,1500
9349833,18098,1500
9580833,20888,1500
9849833,10302,1500
10163833,10115,1500
10428833,8529,1500
10672833,7668,1500
10908833,8091,1500
11141833,11238,1500
11373833,10101,1500
11605833,9076,1500
11836833,12133,1500
12066833,15234,1500
12307833,10491,1500
12569833,8826,1500
12812833,10259,1500
13047833,7663,1500
13279833,7070,1500
13510833,9896,1500
13741833,11856,1500
13974833,15879,1500
14214833,22074,1500
14482833,23882,1500
14810833,18581,1500
15178833,25777,1500
15509833,25941,1500
15921833,36980,1500
16347833,29465,1500
16933833,20638,1500
17365833,8928,1500
17698833,11286,1500
17964833,8773,1500
18211833,11076,1500
18448833,9609,1500
18682833,10154,1500
18914833,10357,1500
19145833,12406,1500
19375833,17933,1500
19606833,24631,1500
19887833,33305,1500
20243833,37573,1500
20725833,34420,1500
21322833,27447,1500
21881833,22375,1500
22299833,13902,1500
22632833,12384,1500
22883833,11626,1500
23119833,11952,1500
23351833,6388,1500
23582833,8645,1500
23813833,9519,1500
24045833,8672,1500
24276833,6009,1500
24506833,6501,1500
24736833,7200,1500
24966833,8870,1500
25196833,10637,1500
25428833,13334,1500
25662833,13813,1500
25904833,18458,1500
26138833,25080,1500
26430833,18472,1500
26794833,12274,1500
27125833,9639,1500
27382833,5344,1500
27624833,6911,1500
27861833,8103,1500
28095833,6774,1500
28328833,8990,1500
28560833,8399,1500
28795833,7450,1500
29027833,9646,1500
29258833,5583,1500
29488833,7016,1500
29718833,6903,1500
29950833,6104,1500
30181833,7424,1500
30412833,8752,1500
30646833,7035,1500
30884833,10983,1500
31118833,14158,1500
31357833,14529,1500
31606833,16003,1500
31854833,16348,1500
32111833,19346,1500
32371833,21377,1500
32667833,14082,1500
33007833,16257,1500
33284833,12189,1500
33548833,18252,1500
33792833,15362,1500
34067833,9146,1500
34316833,10345,1500
34554833,15218,1500
34787833,24673,1500
35033833,24080,1500
35371833,17229,1500
35749833,11250,1500
36048833,10005,1500
36297833,10817,1500
36534833,12224,1500
36767833,12730,1500
37002833,13373,1500
37233833,20112,1500
37468833,12473,1500
37773833,15524,1500
38050833,8174,1500
38303833,9348,1500
38543833,9423,1500
38778833,4407,1500
39010833,2588,1500
39241833,2998,1500
39472833,3038,1500
39703833,3246,1500
39934833,5045,1500
40165833,5344,1500
40398833,5460,1500
40630833,7380,1500
40861833,6913,1500
41101833,7289,1500
41337833,7988,1500
41572833,8650,1500
41804833,7840,1500
42041833,10637,1500
42275833,15105,1500
42513833,12788,1500
42775833,13891,1500
43015833,15897,1500
43248833,26893,1500
43506833,29233,1500
43852833,19857,1500
44297833,21523,1500
44660833,23886,1500
45017833,18778,1500
45394833,18015,1500
45704833,21836,1500
45996833,10296,1500
46339833,11758,1500
46617833,8273,1500
46864833,15379,1500
47102833,9980,1500
47377833,15729,1500
47626833,11529,1500
47887833,13331,1500
48130833,17499,1500
48364833,12895,1500
48635833,13304,1500
48881833,13349,1500
49115833,17140,1500
49347833,15342,1500
49616833,15984,1500
49866833,17163,1500
50124833,11838,1500
50401833,6893,1500
50653833,8315,1500
50894833,13420,1500
51129833,17999,1500
51376833,22430,1500
51660833,25812,1500
51993833,47886,1500
52397833,31823,1500
52984833,32216,1500
53579833,31965,1500
54105833,28374,1500
54623833,23765,1500
55089833,23316,1500
55475833,14241,1500
55856833,9670,1500
56121833,10609,1500
56367833,10045,1500
56608833,15603,1500
56842833,14156,1500
57115833,19746,1500
57361833,27198,1500
57653833,14259,1500
58045833,12771,1500
58335833,12907,1500
58577833,27581,1500
58811833,28495,1500
59157833,20897,1500
59603833,13088,1500
59919833,15262,1500
