timestamp,unAck0,unAck1
611833,5672,5672
611833,5672,5672
829833,18434,5672
1052833,17016,1418
1361833,11344,1418
1657833,12762,1418
1903833,14180,1418
2138833,11344,1418
2380833,11344,1418
2615833,8508,1418
2847833,12762,1418
3078833,11344,1418
3314833,12762,1418
3546833,8508,1418
3778833,4254,1418
4008833,7090,1418
4238833,9926,1418
4471833,7090,1418
4712833,5672,1418
4948833,7090,1418
5181833,7090,1418
5413833,9926,1418
5644833,7090,1418
5878833,11344,1418
6110833,17016,1418
6350833,9926,1418
6637833,12762,1418
6896833,7090,1418
7139833,9926,1418
7375833,12762,1418
7609833,12762,1418
7846833,14180,1418
8079833,17016,1418
8341833,8508,1418
8619833,12762,1418
8873833,12762,1418
9115833,12762,1418
9349833,15598,1418
9580833,19852,1418
9849833,8508,1418
10163833,9926,1418
10428833,8508,1418
10672833,7090,1418
10908833,7090,1418
11141833,9926,1418
11373833,9926,1418
11605833,8508,1418
11836833,11344,1418
12066833,14180,1418
12307833,9926,1418
12569833,8508,1418
12812833,9926,1418
13047833,7090,1418
13279833,5672,1418
13510833,8508,1418
13741833,11344,1418
13974833,15598,1418
14214833,21270,1418
14482833,22688,1418
14810833,18434,1418
15178833,25524,1418
15509833,24106,1418
15921833,36868,1418
16347833,28360,1418
16933833,19852,1418
17365833,8508,1418
17698833,9926,1418
17964833,8508,1418
18211833,9926,1418
18448833,8508,1418
18682833,8508,0
18914833,8508,0
19145833,9926,0
19375833,17016,1418
19606833,24106,1418
19887833,32614,1418
20243833,36868,1418
20725833,34032,1418
21322833,26942,1418
21881833,21270,1418
22299833,12762,1418
22632833,11344,1418
22883833,11344,1418
23119833,11344,1418
23351833,5672,1418
23582833,8508,1418
23813833,8508,1418
24045833,8508,1418
24276833,5672,1418
24506833,5672,1418
24736833,7090,1418
24966833,8508,1418
25196833,9926,1418
25428833,12762,1418
25662833,12762,1418
25904833,18434,1418
26138833,22688,1418
26430833,18434,1418
26794833,11344,1418
27125833,8508,1418
27382833,4254,1418
27624833,5672,1418
27861833,7090,1418
28095833,5672,1418
28328833,8508,1418
28560833,7090,1418
28795833,7090,1418
29027833,8508,1418
29258833,2836,1418
29488833,5672,1418
29718833,5672,1418
29950833,5672,1418
30181833,7090,1418
30412833,8508,1418
30646833,5672,1418
30884833,9926,1418
31118833,12762,1418
31357833,14180,1418
31606833,15598,1418
31854833,15598,1418
32111833,18434,1418
32371833,21270,1418
32667833,12762,1418
33007833,15598,1418
33284833,11344,1418
33548833,15598,1418
33792833,14180,1418
34067833,8508,1418
34316833,9926,1418
34554833,14180,1418
34787833,24106,1418
35033833,22688,1418
35371833,17016,1418
35749833,9926,1418
36048833,9926,1418
36297833,9926,1418
36534833,11344,1418
36767833,11344,1418
37002833,12762,1418
37233833,19852,1418
37468833,11344,1418
37773833,14180,1418
38050833,7090,1418
38303833,8508,1418
38543833,8508,1418
38778833,4254,1418
39010833,1418,1418
39241833,1418,1418
39472833,1418,1418
39703833,1418,1418
39934833,2836,1418
40165833,4254,1418
40398833,4254,1418
40630833,7090,1418
40861833,5672,1418
41101833,7090,1418
41337833,7090,1418
41572833,8508,1418
41804833,7090,1418
42041833,9926,1418
42275833,14180,1418
42513833,12762,1418
42775833,12762,1418
43015833,15598,0
43248833,25524,1418
43506833,28360,1418
43852833,19852,1418
44297833,21270,1418
44660833,22688,1418
45017833,18434,1418
45394833,15598,0
45704833,19852,1418
45996833,9926,1418
46339833,11344,1418
46617833,7090,1418
46864833,14180,1418
47102833,9926,1418
47377833,15598,1418
47626833,11344,1418
47887833,12762,1418
48130833,17016,1418
48364833,12762,1418
48635833,12762,1418
48881833,12762,1418
49115833,17016,1418
49347833,14180,1418
49616833,15598,1418
49866833,17016,1418
50124833,11344,1418
50401833,5672,1418
50653833,7090,1418
50894833,12762,1418
51129833,17016,1418
51376833,21270,1418
51660833,25524,1418
51993833,46794,1418
52397833,31196,1418
52984833,31196,1418
53579833,29778,1418
54105833,28360,1418
54623833,22688,1418
55089833,22688,1418
55475833,14180,1418
55856833,8508,1418
56121833,9926,1418
56367833,9926,1418
56608833,15598,1418
56842833,12762,1418
57115833,18434,1418
57361833,26942,1418
57653833,12762,1418
58045833,12762,1418
58335833,12762,1418
58577833,26942,1418
58811833,28360,1418
59157833,19852,1418
59603833,12762,1418
59919833,14180,1418
