timestamp,availableTxBuffer0,availableTxBuffer1
611833,246472,246472
611833,246472,246472
829833,233710,246472
1052833,235128,250726
1361833,240800,250726
1657833,239382,250726
1903833,237964,250726
2138833,240800,250726
2380833,240800,250726
2615833,243636,250726
2847833,239382,250726
3078833,240800,250726
3314833,239382,250726
3546833,243636,250726
3778833,247890,250726
4008833,245054,250726
4238833,242218,250726
4471833,245054,250726
4712833,246472,250726
4948833,245054,250726
5181833,245054,250726
5413833,242218,250726
5644833,245054,250726
5878833,240800,250726
6110833,235128,250726
6350833,242218,250726
6637833,239382,250726
6896833,245054,250726
7139833,242218,250726
7375833,239382,250726
7609833,239382,250726
7846833,237964,250726
8079833,235128,250726
8341833,243636,250726
8619833,239382,250726
8873833,239382,250726
9115833,239382,250726
9349833,236546,250726
9580833,232292,250726
9849833,243636,250726
10163833,242218,250726
10428833,243636,250726
10672833,245054,250726
10908833,245054,250726
11141833,242218,250726
11373833,242218,250726
11605833,243636,250726
11836833,240800,250726
12066833,237964,250726
12307833,242218,250726
12569833,243636,250726
12812833,242218,250726
13047833,245054,250726
13279833,246472,250726
13510833,243636,250726
13741833,240800,250726
13974833,236546,250726
14214833,230874,250726
14482833,229456,250726
14810833,233710,250726
15178833,226620,250726
15509833,228038,250726
15921833,215276,250726
16347833,223784,250726
16933833,232292,250726
17365833,243636,250726
17698833,242218,250726
17964833,243636,250726
18211833,242218,250726
18448833,243636,250726
18682833,243636,252144
18914833,243636,252144
19145833,242218,252144
19375833,235128,250726
19606833,228038,250726
19887833,219530,250726
20243833,215276,250726
20725833,218112,250726
21322833,225202,250726
21881833,230874,250726
22299833,239382,250726
22632833,240800,250726
22883833,240800,250726
23119833,240800,250726
23351833,246472,250726
23582833,243636,250726
23813833,243636,250726
24045833,243636,250726
24276833,246472,250726
24506833,246472,250726
24736833,245054,250726
24966833,243636,250726
25196833,242218,250726
25428833,239382,250726
25662833,239382,250726
25904833,233710,250726
26138833,229456,250726
26430833,233710,250726
26794833,240800,250726
27125833,243636,250726
27382833,247890,250726
27624833,246472,250726
27861833,245054,250726
28095833,246472,250726
28328833,243636,250726
28560833,245054,250726
28795833,245054,250726
29027833,243636,250726
29258833,249308,250726
29488833,246472,250726
29718833,246472,250726
29950833,246472,250726
30181833,245054,250726
30412833,243636,250726
30646833,246472,250726
30884833,242218,250726
31118833,239382,250726
31357833,237964,250726
31606833,236546,250726
31854833,236546,250726
32111833,233710,250726
32371833,230874,250726
32667833,239382,250726
33007833,236546,250726
33284833,240800,250726
33548833,236546,250726
33792833,237964,250726
34067833,243636,250726
34316833,242218,250726
34554833,237964,250726
34787833,228038,250726
35033833,229456,250726
35371833,235128,250726
35749833,242218,250726
36048833,242218,250726
36297833,242218,250726
36534833,240800,250726
36767833,240800,250726
37002833,239382,250726
37233833,232292,250726
37468833,240800,250726
37773833,237964,250726
38050833,245054,250726
38303833,243636,250726
38543833,243636,250726
38778833,247890,250726
39010833,250726,250726
39241833,250726,250726
39472833,250726,250726
39703833,250726,250726
39934833,249308,250726
40165833,247890,250726
40398833,247890,250726
40630833,245054,250726
40861833,246472,250726
41101833,245054,250726
41337833,245054,250726
41572833,243636,250726
41804833,245054,250726
42041833,242218,250726
42275833,237964,250726
42513833,239382,250726
42775833,239382,250726
43015833,236546,252144
43248833,226620,250726
43506833,223784,250726
43852833,232292,250726
44297833,230874,250726
44660833,229456,250726
45017833,233710,250726
45394833,236546,252144
45704833,232292,250726
45996833,242218,250726
46339833,240800,250726
46617833,245054,250726
46864833,237964,250726
47102833,242218,250726
47377833,236546,250726
47626833,240800,250726
47887833,239382,250726
48130833,235128,250726
48364833,239382,250726
48635833,239382,250726
48881833,239382,250726
49115833,235128,250726
49347833,237964,250726
49616833,236546,250726
49866833,235128,250726
50124833,240800,250726
50401833,246472,250726
50653833,245054,250726
50894833,239382,250726
51129833,235128,250726
51376833,230874,250726
51660833,226620,250726
51993833,205350,250726
52397833,220948,250726
52984833,220948,250726
53579833,222366,250726
54105833,223784,250726
54623833,229456,250726
55089833,229456,250726
55475833,237964,250726
55856833,243636,250726
56121833,242218,250726
56367833,242218,250726
56608833,236546,250726
56842833,239382,250726
57115833,233710,250726
57361833,225202,250726
57653833,239382,250726
58045833,239382,250726
58335833,239382,250726
58577833,225202,250726
58811833,223784,250726
59157833,232292,250726
59603833,239382,250726
59919833,237964,250726
