timestamp,lastAckedSeq,highTxMark,availableTxBuffer,nextTxSeq,totalCwnd,unAckMeta
611833,5673,17017,1158,17017,11344,11344
611833,5673,17017,1158,17017,20470,11344
829833,11345,35451,1158,35451,20470,24106
1052833,29779,48213,1158,48213,19372,18434
1361833,49631,62393,2576,62393,14488,12762
1657833,68065,82245,1158,82245,15013,14180
1903833,83663,99261,1158,99261,16888,15598
2138833,99261,112023,1158,112023,13390,12762
2380833,112023,124785,1158,124785,13762,12762
2615833,124785,134711,1158,134711,11001,9926
2847833,134711,148891,1158,148891,14343,14180
3078833,148891,161653,1158,161653,13937,12762
3314833,161653,175833,1158,175833,14701,14180
3546833,175833,185759,1158,185759,10544,9926
3778833,185759,191431,1158,191431,7026,5672
4008833,191431,199939,1158,199939,9843,8508
4238833,199939,211283,1158,211283,11938,11344
4471833,211283,219791,1158,219791,9021,8508
4712833,219791,226881,1158,226881,7762,7090
4948833,228299,236807,1158,236807,8892,8508
5181833,236807,245315,1158,245315,8774,8508
5413833,245315,256659,1158,256659,11441,11344
5644833,256659,265167,1158,265167,9446,8508
5878833,265167,277929,1158,277929,14088,12762
6110833,277929,296363,1158,296363,18538,18434
6350833,293527,304871,1158,304871,12316,11344
6637833,307707,321887,1158,321887,14915,14180
6896833,321887,330395,1158,330395,9054,8508
7139833,331813,343157,1158,343157,12283,11344
7375833,343157,357337,1158,357337,14634,14180
7609833,357337,371517,1158,371517,14270,14180
7846833,372935,388533,2576,388533,17629,15598
8079833,387115,405549,1158,405549,19771,18434
8341833,404131,414057,1158,414057,11366,9926
8619833,416893,432491,1158,432491,14773,15598
8873833,433909,448089,1158,448089,15016,14180
9115833,448089,462269,1158,462269,14872,14180
9349833,463687,480703,2576,480703,19598,17016
9580833,476449,499137,1158,499137,22388,22688
9849833,494883,506227,2576,506227,11802,11344
10163833,510481,521825,1158,521825,11615,11344
10428833,521825,531751,1158,531751,10029,9926
10672833,531751,540259,1158,540259,9168,8508
10908833,540259,548767,1158,548767,9591,8508
11141833,550185,561529,1158,561529,12738,11344
11373833,561529,572873,1158,572873,11601,11344
11605833,572873,582799,1158,582799,10576,9926
11836833,582799,595561,1158,595561,13633,12762
12066833,595561,611159,1158,611159,16734,15598
12307833,611159,622503,1158,622503,11991,11344
12569833,622503,632429,1158,632429,10326,9926
12812833,635265,646609,1158,646609,11759,11344
13047833,646609,655117,1158,655117,9163,8508
13279833,655117,662207,1158,662207,8570,7090
13510833,662207,672133,1158,672133,11396,9926
13741833,672133,684895,1158,684895,13356,12762
13974833,684895,701911,1158,701911,17379,17016
14214833,699075,723181,1158,723181,23574,24106
14482833,717509,743033,1158,743033,25382,25524
14810833,737361,758631,1158,758631,20081,21270
15178833,762885,791245,1158,791245,27277,28360
15509833,784155,811097,2576,811097,27441,26942
15921833,811097,850801,1158,850801,38480,39704
16347833,838039,870653,1158,870653,30965,32614
16933833,877743,899013,1158,899013,22138,21270
17365833,901849,911775,1158,911775,10428,9926
17698833,917447,928791,1158,928791,12786,11344
17964833,928791,938717,1158,938717,10273,9926
18211833,940135,951479,1158,951479,12576,11344
18448833,951479,961405,1158,961405,11109,9926
18682833,964241,972749,3994,972749,11654,8508
18914833,975585,984093,3994,984093,11857,8508
19145833,985511,996855,2576,996855,13906,11344
19375833,996855,1015289,1158,1015289,19433,18434
19606833,1012453,1037977,1158,1037977,26131,25524
19887833,1030887,1066337,1158,1066337,34805,35450
20243833,1053575,1093279,1158,1093279,39073,39704
20725833,1084771,1121639,1158,1121639,35920,36868
21322833,1124475,1154253,1158,1154253,28947,29778
21881833,1159925,1184031,1158,1184031,23875,24106
22299833,1188285,1202465,1158,1202465,15402,14180
22632833,1206719,1219481,1158,1219481,13884,12762
22883833,1220899,1233661,1158,1233661,13126,12762
23119833,1233661,1246423,1158,1246423,13452,12762
23351833,1246423,1253513,1158,1253513,7888,7090
23582833,1253513,1263439,1158,1263439,10145,9926
23813833,1263439,1273365,1158,1273365,11019,9926
24045833,1273365,1283291,1158,1283291,10172,9926
24276833,1283291,1290381,1158,1290381,7509,7090
24506833,1290381,1297471,1158,1297471,8001,7090
24736833,1297471,1305979,1158,1305979,8700,8508
24966833,1305979,1315905,1158,1315905,10370,9926
25196833,1315905,1327249,1158,1327249,12137,11344
25428833,1327249,1341429,1158,1341429,14834,14180
25662833,1341429,1355609,1158,1355609,15313,14180
25904833,1357027,1376879,1158,1376879,19958,19852
26138833,1372625,1396731,2576,1396731,26580,24106
26430833,1391059,1412329,1158,1412329,19972,21270
26794833,1412329,1425091,1158,1425091,13774,12762
27125833,1427927,1437853,1158,1437853,11139,9926
27382833,1439271,1444943,1158,1444943,6844,5672
27624833,1446361,1453451,1158,1453451,8411,7090
27861833,1453451,1461959,1158,1461959,9603,8508
28095833,1461959,1469049,1158,1469049,8274,7090
28328833,1469049,1478975,1158,1478975,10490,9926
28560833,1478975,1487483,1158,1487483,9899,8508
28795833,1487483,1495991,1158,1495991,8950,8508
29027833,1497409,1507335,1158,1507335,11146,9926
29258833,1507335,1511589,2576,1511589,7083,4254
29488833,1511589,1518679,1158,1518679,8516,7090
29718833,1518679,1525769,1158,1525769,8403,7090
29950833,1525769,1532859,1158,1532859,7604,7090
30181833,1532859,1541367,1158,1541367,8924,8508
30412833,1541367,1551293,1158,1551293,10252,9926
30646833,1551293,1558383,1158,1558383,8535,7090
30884833,1559801,1571145,1158,1571145,12483,11344
31118833,1571145,1585325,1158,1585325,15658,14180
31357833,1585325,1600923,1158,1600923,16029,15598
31606833,1602341,1619357,1158,1619357,17503,17016
31854833,1617939,1634955,1158,1634955,17848,17016
32111833,1634955,1654807,1158,1654807,20846,19852
32371833,1651971,1674659,1158,1674659,22877,22688
32667833,1670405,1684585,1158,1684585,15582,14180
33007833,1693093,1710109,2576,1710109,17757,17016
33284833,1710109,1722871,1158,1722871,13689,12762
33548833,1725707,1742723,2576,1742723,19752,17016
33792833,1741305,1756903,1158,1756903,16862,15598
34067833,1756903,1766829,1158,1766829,10646,9926
34316833,1768247,1779591,1158,1779591,11845,11344
34554833,1781009,1796607,1158,1796607,16718,15598
34787833,1795189,1820713,1158,1820713,26173,25524
35033833,1812205,1836311,1158,1836311,25580,24106
35371833,1833475,1853327,1158,1853327,18729,19852
35749833,1854745,1866089,1158,1866089,12750,11344
36048833,1871761,1883105,1158,1883105,11505,11344
36297833,1883105,1894449,1158,1894449,12317,11344
36534833,1895867,1908629,1158,1908629,13724,12762
36767833,1908629,1921391,1158,1921391,14230,12762
37002833,1921391,1935571,1158,1935571,14873,14180
37233833,1935571,1956841,1158,1956841,21612,21270
37468833,1949751,1963931,1158,1963931,13973,14180
37773833,1968185,1983783,1158,1983783,17024,15598
38050833,1983783,1992291,1158,1992291,9674,8508
38303833,1993709,2003635,1158,2003635,10848,9926
38543833,2003635,2013561,1158,2013561,10923,9926
38778833,2013561,2019233,1158,2019233,5907,5672
39010833,2019233,2022069,1158,2022069,4088,2836
39241833,2023487,2026323,2576,2026323,4498,2836
39472833,2027741,2030577,2576,2030577,4538,2836
39703833,2031995,2034831,2576,2034831,4746,2836
39934833,2036249,2040503,2576,2040503,6545,4254
40165833,2041921,2047593,1158,2047593,6844,5672
40398833,2047593,2053265,1158,2053265,6960,5672
40630833,2053265,2061773,1158,2061773,8880,8508
40861833,2061773,2068863,1158,2068863,8413,7090
41101833,2068863,2077371,1158,2077371,8789,8508
41337833,2077371,2085879,1158,2085879,9488,8508
41572833,2085879,2095805,1158,2095805,10150,9926
41804833,2095805,2104313,1158,2104313,9340,8508
42041833,2105731,2117075,1158,2117075,12137,11344
42275833,2117075,2132673,1158,2132673,16605,15598
42513833,2132673,2146853,1158,2146853,14288,14180
42775833,2146853,2161033,1158,2161033,15391,14180
43015833,2162451,2179467,1158,2179467,17397,17016
43248833,2178049,2206409,1158,2206409,28393,28360
43506833,2193647,2224843,1158,2224843,30733,31196
43852833,2216335,2239023,1158,2239023,21357,22688
44297833,2246113,2270219,1158,2270219,23023,24106
44660833,2270219,2294325,1158,2294325,25386,24106
45017833,2292907,2314177,1158,2314177,20278,21270
45394833,2318431,2335447,2576,2335447,19515,17016
45704833,2338283,2360971,2576,2360971,23336,22688
45996833,2358135,2369479,1158,2369479,11796,11344
46339833,2375151,2387913,1158,2387913,13258,12762
46617833,2387913,2396421,1158,2396421,9773,8508
46864833,2397839,2413437,1158,2413437,16879,15598
47102833,2413437,2424781,1158,2424781,11480,11344
47377833,2427617,2444633,1158,2444633,17229,17016
47626833,2443215,2455977,1158,2455977,13029,12762
47887833,2458813,2472993,1158,2472993,14831,14180
48130833,2472993,2491427,1158,2491427,18999,18434
48364833,2488591,2502771,1158,2502771,14395,14180
48635833,2504189,2518369,1158,2518369,14804,14180
48881833,2519787,2533967,1158,2533967,14849,14180
49115833,2533967,2552401,1158,2552401,18640,18434
49347833,2549565,2565163,1158,2565163,16842,15598
49616833,2566581,2583597,1158,2583597,17484,17016
49866833,2583597,2603449,1158,2603449,18663,19852
50124833,2599195,2613375,1158,2613375,13338,14180
50401833,2613375,2620465,1158,2620465,8393,7090
50653833,2621883,2630391,1158,2630391,9815,8508
50894833,2631809,2645989,1158,2645989,14920,14180
51129833,2645989,2664423,1158,2664423,19499,18434
51376833,2661587,2684275,1158,2684275,23930,22688
51660833,2680021,2706963,1158,2706963,27312,26942
51993833,2701291,2750921,1158,2750921,49386,49630
52397833,2725397,2760847,1158,2760847,33323,35450
52984833,2766519,2800551,2576,2800551,33716,34032
53579833,2804805,2837419,2576,2837419,33465,32614
54105833,2838837,2870033,1158,2870033,29874,31196
54623833,2872869,2898393,1158,2898393,25265,25524
55089833,2904065,2929589,1158,2929589,24816,25524
55475833,2929589,2945187,1158,2945187,15741,15598
55856833,2949441,2959367,1158,2959367,11170,9926
56121833,2962203,2973547,1158,2973547,12109,11344
56367833,2973547,2984891,1158,2984891,11545,11344
56608833,2984891,3001907,1158,3001907,17103,17016
56842833,3000489,3014669,1158,3014669,15656,14180
57115833,3017505,3037357,1158,3037357,21246,19852
57361833,3033103,3061463,1158,3061463,28698,28360
57653833,3052955,3067135,3994,3067135,15759,14180
58045833,3077061,3091241,1158,3091241,14271,14180
58335833,3095495,3109675,1158,3109675,14407,14180
58577833,3109675,3138035,1158,3138035,29081,28360
58811833,3123855,3155051,1158,3155051,29995,31196
59157833,3146543,3169231,1158,3169231,22397,22688
59603833,3176321,3190501,1158,3190501,14588,14180
59919833,3196173,3211771,1158,3211771,16762,15598
