timestamp,rtt0,rtt1
611833,218,184
611833,218,184
829833,223,184
1052833,288,219
1340833,358,221
1698833,292,223
1990833,252,224
2242833,259,224
2501833,350,225
2851833,307,226
3158833,264,227
3422833,248,227
3670833,242,227
3912833,239,228
4151833,236,228
4387833,234,228
4621833,233,229
4854833,232,229
5086833,232,229
5318833,238,229
5556833,248,229
5804833,238,229
6042833,233,229
6275833,253,229
6528833,237,229
6765833,232,229
6997833,265,229
7262833,296,229
7558833,255,230
7813833,240,230
8053833,234,230
8287833,232,230
8519833,231,230
8750833,230,230
8980833,230,230
9210833,230,230
9440833,230,230
9670833,232,230
9902833,231,230
10133833,230,230
10363833,231,230
10594833,264,230
10858833,244,230
11102833,359,230
11461833,306,230
11767833,258,230
12025833,283,230
12308833,267,230
12575833,241,230
12816833,235,230
13051833,232,230
13283833,236,230
13519833,233,230
13752833,233,230
13985833,232,230
14217833,231,230
14448833,231,230
14679833,237,230
14916833,234,230
15150833,239,230
15389833,238,230
15627833,234,230
15861833,233,230
16094833,232,230
16326833,231,230
16557833,233,230
16790833,246,230
17036833,309,230
17345833,277,230
17622833,303,230
17925833,325,230
18250833,434,230
18684833,353,230
19037833,356,230
19393833,264,230
19657833,244,230
19901833,235,230
20136833,233,230
20369833,239,230
20608833,254,230
20862833,244,230
21106833,305,230
21411833,424,230
21835833,692,230
22527833,312,230
22839833,309,230
23148833,328,230
23476833,332,230
23808833,286,230
24094833,243,230
24337833,235,230
24572833,320,230
24892833,390,230
25282833,317,230
25599833,257,230
25856833,242,230
26098833,234,230
26332833,289,230
26621833,255,230
26876833,242,230
27118833,332,230
27450833,389,230
27839833,310,230
28149833,254,230
28403833,239,230
28642833,234,230
28876833,232,230
29108833,231,230
29339833,231,230
29570833,232,230
29802833,232,230
30034833,231,230
30265833,230,230
30495833,232,230
30727833,254,230
30981833,325,230
31306833,399,230
31705833,373,230
32078833,531,230
32609833,440,230
33049833,303,230
33352833,308,230
33660833,254,230
33914833,239,230
34153833,234,230
34387833,231,230
34618833,298,230
34916833,323,230
35239833,269,230
35508833,414,230
35922833,385,230
36307833,521,230
36828833,401,230
37229833,373,230
37602833,318,230
37920833,311,230
38231833,329,230
38560833,332,230
38892833,352,230
39244833,284,230
39528833,360,230
39888833,303,230
40191833,252,230
40443833,239,230
40682833,234,230
40916833,268,230
41184833,296,230
41480833,255,230
41735833,239,230
41974833,233,230
42207833,289,230
42496833,285,230
42781833,268,230
43049833,299,230
43348833,258,230
43606833,240,230
43846833,237,230
44083833,309,230
44392833,327,230
44719833,264,230
44983833,250,230
45233833,240,230
45473833,243,230
45716833,278,230
45994833,248,230
46242833,324,230
46566833,352,230
46918833,291,230
47209833,365,230
47574833,289,230
47863833,251,230
48114833,244,230
48358833,238,230
48596833,235,230
48831833,232,230
49063833,232,230
49295833,231,230
49526833,230,230
49756833,230,230
49986833,230,230
50216833,238,230
50454833,271,230
50725833,247,230
50972833,238,230
51210833,234,230
51444833,303,230
51747833,323,230
52070833,369,230
52439833,303,230
52742833,437,230
53179833,339,230
53518833,302,230
53820833,381,230
54201833,454,230
54655833,494,230
55149833,425,230
55574833,407,230
55981833,447,230
56428833,362,230
56790833,518,230
57308833,445,230
57753833,430,230
58183833,309,230
58492833,251,230
58743833,241,230
58984833,260,230
59244833,252,230
59496833,334,230
59830833,388,230
