timestamp,cWnd0,cWnd1
611833,5672,5672
611833,15009,1500
829833,15009,1500
1052833,26554,1500
1340833,16093,1500
1698833,14969,1500
1990833,16879,1500
2242833,24784,1500
2501833,13697,1500
2851833,8535,1500
3158833,6069,1500
3422833,5284,1500
3670833,3624,1500
3912833,3858,1500
4151833,4619,1500
4387833,4701,1500
4621833,3527,1500
4854833,4920,1500
5086833,7103,1500
5318833,10027,1500
5556833,9903,1500
5804833,9786,1500
6042833,13427,1500
6275833,13572,1500
6528833,12319,1500
6765833,16299,1500
6997833,19307,1500
7262833,14283,1500
7558833,9200,1500
7813833,10689,1500
8053833,10565,1500
8287833,10341,1500
8519833,10786,1500
8750833,7856,1500
8980833,7333,1500
9210833,6737,1500
9440833,8733,1500
9670833,8967,1500
9902833,7050,1500
10133833,9066,1500
10363833,14427,1500
10594833,11638,1500
10858833,26109,1500
11102833,16522,1500
11461833,14130,1500
11767833,17649,1500
12025833,16884,1500
12308833,12887,1500
12575833,8709,1500
12816833,8830,1500
13051833,11345,1500
13283833,8247,1500
13519833,9629,1500
13752833,6187,1500
13985833,6719,1500
14217833,7597,1500
14448833,10985,1500
14679833,6530,1500
14916833,9994,1500
15150833,11416,1500
15389833,5781,1500
15627833,4549,1500
15861833,3791,1500
16094833,4883,1500
16326833,6460,1500
16557833,10769,1500
16790833,17045,1500
17036833,15949,1500
17345833,19359,1500
17622833,20694,1500
17925833,28471,1500
18250833,17413,1500
18684833,22475,1500
19037833,16609,1500
19393833,14262,1500
19657833,10396,1500
19901833,14080,1500
20136833,14260,1500
20369833,16334,1500
20608833,15110,1500
20862833,20498,1500
21106833,44033,1500
21411833,20405,1500
21835833,14614,1500
22527833,18877,1500
22839833,20308,1500
23148833,21123,1500
23476833,17546,1500
23808833,14103,1500
24094833,12172,1500
24337833,19970,1500
24572833,25624,1500
24892833,18703,1500
25282833,11945,1500
25599833,13644,1500
25856833,13084,1500
26098833,19212,1500
26332833,15266,1500
26621833,15390,1500
26876833,23050,1500
27118833,25302,1500
27450833,18696,1500
27839833,11436,1500
28149833,9001,1500
28403833,8752,1500
28642833,7414,1500
28876833,5347,1500
29108833,5157,1500
29339833,7692,1500
29570833,5054,1500
29802833,4542,1500
30034833,6509,1500
30265833,7765,1500
30495833,13205,1500
30727833,21566,1500
30981833,25992,1500
31306833,22084,1500
31705833,34202,1500
32078833,28568,1500
32609833,16894,1500
33049833,19432,1500
33352833,13330,1500
33660833,9790,1500
33914833,10763,1500
34153833,11250,1500
34387833,17053,1500
34618833,20810,1500
34916833,15072,1500
35239833,28770,1500
35508833,21117,1500
35922833,33358,1500
36307833,23098,1500
36828833,23711,1500
37229833,18663,1500
37602833,19005,1500
37920833,20057,1500
38231833,20316,1500
38560833,21414,1500
38892833,14652,1500
39244833,23612,1500
39528833,17185,1500
39888833,12690,1500
40191833,8536,1500
40443833,9677,1500
40682833,14619,1500
40916833,18950,1500
41184833,15033,1500
41480833,12498,1500
41735833,10649,1500
41974833,16593,1500
42207833,18183,1500
42496833,15949,1500
42781833,18637,1500
43049833,13454,1500
43348833,10955,1500
43606833,11986,1500
43846833,18886,1500
44083833,20281,1500
44392833,12851,1500
44719833,6914,1500
44983833,6269,1500
45233833,9206,1500
45473833,15431,1500
45716833,13492,1500
45994833,22593,1500
46242833,22495,1500
46566833,11721,1500
46918833,22996,1500
47209833,11215,1500
47574833,11934,1500
47863833,5584,1500
48114833,5125,1500
48358833,6698,1500
48596833,6343,1500
48831833,6419,1500
49063833,8429,1500
49295833,6800,1500
49526833,5869,1500
49756833,6756,1500
49986833,10603,1500
50216833,14240,1500
50454833,11132,1500
50725833,9656,1500
50972833,7347,1500
51210833,17045,1500
51444833,21063,1500
51747833,23401,1500
52070833,13968,1500
52439833,28796,1500
52742833,20649,1500
53179833,18187,1500
53518833,24288,1500
53820833,29581,1500
54201833,30228,1500
54655833,26384,1500
55149833,24299,1500
55574833,27322,1500
55981833,18060,1500
56428833,32825,1500
56790833,25639,1500
57308833,26057,1500
57753833,20399,1500
58183833,13488,1500
58492833,9434,1500
58743833,13800,1500
58984833,14354,1500
59244833,23170,1500
59496833,25470,1500
59830833,11699,1500
