timestamp,availableTxBuffer0,availableTxBuffer1
611833,246472,246472
611833,246472,246472
829833,237964,246472
1052833,226620,250726
1340833,236546,250726
1698833,237964,250726
1990833,236546,250726
2242833,228038,250726
2501833,239382,250726
2851833,243636,250726
3158833,246472,250726
3422833,247890,250726
3670833,249308,250726
3912833,249308,250726
4151833,247890,250726
4387833,247890,250726
4621833,249308,250726
4854833,247890,250726
5086833,245054,250726
5318833,242218,250726
5556833,243636,250726
5804833,243636,250726
6042833,239382,250726
6275833,239382,250726
6528833,240800,250726
6765833,236546,250726
6997833,235128,250726
7262833,237964,250726
7558833,243636,250726
7813833,242218,250726
8053833,242218,250726
8287833,242218,250726
8519833,242218,250726
8750833,245054,250726
8980833,245054,250726
9210833,246472,250726
9440833,243636,250726
9670833,243636,250726
9902833,246472,250726
10133833,243636,250726
10363833,239382,250726
10594833,240800,250726
10858833,228038,250726
11102833,236546,250726
11461833,239382,250726
11767833,235128,250726
12025833,236546,250726
12308833,239382,250726
12575833,243636,250726
12816833,243636,250726
13051833,240800,250726
13283833,245054,250726
13519833,243636,250726
13752833,246472,250726
13985833,246472,250726
14217833,245054,250726
14448833,242218,250726
14679833,246472,250726
14916833,242218,250726
15150833,240800,250726
15389833,246472,250726
15627833,247890,250726
15861833,249308,250726
16094833,247890,250726
16326833,246472,250726
16557833,242218,250726
16790833,235128,250726
17036833,236546,250726
17345833,233710,250726
17622833,232292,250726
17925833,223784,250726
18250833,235128,250726
18684833,230874,250726
19037833,236546,250726
19393833,237964,250726
19657833,242218,250726
19901833,239382,250726
20136833,237964,250726
20369833,236546,250726
20608833,237964,250726
20862833,232292,250726
21106833,208186,250726
21411833,226620,250726
21835833,237964,252144
22527833,233710,250726
22839833,232292,250726
23148833,232292,250726
23476833,235128,250726
23808833,239382,250726
24094833,242218,250726
24337833,232292,250726
24572833,226620,250726
24892833,233710,250726
25282833,240800,250726
25599833,239382,250726
25856833,239382,250726
26098833,233710,250726
26332833,237964,250726
26621833,237964,250726
26876833,229456,250726
27118833,228038,250726
27450833,235128,250726
27839833,240800,250726
28149833,243636,250726
28403833,243636,250726
28642833,245054,250726
28876833,247890,250726
29108833,247890,250726
29339833,246472,250726
29570833,247890,250726
29802833,247890,250726
30034833,247890,250726
30265833,246472,250726
30495833,239382,250726
30727833,230874,250726
30981833,226620,250726
31306833,230874,250726
31705833,218112,250726
32078833,223784,250726
32609833,236546,250726
33049833,233710,250726
33352833,239382,250726
33660833,243636,250726
33914833,242218,250726
34153833,242218,250726
34387833,235128,250726
34618833,232292,250726
34916833,237964,250726
35239833,223784,250726
35508833,232292,250726
35922833,219530,250726
36307833,229456,250726
36828833,229456,250726
37229833,233710,250726
37602833,233710,250726
37920833,232292,250726
38231833,232292,250726
38560833,230874,250726
38892833,237964,250726
39244833,229456,250726
39528833,235128,250726
39888833,240800,250726
40191833,243636,250726
40443833,243636,250726
40682833,239382,250726
40916833,233710,250726
41184833,237964,250726
41480833,240800,250726
41735833,242218,250726
41974833,236546,250726
42207833,235128,250726
42496833,236546,250726
42781833,233710,250726
43049833,239382,250726
43348833,242218,250726
43606833,240800,250726
43846833,233710,250726
44083833,232292,250726
44392833,239382,250726
44719833,246472,250726
44983833,246472,250726
45233833,243636,250726
45473833,237964,250726
45716833,239382,250726
45994833,230874,250726
46242833,230874,250726
46566833,240800,250726
46918833,229456,250726
47209833,242218,250726
47574833,240800,250726
47863833,247890,250726
48114833,247890,250726
48358833,246472,250726
48596833,246472,250726
48831833,246472,250726
49063833,246472,250726
49295833,246472,250726
49526833,246472,250726
49756833,246472,250726
49986833,242218,250726
50216833,237964,250726
50454833,242218,250726
50725833,243636,250726
50972833,245054,250726
51210833,235128,250726
51444833,232292,250726
51747833,229456,250726
52070833,239382,250726
52439833,223784,250726
52742833,232292,250726
53179833,235128,250726
53518833,228038,250726
53820833,223784,250726
54201833,222366,252144
54655833,226620,250726
55149833,228038,250726
55574833,225202,250726
55981833,235128,250726
56428833,219530,250726
56790833,226620,250726
57308833,226620,250726
57753833,232292,250726
58183833,239382,250726
58492833,243636,250726
58743833,240800,250726
58984833,237964,250726
59244833,229456,250726
59496833,228038,250726
59830833,240800,250726
