timestamp,rWnd0,rWnd1
611833,1073725440,1073725440
611833,1073725440,1073725440
829833,1073725440,1073725440
1052833,1073725440,1073725440
1340833,1073725440,1073725440
1698833,1073725440,1073725440
1990833,1073725440,1073725440
2242833,1073725440,1073725440
2501833,1073725440,1073725440
2851833,1073725440,1073725440
3158833,1073725440,1073725440
3422833,1073725440,1073725440
3670833,1073725440,1073725440
3912833,1073725440,1073725440
4151833,1073725440,1073725440
4387833,1073725440,1073725440
4621833,1073725440,1073725440
4854833,1073725440,1073725440
5086833,1073725440,1073725440
5318833,1073725440,1073725440
5556833,1073725440,1073725440
5804833,1073725440,1073725440
6042833,1073725440,1073725440
6275833,1073725440,1073725440
6528833,1073725440,1073725440
6765833,1073725440,1073725440
6997833,1073725440,1073725440
7262833,1073725440,1073725440
7558833,1073725440,1073725440
7813833,1073725440,1073725440
8053833,1073725440,1073725440
8287833,1073725440,1073725440
8519833,1073725440,1073725440
8750833,1073725440,1073725440
8980833,1073725440,1073725440
9210833,1073725440,1073725440
9440833,1073725440,1073725440
9670833,1073725440,1073725440
9902833,1073725440,1073725440
10133833,1073725440,1073725440
10363833,1073725440,1073725440
10594833,1073725440,1073725440
10858833,1073725440,1073725440
11102833,1073725440,1073725440
11461833,1073725440,1073725440
11767833,1073725440,1073725440
12025833,1073725440,1073725440
12308833,1073725440,1073725440
12575833,1073725440,1073725440
12816833,1073725440,1073725440
13051833,1073725440,1073725440
13283833,1073725440,1073725440
13519833,1073725440,1073725440
13752833,1073725440,1073725440
13985833,1073725440,1073725440
14217833,1073725440,1073725440
14448833,1073725440,1073725440
14679833,1073725440,1073725440
14916833,1073725440,1073725440
15150833,1073725440,1073725440
15389833,1073725440,1073725440
15627833,1073725440,1073725440
15861833,1073725440,1073725440
16094833,1073725440,1073725440
16326833,1073725440,1073725440
16557833,1073725440,1073725440
16790833,1073725440,1073725440
17036833,1073725440,1073725440
17345833,1073725440,1073725440
17622833,1073725440,1073725440
17925833,1073725440,1073725440
18250833,1073725440,1073725440
18684833,1073725440,1073725440
19037833,1073725440,1073725440
19393833,1073725440,1073725440
19657833,1073725440,1073725440
19901833,1073725440,1073725440
20136833,1073725440,1073725440
20369833,1073725440,1073725440
20608833,1073725440,1073725440
20862833,1073725440,1073725440
21106833,1073725440,1073725440
21411833,1073725440,1073725440
21835833,1073725440,1073725440
22527833,1073725440,1073725440
22839833,1073725440,1073725440
23148833,1073725440,1073725440
23476833,1073725440,1073725440
23808833,1073725440,1073725440
24094833,1073725440,1073725440
24337833,1073725440,1073725440
24572833,1073725440,1073725440
24892833,1073725440,1073725440
25282833,1073725440,1073725440
25599833,1073725440,1073725440
25856833,1073725440,1073725440
26098833,1073725440,1073725440
26332833,1073725440,1073725440
26621833,1073725440,1073725440
26876833,1073725440,1073725440
27118833,1073725440,1073725440
27450833,1073725440,1073725440
27839833,1073725440,1073725440
28149833,1073725440,1073725440
28403833,1073725440,1073725440
28642833,1073725440,1073725440
28876833,1073725440,1073725440
29108833,1073725440,1073725440
29339833,1073725440,1073725440
29570833,1073725440,1073725440
29802833,1073725440,1073725440
30034833,1073725440,1073725440
30265833,1073725440,1073725440
30495833,1073725440,1073725440
30727833,1073725440,1073725440
30981833,1073725440,1073725440
31306833,1073725440,1073725440
31705833,1073725440,1073725440
32078833,1073725440,1073725440
32609833,1073725440,1073725440
33049833,1073725440,1073725440
33352833,1073725440,1073725440
33660833,1073725440,1073725440
33914833,1073725440,1073725440
34153833,1073725440,1073725440
34387833,1073725440,1073725440
34618833,1073725440,1073725440
34916833,1073725440,1073725440
35239833,1073725440,1073725440
35508833,1073725440,1073725440
35922833,1073725440,1073725440
36307833,1073725440,1073725440
36828833,1073725440,1073725440
37229833,1073725440,1073725440
37602833,1073725440,1073725440
37920833,1073725440,1073725440
38231833,1073725440,1073725440
38560833,1073725440,1073725440
38892833,1073725440,1073725440
39244833,1073725440,1073725440
39528833,1073725440,1073725440
39888833,1073725440,1073725440
40191833,1073725440,1073725440
40443833,1073725440,1073725440
40682833,1073725440,1073725440
40916833,1073725440,1073725440
41184833,1073725440,1073725440
41480833,1073725440,1073725440
41735833,1073725440,1073725440
41974833,1073725440,1073725440
42207833,1073725440,1073725440
42496833,1073725440,1073725440
42781833,1073725440,1073725440
43049833,1073725440,1073725440
43348833,1073725440,1073725440
43606833,1073725440,1073725440
43846833,1073725440,1073725440
44083833,1073725440,1073725440
44392833,1073725440,1073725440
44719833,1073725440,1073725440
44983833,1073725440,1073725440
45233833,1073725440,1073725440
45473833,1073725440,1073725440
45716833,1073725440,1073725440
45994833,1073725440,1073725440
46242833,1073725440,1073725440
46566833,1073725440,1073725440
46918833,1073725440,1073725440
47209833,1073725440,1073725440
47574833,1073725440,1073725440
47863833,1073725440,1073725440
48114833,1073725440,1073725440
48358833,1073725440,1073725440
48596833,1073725440,1073725440
48831833,1073725440,1073725440
49063833,1073725440,1073725440
49295833,1073725440,1073725440
49526833,1073725440,1073725440
49756833,1073725440,1073725440
49986833,1073725440,1073725440
50216833,1073725440,1073725440
50454833,1073725440,1073725440
50725833,1073725440,1073725440
50972833,1073725440,1073725440
51210833,1073725440,1073725440
51444833,1073725440,1073725440
51747833,1073725440,1073725440
52070833,1073725440,1073725440
52439833,1073725440,1073725440
52742833,1073725440,1073725440
53179833,1073725440,1073725440
53518833,1073725440,1073725440
53820833,1073725440,1073725440
54201833,1073725440,1073725440
54655833,1073725440,1073725440
55149833,1073725440,1073725440
55574833,1073725440,1073725440
55981833,1073725440,1073725440
56428833,1073725440,1073725440
56790833,1073725440,1073725440
57308833,1073725440,1073725440
57753833,1073725440,1073725440
58183833,1073725440,1073725440
58492833,1073725440,1073725440
58743833,1073725440,1073725440
58984833,1073725440,1073725440
59244833,1073725440,1073725440
59496833,1073725440,1073725440
59830833,1073725440,1073725440
