timestamp,unAck0,unAck1
611833,5672,5672
611833,5672,5672
829833,14180,5672
1052833,25524,1418
1340833,15598,1418
1698833,14180,1418
1990833,15598,1418
2242833,24106,1418
2501833,12762,1418
2851833,8508,1418
3158833,5672,1418
3422833,4254,1418
3670833,2836,1418
3912833,2836,1418
4151833,4254,1418
4387833,4254,1418
4621833,2836,1418
4854833,4254,1418
5086833,7090,1418
5318833,9926,1418
5556833,8508,1418
5804833,8508,1418
6042833,12762,1418
6275833,12762,1418
6528833,11344,1418
6765833,15598,1418
6997833,17016,1418
7262833,14180,1418
7558833,8508,1418
7813833,9926,1418
8053833,9926,1418
8287833,9926,1418
8519833,9926,1418
8750833,7090,1418
8980833,7090,1418
9210833,5672,1418
9440833,8508,1418
9670833,8508,1418
9902833,5672,1418
10133833,8508,1418
10363833,12762,1418
10594833,11344,1418
10858833,24106,1418
11102833,15598,1418
11461833,12762,1418
11767833,17016,1418
12025833,15598,1418
12308833,12762,1418
12575833,8508,1418
12816833,8508,1418
13051833,11344,1418
13283833,7090,1418
13519833,8508,1418
13752833,5672,1418
13985833,5672,1418
14217833,7090,1418
14448833,9926,1418
14679833,5672,1418
14916833,9926,1418
15150833,11344,1418
15389833,5672,1418
15627833,4254,1418
15861833,2836,1418
16094833,4254,1418
16326833,5672,1418
16557833,9926,1418
16790833,17016,1418
17036833,15598,1418
17345833,18434,1418
17622833,19852,1418
17925833,28360,1418
18250833,17016,1418
18684833,21270,1418
19037833,15598,1418
19393833,14180,1418
19657833,9926,1418
19901833,12762,1418
20136833,14180,1418
20369833,15598,1418
20608833,14180,1418
20862833,19852,1418
21106833,43958,1418
21411833,25524,1418
21835833,14180,0
22527833,18434,1418
22839833,19852,1418
23148833,19852,1418
23476833,17016,1418
23808833,12762,1418
24094833,9926,1418
24337833,19852,1418
24572833,25524,1418
24892833,18434,1418
25282833,11344,1418
25599833,12762,1418
25856833,12762,1418
26098833,18434,1418
26332833,14180,1418
26621833,14180,1418
26876833,22688,1418
27118833,24106,1418
27450833,17016,1418
27839833,11344,1418
28149833,8508,1418
28403833,8508,1418
28642833,7090,1418
28876833,4254,1418
29108833,4254,1418
29339833,5672,1418
29570833,4254,1418
29802833,4254,1418
30034833,4254,1418
30265833,5672,1418
30495833,12762,1418
30727833,21270,1418
30981833,25524,1418
31306833,21270,1418
31705833,34032,1418
32078833,28360,1418
32609833,15598,1418
33049833,18434,1418
33352833,12762,1418
33660833,8508,1418
33914833,9926,1418
34153833,9926,1418
34387833,17016,1418
34618833,19852,1418
34916833,14180,1418
35239833,28360,1418
35508833,19852,1418
35922833,32614,1418
36307833,22688,1418
36828833,22688,1418
37229833,18434,1418
37602833,18434,1418
37920833,19852,1418
38231833,19852,1418
38560833,21270,1418
38892833,14180,1418
39244833,22688,1418
39528833,17016,1418
39888833,11344,1418
40191833,8508,1418
40443833,8508,1418
40682833,12762,1418
40916833,18434,1418
41184833,14180,1418
41480833,11344,1418
41735833,9926,1418
41974833,15598,1418
42207833,17016,1418
42496833,15598,1418
42781833,18434,1418
43049833,12762,1418
43348833,9926,1418
43606833,11344,1418
43846833,18434,1418
44083833,19852,1418
44392833,12762,1418
44719833,5672,1418
44983833,5672,1418
45233833,8508,1418
45473833,14180,1418
45716833,12762,1418
45994833,21270,1418
46242833,21270,1418
46566833,11344,1418
46918833,22688,1418
47209833,9926,1418
47574833,11344,1418
47863833,4254,1418
48114833,4254,1418
48358833,5672,1418
48596833,5672,1418
48831833,5672,1418
49063833,5672,1418
49295833,5672,1418
49526833,5672,1418
49756833,5672,1418
49986833,9926,1418
50216833,14180,1418
50454833,9926,1418
50725833,8508,1418
50972833,7090,1418
51210833,17016,1418
51444833,19852,1418
51747833,22688,1418
52070833,12762,1418
52439833,28360,1418
52742833,19852,1418
53179833,17016,1418
53518833,24106,1418
53820833,28360,1418
54201833,29778,0
54655833,25524,1418
55149833,24106,1418
55574833,26942,1418
55981833,17016,1418
56428833,32614,1418
56790833,25524,1418
57308833,25524,1418
57753833,19852,1418
58183833,12762,1418
58492833,8508,1418
58743833,11344,1418
58984833,14180,1418
59244833,22688,1418
59496833,24106,1418
59830833,11344,1418
