timestamp,lastAckedSeq,highTxMark,availableTxBuffer,nextTxSeq,totalCwnd,unAckMeta
611833,5673,17017,1158,17017,11344,11344
611833,5673,17017,1158,17017,16509,11344
829833,11345,31197,1158,31197,16509,19852
1052833,29779,56721,1158,56721,28054,26942
1340833,48213,65229,1158,65229,17593,17016
1698833,72319,87917,1158,87917,16469,15598
1990833,92171,109187,1158,109187,18379,17016
2242833,107769,133293,1158,133293,26284,25524
2501833,123367,138965,1158,138965,15197,15598
2851833,143219,153145,1158,153145,10035,9926
3158833,153145,160235,1158,160235,7569,7090
3422833,161653,167325,1158,167325,6784,5672
3670833,167325,171579,1158,171579,5124,4254
3912833,171579,175833,1158,175833,5358,4254
4151833,177251,182923,1158,182923,6119,5672
4387833,182923,188595,1158,188595,6201,5672
4621833,188595,192849,1158,192849,5027,4254
4854833,192849,198521,1158,198521,6420,5672
5086833,198521,207029,1158,207029,8603,8508
5318833,207029,218373,1158,218373,11527,11344
5556833,218373,228299,1158,228299,11403,9926
5804833,228299,238225,1158,238225,11286,9926
6042833,239643,253823,1158,253823,14927,14180
6275833,253823,268003,1158,268003,15072,14180
6528833,268003,280765,1158,280765,13819,12762
6765833,282183,299199,1158,299199,17799,17016
6997833,297781,316215,2576,316215,20807,18434
7262833,314797,331813,1158,331813,15783,17016
7558833,331813,341739,1158,341739,10700,9926
7813833,343157,354501,1158,354501,12189,11344
8053833,354501,365845,1158,365845,12065,11344
8287833,365845,377189,1158,377189,11841,11344
8519833,377189,388533,1158,388533,12286,11344
8750833,388533,397041,1158,397041,9356,8508
8980833,397041,405549,1158,405549,8833,8508
9210833,405549,412639,1158,412639,8237,7090
9440833,412639,422565,1158,422565,10233,9926
9670833,422565,432491,1158,432491,10467,9926
9902833,432491,439581,1158,439581,8550,7090
10133833,440999,450925,1158,450925,10566,9926
10363833,450925,465105,2576,465105,15927,14180
10594833,465105,477867,1158,477867,13138,12762
10858833,480703,506227,2576,506227,27609,25524
11102833,494883,513317,1158,513317,18022,18434
11461833,517571,531751,1158,531751,15630,14180
11767833,536005,555857,1158,555857,19149,19852
12025833,554439,571455,1158,571455,18384,17016
12308833,571455,585635,1158,585635,14387,14180
12575833,585635,595561,1158,595561,10209,9926
12816833,595561,605487,1158,605487,10330,9926
13051833,606905,619667,1158,619667,12845,12762
13283833,619667,628175,1158,628175,9747,8508
13519833,628175,638101,1158,638101,11129,9926
13752833,638101,645191,1158,645191,7687,7090
13985833,645191,652281,1158,652281,8219,7090
14217833,652281,660789,1158,660789,9097,8508
14448833,660789,672133,1158,672133,12485,11344
14679833,672133,679223,1158,679223,8030,7090
14916833,679223,690567,1158,690567,11494,11344
15150833,690567,703329,1158,703329,12916,12762
15389833,703329,710419,1158,710419,7281,7090
15627833,710419,716091,1158,716091,6049,5672
15861833,716091,720345,1158,720345,5291,4254
16094833,721763,727435,1158,727435,6383,5672
16326833,727435,734525,1158,734525,7960,7090
16557833,734525,745869,1158,745869,12269,11344
16790833,745869,764303,1158,764303,18545,18434
17036833,761467,778483,1158,778483,17449,17016
17345833,781319,802589,1158,802589,20859,21270
17622833,801171,822441,2576,822441,22194,21270
17925833,819605,849383,1158,849383,29971,29778
18250833,839457,859309,1158,859309,18913,19852
18684833,869235,891923,1158,891923,23975,22688
19037833,893341,910357,1158,910357,18109,17016
19393833,916029,931627,1158,931627,15762,15598
19657833,931627,942971,1158,942971,11896,11344
19901833,944389,958569,1158,958569,15580,14180
20136833,958569,974167,1158,974167,15760,15598
20369833,974167,991183,1158,991183,17834,17016
20608833,989765,1005363,1158,1005363,16610,15598
20862833,1006781,1028051,1158,1028051,21998,21270
21106833,1022379,1067755,1158,1067755,45533,45376
21411833,1040813,1070591,1158,1070591,21905,29778
21835833,1066337,1084771,1158,1084771,16114,18434
22527833,1114549,1134401,1158,1134401,20377,19852
22839833,1134401,1157089,1158,1157089,21808,22688
23148833,1155671,1176941,1158,1176941,22623,21270
23476833,1176941,1195375,1158,1195375,19046,18434
23808833,1198211,1212391,1158,1212391,15603,14180
24094833,1215227,1226571,2576,1226571,13672,11344
24337833,1227989,1249259,1158,1249259,21470,21270
24572833,1242169,1270529,1158,1270529,27124,28360
24892833,1263439,1283291,1158,1283291,20203,19852
25282833,1287545,1300307,1158,1300307,13445,12762
25599833,1304561,1318741,1158,1318741,15144,14180
25856833,1320159,1334339,1158,1334339,14584,14180
26098833,1335757,1357027,1158,1357027,20712,21270
26332833,1351355,1368371,1158,1368371,16766,17016
26621833,1371207,1386805,1158,1386805,16890,15598
26876833,1386805,1410911,1158,1410911,24550,24106
27118833,1402403,1429345,1158,1429345,26802,26942
27450833,1425091,1443525,3994,1443525,20196,18434
27839833,1447779,1460541,1158,1460541,12936,12762
28149833,1461959,1471885,1158,1471885,10501,9926
28403833,1473303,1483229,1158,1483229,10252,9926
28642833,1483229,1491737,1158,1491737,8914,8508
28876833,1491737,1497409,1158,1497409,6847,5672
29108833,1497409,1503081,1158,1503081,6657,5672
29339833,1504499,1511589,2576,1511589,9192,7090
29570833,1511589,1517261,1158,1517261,6554,5672
29802833,1517261,1522933,1158,1522933,6042,5672
30034833,1524351,1530023,2576,1530023,8009,5672
30265833,1531441,1538531,2576,1538531,9265,7090
30495833,1538531,1552711,1158,1552711,14705,14180
30727833,1554129,1576817,1158,1576817,23066,22688
30981833,1569727,1596669,1158,1596669,27492,26942
31306833,1590997,1615103,1158,1615103,23584,24106
31705833,1617939,1653389,1158,1653389,35702,35450
32078833,1639209,1671823,1158,1671823,30068,32614
32609833,1676077,1693093,1158,1693093,18394,17016
33049833,1705855,1725707,1158,1725707,20932,19852
33352833,1725707,1739887,1158,1739887,14830,14180
33660833,1741305,1751231,1158,1751231,11290,9926
33914833,1752649,1763993,1158,1763993,12263,11344
34153833,1763993,1775337,1158,1775337,12750,11344
34387833,1776755,1795189,1158,1795189,18553,18434
34618833,1789517,1812205,1158,1812205,22310,22688
34916833,1810787,1826385,1158,1826385,16572,15598
35239833,1830639,1860417,1158,1860417,30270,29778
35508833,1847655,1870343,1158,1870343,22617,22688
35922833,1874597,1910047,1158,1910047,34858,35450
36307833,1898703,1925645,1158,1925645,24598,26942
36828833,1934153,1959677,1158,1959677,25211,25524
37229833,1961095,1982365,1158,1982365,20163,21270
37602833,1985201,2005053,1158,2005053,20505,19852
37920833,2006471,2029159,1158,2029159,21557,22688
38231833,2026323,2049011,1158,2049011,21816,22688
38560833,2047593,2070281,1158,2070281,22914,22688
38892833,2068863,2085879,1158,2085879,16152,17016
39244833,2092969,2117075,1158,2117075,25112,24106
39528833,2111403,2129837,1158,2129837,18685,18434
39888833,2132673,2145435,1158,2145435,14190,12762
40191833,2146853,2156779,1158,2156779,10036,9926
40443833,2158197,2168123,1158,2168123,11177,9926
40682833,2169541,2183721,2576,2183721,16119,14180
40916833,2183721,2203573,1158,2203573,20450,19852
41184833,2202155,2217753,1158,2217753,16533,15598
41480833,2219171,2231933,1158,2231933,13998,12762
41735833,2231933,2243277,1158,2243277,12149,11344
41974833,2244695,2261711,1158,2261711,18093,17016
42207833,2260293,2278727,1158,2278727,19683,18434
42496833,2278727,2295743,1158,2295743,17449,17016
42781833,2297161,2317013,1158,2317013,20137,19852
43049833,2314177,2328357,1158,2328357,14954,14180
43348833,2328357,2339701,1158,2339701,12455,11344
43606833,2343955,2356717,2576,2356717,13486,12762
43846833,2356717,2376569,1158,2376569,20386,19852
44083833,2370897,2393585,1158,2393585,21781,22688
44392833,2390749,2406347,1158,2406347,14351,15598
44719833,2406347,2413437,1158,2413437,8414,7090
44983833,2413437,2420527,1158,2420527,7769,7090
45233833,2421945,2431871,1158,2431871,10706,9926
45473833,2433289,2448887,1158,2448887,16931,15598
45716833,2448887,2463067,1158,2463067,14992,14180
45994833,2465903,2490009,1158,2490009,24093,24106
46242833,2481501,2505607,1158,2505607,23995,24106
46566833,2504189,2516951,1158,2516951,13221,12762
46918833,2524041,2549565,1158,2549565,24496,25524
47209833,2542475,2555237,1158,2555237,12715,12762
47574833,2562327,2575089,1158,2575089,13434,12762
47863833,2576507,2582179,1158,2582179,7084,5672
48114833,2582179,2587851,1158,2587851,6625,5672
48358833,2589269,2596359,1158,2596359,8198,7090
48596833,2596359,2603449,1158,2603449,7843,7090
48831833,2603449,2610539,1158,2610539,7919,7090
49063833,2611957,2619047,2576,2619047,9929,7090
49295833,2619047,2626137,1158,2626137,8300,7090
49526833,2626137,2633227,1158,2633227,7369,7090
49756833,2633227,2640317,1158,2640317,8256,7090
49986833,2640317,2651661,1158,2651661,12103,11344
50216833,2651661,2667259,1158,2667259,15740,15598
50454833,2667259,2678603,1158,2678603,12632,11344
50725833,2678603,2688529,1158,2688529,11156,9926
50972833,2688529,2697037,1158,2697037,8847,8508
51210833,2698455,2716889,1158,2716889,18545,18434
51444833,2714053,2735323,2576,2735323,22563,21270
51747833,2732487,2756593,1158,2756593,24901,24106
52070833,2753757,2769355,1158,2769355,15468,15598
52439833,2777863,2807641,1158,2807641,30296,29778
52742833,2794879,2817567,1158,2817567,22149,22688
53179833,2826075,2844509,1158,2844509,19687,18434
53518833,2847345,2874287,1158,2874287,25788,26942
53820833,2865779,2896975,1158,2896975,31081,31196
54201833,2889885,2922499,1158,2922499,31728,32614
54655833,2919663,2948023,1158,2948023,27884,28360
55149833,2953695,2979219,1158,2979219,25799,25524
55574833,2980637,3010415,1158,3010415,28822,29778
55981833,3007579,3027431,1158,3027431,19560,19852
56428833,3037357,3072807,1158,3072807,34325,35450
56790833,3060045,3088405,1158,3088405,27139,28360
57308833,3095495,3123855,1158,3123855,27557,28360
57753833,3123855,3145125,1158,3145125,21899,21270
58183833,3150797,3164977,1158,3164977,14988,14180
58492833,3167813,3177739,1158,3177739,10934,9926
58743833,3179157,3191919,2576,3191919,15300,12762
58984833,3193337,3208935,1158,3208935,15854,15598
59244833,3210353,3234459,1158,3234459,24670,24106
59496833,3224533,3251475,1158,3251475,26970,26942
59830833,3245803,3259983,1158,3259983,13199,14180
