timestamp,cWnd0,cWnd1
611833,5672,5672
611833,13606,1500
829833,13606,1500
1052833,15886,1500
1329833,21963,1500
1593833,30869,1500
1924833,22499,1500
2364833,21986,1500
2748833,18872,1500
3102833,18401,1500
3411833,12785,1500
3701833,12183,1500
3945833,18088,1500
4180833,18302,1500
4476833,16233,1500
4763833,23044,1500
5030833,15436,1500
5380833,24308,1500
5676833,19897,1500
6059833,17123,1500
6392833,17919,1500
6685833,11577,1500
6971833,14292,1500
7222833,10310,1500
7463833,16078,1500
7697833,10209,1500
7956833,13683,1500
8200833,10070,1500
8439833,18781,1500
8673833,19011,1500
8961833,21253,1500
9266833,23847,1500
9593833,14777,1500
9962833,24639,1500
10256833,24532,1500
10640833,25832,1500
11042833,28302,1500
11467833,16526,1500
11916833,19132,1500
12225833,17094,1500
12534833,19316,1500
12824833,19601,1500
13129833,21602,1500
13437833,24659,1500
13783833,21251,1500
14176833,22600,1500
14524833,17274,1500
14879833,21852,1500
15183833,23486,1500
15530833,31014,1500
15904833,24983,1500
16377833,32715,1500
16804833,21932,1500
17339833,26702,1500
17752833,13189,1500
18178833,19338,1500
18476833,13640,1500
18782833,13619,1500
19030833,9908,1500
19265833,11024,1500
19497833,11815,1500
19728833,15183,1500
19959833,11649,1500
20204833,16207,1500
20440833,20075,1500
20697833,21670,1500
21003833,17295,1500
21347833,21130,1500
21653833,43211,1500
21980833,30568,1500
22463833,29136,1500
23071833,20142,1500
23472833,18425,1500
23796833,16721,1500
24085833,12925,1500
24348833,28778,1500
24589833,23002,1500
24952833,14321,1500
25370833,21114,1500
25675833,23415,1500
26003833,28451,1500
26372833,30687,1500
26826833,26278,1500
27320833,21517,1500
27730833,27854,1500
28101833,21878,1500
28542833,35573,1500
28930833,36960,1500
29491833,35351,1500
30105833,34911,1500
30678833,25039,1500
31250833,24408,1500
31661833,13435,1500
32066833,20446,1500
32367833,9777,1500
32693833,8282,1500
32973833,7066,1500
33229833,12943,1500
33474833,14338,1500
33746833,15454,1500
33997833,7671,1500
34238833,5579,1500
34474833,5050,1500
34708833,7933,1500
34940833,13058,1500
35173833,11306,1500
35426833,13157,1500
35667833,13924,1500
35902833,25278,1500
36134833,24100,1500
36466833,13555,1500
36847833,15177,1500
37111833,8674,1500
37355833,11995,1500
37591833,11029,1500
37824833,14824,1500
38055833,12799,1500
38298833,16086,1500
38532833,17763,1500
38785833,22524,1500
39061833,18449,1500
39392833,9731,1500
39711833,19729,1500
39981833,10633,1500
40292833,17726,1500
40563833,11093,1500
40851833,12721,1500
41105833,15783,1500
41343833,16426,1500
41598833,20266,1500
41858833,26825,1500
42169833,15716,1500
42560833,19391,1500
42875833,19368,1500
43185833,25423,1500
43494833,23714,1500
43878833,25595,1500
44261833,27730,1500
44683833,21726,1500
45132833,20179,1500
45488833,14656,1500
45812833,14149,1500
46062833,15786,1500
46299833,21197,1500
46561833,23115,1500
46872833,16722,1500
47235833,22103,1500
47544833,15554,1500
47892833,18827,1500
48174833,17013,1500
48477833,13428,1500
48744833,10816,1500
48985833,10651,1500
49220833,13165,1500
49452833,12140,1500
49699833,23416,1500
49935833,17763,1500
50266833,11880,1500
50587833,12574,1500
50835833,21332,1500
51072833,21584,1500
51407833,12139,1500
51760833,21953,1500
52052833,17681,1500
52399833,22299,1500
52710833,17159,1500
53058833,18227,1500
53354833,14152,1500
53641833,11936,1500
53886833,15740,1500
54122833,21622,1500
54399833,14722,1500
54727833,13654,1500
54988833,12154,1500
55228833,8273,1500
55461833,13592,1500
55692833,22092,1500
55937833,34946,1500
56259833,19304,1500
56691833,17747,1500
57078833,18307,1500
57374833,17022,1500
57661833,14875,1500
57947833,14952,1500
58194833,17347,1500
58434833,11410,1500
58705833,11903,1500
58950833,7637,1500
59186833,5156,1500
59419833,6218,1500
59651833,6351,1500
59882833,4567,1500
