timestamp,unAck0,unAck1
611833,5672,5672
611833,5672,5672
829833,12762,5672
1052833,15598,1418
1329833,21270,1418
1593833,29778,1418
1924833,21270,1418
2364833,21270,1418
2748833,18434,1418
3102833,17016,1418
3411833,12762,1418
3701833,11344,1418
3945833,17016,1418
4180833,17016,1418
4476833,15598,0
4763833,22688,1418
5030833,14180,1418
5380833,24106,1418
5676833,19852,1418
6059833,17016,1418
6392833,17016,1418
6685833,11344,1418
6971833,14180,1418
7222833,9926,1418
7463833,15598,1418
7697833,9926,1418
7956833,12762,1418
8200833,9926,1418
8439833,18434,1418
8673833,18434,1418
8961833,18434,1418
9266833,22688,1418
9593833,14180,1418
9962833,24106,1418
10256833,24106,1418
10640833,25524,1418
11042833,26942,1418
11467833,15598,1418
11916833,18434,1418
12225833,17016,1418
12534833,18434,1418
12824833,18434,1418
13129833,21270,1418
13437833,24106,1418
13783833,18434,1418
14176833,21270,1418
14524833,15598,1418
14879833,21270,1418
15183833,22688,1418
15530833,29778,1418
15904833,24106,0
16377833,32614,1418
16804833,21270,1418
17339833,25524,0
17752833,12762,1418
18178833,18434,1418
18476833,12762,1418
18782833,12762,1418
19030833,8508,1418
19265833,9926,1418
19497833,11344,1418
19728833,14180,1418
19959833,11344,1418
20204833,15598,1418
20440833,19852,1418
20697833,21270,1418
21003833,17016,1418
21347833,19852,1418
21653833,42540,1418
21980833,29778,1418
22463833,28360,1418
23071833,19852,1418
23472833,17016,1418
23796833,15598,1418
24085833,12762,1418
24348833,28360,1418
24589833,22688,1418
24952833,14180,1418
25370833,19852,1418
25675833,22688,1418
26003833,28360,1418
26372833,29778,1418
26826833,25524,1418
27320833,19852,0
27730833,26942,1418
28101833,21270,1418
28542833,35450,1418
28930833,36868,1418
29491833,34032,1418
30105833,34032,1418
30678833,24106,1418
31250833,24106,1418
31661833,12762,1418
32066833,19852,1418
32367833,8508,1418
32693833,7090,1418
32973833,5672,1418
33229833,12762,1418
33474833,14180,1418
33746833,12762,0
33997833,7090,1418
34238833,4254,1418
34474833,4254,1418
34708833,7090,1418
34940833,12762,1418
35173833,9926,1418
35426833,12762,1418
35667833,12762,1418
35902833,24106,1418
36134833,22688,1418
36466833,12762,1418
36847833,14180,1418
37111833,8508,1418
37355833,11344,1418
37591833,9926,1418
37824833,14180,1418
38055833,12762,1418
38298833,15598,1418
38532833,17016,1418
38785833,21270,1418
39061833,18434,1418
39392833,8508,1418
39711833,18434,1418
39981833,9926,1418
40292833,17016,1418
40563833,9926,0
40851833,11344,1418
41105833,15598,1418
41343833,15598,1418
41598833,19852,1418
41858833,25524,1418
42169833,15598,1418
42560833,18434,1418
42875833,18434,1418
43185833,24106,1418
43494833,21270,1418
43878833,25524,1418
44261833,26942,1418
44683833,21270,1418
45132833,19852,1418
45488833,14180,1418
45812833,12762,1418
46062833,15598,1418
46299833,18434,1418
46561833,22688,1418
46872833,15598,1418
47235833,21270,1418
47544833,14180,1418
47892833,18434,1418
48174833,15598,1418
48477833,12762,1418
48744833,9926,1418
48985833,9926,1418
49220833,12762,1418
49452833,11344,1418
49699833,22688,1418
49935833,17016,1418
50266833,11344,1418
50587833,11344,1418
50835833,21270,1418
51072833,21270,1418
51407833,11344,1418
51760833,21270,1418
52052833,17016,1418
52399833,19852,1418
52710833,15598,1418
53058833,17016,1418
53354833,12762,1418
53641833,11344,1418
53886833,15598,1418
54122833,19852,1418
54399833,14180,1418
54727833,12762,1418
54988833,11344,1418
55228833,7090,1418
55461833,12762,1418
55692833,21270,1418
55937833,34032,1418
56259833,18434,1418
56691833,17016,1418
57078833,17016,1418
57374833,17016,1418
57661833,14180,1418
57947833,14180,1418
58194833,17016,1418
58434833,11344,1418
58705833,11344,1418
58950833,7090,1418
59186833,4254,1418
59419833,5672,1418
59651833,5672,1418
59882833,4254,1418
