timestamp,rtt0,rtt1
611833,218,184
611833,218,184
829833,223,184
1052833,277,219
1329833,264,221
1593833,331,222
1924833,440,224
2364833,384,225
2748833,354,226
3102833,309,227
3411833,290,227
3701833,244,227
3945833,235,228
4180833,296,228
4476833,287,228
4763833,267,229
5030833,350,229
5380833,296,229
5676833,383,229
6059833,333,229
6392833,293,229
6685833,286,229
6971833,251,230
7222833,241,230
7463833,234,230
7697833,259,230
7956833,244,230
8200833,239,230
8439833,234,230
8673833,288,230
8961833,305,230
9266833,327,230
9593833,369,230
9962833,294,230
10256833,384,230
10640833,402,230
11042833,425,230
11467833,449,230
11916833,309,230
12225833,309,230
12534833,290,230
12824833,305,230
13129833,308,230
13437833,346,230
13783833,393,230
14176833,348,230
14524833,355,230
14879833,304,230
15183833,347,230
15530833,374,230
15904833,473,230
16377833,427,230
16804833,535,230
17339833,413,230
17752833,426,230
18178833,298,230
18476833,306,230
18782833,248,230
19030833,235,230
19265833,232,230
19497833,231,230
19728833,231,230
19959833,245,230
20204833,236,230
20440833,257,230
20697833,306,230
21003833,344,230
21347833,306,230
21653833,327,230
21980833,483,230
22463833,608,230
23071833,401,230
23472833,324,230
23796833,289,230
24085833,263,230
24348833,241,230
24589833,363,230
24952833,418,230
25370833,305,230
25675833,328,230
26003833,369,230
26372833,454,230
26826833,494,230
27320833,410,230
27730833,371,230
28101833,441,230
28542833,388,230
28930833,561,230
29491833,614,230
30105833,573,230
30678833,572,230
31250833,411,230
31661833,405,230
32066833,301,230
32367833,326,230
32693833,280,230
32973833,256,230
33229833,245,230
33474833,272,230
33746833,251,230
33997833,241,230
34238833,236,230
34474833,234,230
34708833,232,230
34940833,233,230
35173833,253,230
35426833,241,230
35667833,235,230
35902833,232,230
36134833,332,230
36466833,381,230
36847833,264,230
37111833,244,230
37355833,236,230
37591833,233,230
37824833,231,230
38055833,243,230
38298833,234,230
38532833,253,230
38785833,276,230
39061833,331,230
39392833,319,230
39711833,270,230
39981833,311,230
40292833,271,230
40563833,288,230
40851833,254,230
41105833,238,230
41343833,255,230
41598833,260,230
41858833,311,230
42169833,391,230
42560833,315,230
42875833,310,230
43185833,309,230
43494833,384,230
43878833,383,230
44261833,422,230
44683833,449,230
45132833,356,230
45488833,324,230
45812833,250,230
46062833,237,230
46299833,262,230
46561833,311,230
46872833,363,230
47235833,309,230
47544833,348,230
47892833,282,230
48174833,303,230
48477833,267,230
48744833,241,230
48985833,235,230
49220833,232,230
49452833,247,230
49699833,236,230
49935833,331,230
50266833,321,230
50587833,248,230
50835833,237,230
51072833,335,230
51407833,353,230
51760833,292,230
52052833,347,230
52399833,311,230
52710833,348,230
53058833,296,230
53354833,287,230
53641833,245,230
53886833,236,230
54122833,277,230
54399833,328,230
54727833,261,230
54988833,240,230
55228833,233,230
55461833,231,230
55692833,245,230
55937833,322,230
56259833,432,230
56691833,387,230
57078833,296,230
57374833,287,230
57661833,286,230
57947833,247,230
58194833,240,230
58434833,271,230
58705833,245,230
58950833,236,230
59186833,233,230
59419833,232,230
59651833,231,230
59882833,231,230
