timestamp,availableTxBuffer0,availableTxBuffer1
611833,246472,246472
611833,246472,246472
829833,239382,246472
1052833,236546,250726
1329833,230874,250726
1593833,222366,250726
1924833,230874,250726
2364833,230874,250726
2748833,233710,250726
3102833,235128,250726
3411833,239382,250726
3701833,240800,250726
3945833,235128,250726
4180833,235128,250726
4476833,236546,252144
4763833,229456,250726
5030833,237964,250726
5380833,228038,250726
5676833,232292,250726
6059833,235128,250726
6392833,235128,250726
6685833,240800,250726
6971833,237964,250726
7222833,242218,250726
7463833,236546,250726
7697833,242218,250726
7956833,239382,250726
8200833,242218,250726
8439833,233710,250726
8673833,233710,250726
8961833,233710,250726
9266833,229456,250726
9593833,237964,250726
9962833,228038,250726
10256833,228038,250726
10640833,226620,250726
11042833,225202,250726
11467833,236546,250726
11916833,233710,250726
12225833,235128,250726
12534833,233710,250726
12824833,233710,250726
13129833,230874,250726
13437833,228038,250726
13783833,233710,250726
14176833,230874,250726
14524833,236546,250726
14879833,230874,250726
15183833,229456,250726
15530833,222366,250726
15904833,228038,252144
16377833,219530,250726
16804833,230874,250726
17339833,226620,252144
17752833,239382,250726
18178833,233710,250726
18476833,239382,250726
18782833,239382,250726
19030833,243636,250726
19265833,242218,250726
19497833,240800,250726
19728833,237964,250726
19959833,240800,250726
20204833,236546,250726
20440833,232292,250726
20697833,230874,250726
21003833,235128,250726
21347833,232292,250726
21653833,209604,250726
21980833,222366,250726
22463833,223784,250726
23071833,232292,250726
23472833,235128,250726
23796833,236546,250726
24085833,239382,250726
24348833,223784,250726
24589833,229456,250726
24952833,237964,250726
25370833,232292,250726
25675833,229456,250726
26003833,223784,250726
26372833,222366,250726
26826833,226620,250726
27320833,232292,252144
27730833,225202,250726
28101833,230874,250726
28542833,216694,250726
28930833,215276,250726
29491833,218112,250726
30105833,218112,250726
30678833,228038,250726
31250833,228038,250726
31661833,239382,250726
32066833,232292,250726
32367833,243636,250726
32693833,245054,250726
32973833,246472,250726
33229833,239382,250726
33474833,237964,250726
33746833,239382,252144
33997833,245054,250726
34238833,247890,250726
34474833,247890,250726
34708833,245054,250726
34940833,239382,250726
35173833,242218,250726
35426833,239382,250726
35667833,239382,250726
35902833,228038,250726
36134833,229456,250726
36466833,239382,250726
36847833,237964,250726
37111833,243636,250726
37355833,240800,250726
37591833,242218,250726
37824833,237964,250726
38055833,239382,250726
38298833,236546,250726
38532833,235128,250726
38785833,230874,250726
39061833,233710,250726
39392833,243636,250726
39711833,233710,250726
39981833,242218,250726
40292833,235128,250726
40563833,242218,252144
40851833,240800,250726
41105833,236546,250726
41343833,236546,250726
41598833,232292,250726
41858833,226620,250726
42169833,236546,250726
42560833,233710,250726
42875833,233710,250726
43185833,228038,250726
43494833,230874,250726
43878833,226620,250726
44261833,225202,250726
44683833,230874,250726
45132833,232292,250726
45488833,237964,250726
45812833,239382,250726
46062833,236546,250726
46299833,233710,250726
46561833,229456,250726
46872833,236546,250726
47235833,230874,250726
47544833,237964,250726
47892833,233710,250726
48174833,236546,250726
48477833,239382,250726
48744833,242218,250726
48985833,242218,250726
49220833,239382,250726
49452833,240800,250726
49699833,229456,250726
49935833,235128,250726
50266833,240800,250726
50587833,240800,250726
50835833,230874,250726
51072833,230874,250726
51407833,240800,250726
51760833,230874,250726
52052833,235128,250726
52399833,232292,250726
52710833,236546,250726
53058833,235128,250726
53354833,239382,250726
53641833,240800,250726
53886833,236546,250726
54122833,232292,250726
54399833,237964,250726
54727833,239382,250726
54988833,240800,250726
55228833,245054,250726
55461833,239382,250726
55692833,230874,250726
55937833,218112,250726
56259833,233710,250726
56691833,235128,250726
57078833,235128,250726
57374833,235128,250726
57661833,237964,250726
57947833,237964,250726
58194833,235128,250726
58434833,240800,250726
58705833,240800,250726
58950833,245054,250726
59186833,247890,250726
59419833,246472,250726
59651833,246472,250726
59882833,247890,250726
