timestamp,rWnd0,rWnd1
611833,1073725440,1073725440
611833,1073725440,1073725440
829833,1073725440,1073725440
1052833,1073725440,1073725440
1329833,1073725440,1073725440
1593833,1073725440,1073725440
1924833,1073725440,1073725440
2364833,1073725440,1073725440
2748833,1073725440,1073725440
3102833,1073725440,1073725440
3411833,1073725440,1073725440
3701833,1073725440,1073725440
3945833,1073725440,1073725440
4180833,1073725440,1073725440
4476833,1073725440,1073725440
4763833,1073725440,1073725440
5030833,1073725440,1073725440
5380833,1073725440,1073725440
5676833,1073725440,1073725440
6059833,1073725440,1073725440
6392833,1073725440,1073725440
6685833,1073725440,1073725440
6971833,1073725440,1073725440
7222833,1073725440,1073725440
7463833,1073725440,1073725440
7697833,1073725440,1073725440
7956833,1073725440,1073725440
8200833,1073725440,1073725440
8439833,1073725440,1073725440
8673833,1073725440,1073725440
8961833,1073725440,1073725440
9266833,1073725440,1073725440
9593833,1073725440,1073725440
9962833,1073725440,1073725440
10256833,1073725440,1073725440
10640833,1073725440,1073725440
11042833,1073725440,1073725440
11467833,1073725440,1073725440
11916833,1073725440,1073725440
12225833,1073725440,1073725440
12534833,1073725440,1073725440
12824833,1073725440,1073725440
13129833,1073725440,1073725440
13437833,1073725440,1073725440
13783833,1073725440,1073725440
14176833,1073725440,1073725440
14524833,1073725440,1073725440
14879833,1073725440,1073725440
15183833,1073725440,1073725440
15530833,1073725440,1073725440
15904833,1073725440,1073725440
16377833,1073725440,1073725440
16804833,1073725440,1073725440
17339833,1073725440,1073725440
17752833,1073725440,1073725440
18178833,1073725440,1073725440
18476833,1073725440,1073725440
18782833,1073725440,1073725440
19030833,1073725440,1073725440
19265833,1073725440,1073725440
19497833,1073725440,1073725440
19728833,1073725440,1073725440
19959833,1073725440,1073725440
20204833,1073725440,1073725440
20440833,1073725440,1073725440
20697833,1073725440,1073725440
21003833,1073725440,1073725440
21347833,1073725440,1073725440
21653833,1073725440,1073725440
21980833,1073725440,1073725440
22463833,1073725440,1073725440
23071833,1073725440,1073725440
23472833,1073725440,1073725440
23796833,1073725440,1073725440
24085833,1073725440,1073725440
24348833,1073725440,1073725440
24589833,1073725440,1073725440
24952833,1073725440,1073725440
25370833,1073725440,1073725440
25675833,1073725440,1073725440
26003833,1073725440,1073725440
26372833,1073725440,1073725440
26826833,1073725440,1073725440
27320833,1073725440,1073725440
27730833,1073725440,1073725440
28101833,1073725440,1073725440
28542833,1073725440,1073725440
28930833,1073725440,1073725440
29491833,1073725440,1073725440
30105833,1073725440,1073725440
30678833,1073725440,1073725440
31250833,1073725440,1073725440
31661833,1073725440,1073725440
32066833,1073725440,1073725440
32367833,1073725440,1073725440
32693833,1073725440,1073725440
32973833,1073725440,1073725440
33229833,1073725440,1073725440
33474833,1073725440,1073725440
33746833,1073725440,1073725440
33997833,1073725440,1073725440
34238833,1073725440,1073725440
34474833,1073725440,1073725440
34708833,1073725440,1073725440
34940833,1073725440,1073725440
35173833,1073725440,1073725440
35426833,1073725440,1073725440
35667833,1073725440,1073725440
35902833,1073725440,1073725440
36134833,1073725440,1073725440
36466833,1073725440,1073725440
36847833,1073725440,1073725440
37111833,1073725440,1073725440
37355833,1073725440,1073725440
37591833,1073725440,1073725440
37824833,1073725440,1073725440
38055833,1073725440,1073725440
38298833,1073725440,1073725440
38532833,1073725440,1073725440
38785833,1073725440,1073725440
39061833,1073725440,1073725440
39392833,1073725440,1073725440
39711833,1073725440,1073725440
39981833,1073725440,1073725440
40292833,1073725440,1073725440
40563833,1073725440,1073725440
40851833,1073725440,1073725440
41105833,1073725440,1073725440
41343833,1073725440,1073725440
41598833,1073725440,1073725440
41858833,1073725440,1073725440
42169833,1073725440,1073725440
42560833,1073725440,1073725440
42875833,1073725440,1073725440
43185833,1073725440,1073725440
43494833,1073725440,1073725440
43878833,1073725440,1073725440
44261833,1073725440,1073725440
44683833,1073725440,1073725440
45132833,1073725440,1073725440
45488833,1073725440,1073725440
45812833,1073725440,1073725440
46062833,1073725440,1073725440
46299833,1073725440,1073725440
46561833,1073725440,1073725440
46872833,1073725440,1073725440
47235833,1073725440,1073725440
47544833,1073725440,1073725440
47892833,1073725440,1073725440
48174833,1073725440,1073725440
48477833,1073725440,1073725440
48744833,1073725440,1073725440
48985833,1073725440,1073725440
49220833,1073725440,1073725440
49452833,1073725440,1073725440
49699833,1073725440,1073725440
49935833,1073725440,1073725440
50266833,1073725440,1073725440
50587833,1073725440,1073725440
50835833,1073725440,1073725440
51072833,1073725440,1073725440
51407833,1073725440,1073725440
51760833,1073725440,1073725440
52052833,1073725440,1073725440
52399833,1073725440,1073725440
52710833,1073725440,1073725440
53058833,1073725440,1073725440
53354833,1073725440,1073725440
53641833,1073725440,1073725440
53886833,1073725440,1073725440
54122833,1073725440,1073725440
54399833,1073725440,1073725440
54727833,1073725440,1073725440
54988833,1073725440,1073725440
55228833,1073725440,1073725440
55461833,1073725440,1073725440
55692833,1073725440,1073725440
55937833,1073725440,1073725440
56259833,1073725440,1073725440
56691833,1073725440,1073725440
57078833,1073725440,1073725440
57374833,1073725440,1073725440
57661833,1073725440,1073725440
57947833,1073725440,1073725440
58194833,1073725440,1073725440
58434833,1073725440,1073725440
58705833,1073725440,1073725440
58950833,1073725440,1073725440
59186833,1073725440,1073725440
59419833,1073725440,1073725440
59651833,1073725440,1073725440
59882833,1073725440,1073725440
