timestamp,lastAckedSeq,highTxMark,availableTxBuffer,nextTxSeq,totalCwnd,unAckMeta
611833,5673,17017,1158,17017,11344,11344
611833,5673,17017,1158,17017,15106,11344
829833,11345,29779,1158,29779,15106,18434
1052833,29779,46795,1158,46795,17386,17016
1329833,48213,70901,1158,70901,23463,22688
1593833,65229,96425,1158,96425,32369,31196
1924833,86499,110605,1158,110605,23999,24106
2364833,114859,138965,1158,138965,23486,24106
2748833,140383,160235,1158,160235,20372,19852
3102833,163071,182923,1158,182923,19901,19852
3411833,182923,197103,1158,197103,14285,14180
3701833,199939,212701,1158,212701,13683,12762
3945833,212701,231135,1158,231135,19588,18434
4180833,228299,246733,1158,246733,19802,18434
4476833,246733,263749,1158,263749,17733,17016
4763833,265167,290691,1158,290691,24544,25524
5030833,283601,300617,1158,300617,16936,17016
5380833,306289,331813,1158,331813,25808,25524
5676833,326141,348829,1158,348829,21397,22688
6059833,351665,370099,1158,370099,18623,18434
6392833,372935,392787,1158,392787,19419,19852
6685833,392787,405549,1158,405549,13077,12762
6971833,408385,423983,1158,423983,15792,15598
7222833,423983,435327,1158,435327,11810,11344
7463833,436745,453761,1158,453761,17578,17016
7697833,452343,463687,1158,463687,11709,11344
7956833,465105,479285,1158,479285,15183,14180
8200833,479285,490629,1158,490629,11570,11344
8439833,492047,511899,1158,511899,20281,19852
8673833,506227,526079,1158,526079,20511,19852
8961833,526079,545931,2576,545931,22753,19852
9266833,544513,570037,1158,570037,25347,25524
9593833,565783,582799,1158,582799,16277,17016
9962833,589889,616831,1158,616831,26139,26942
10256833,609741,636683,1158,636683,26032,26942
10640833,635265,662207,1158,662207,27332,26942
11042833,660789,690567,1158,690567,29802,29778
11467833,687731,706165,1158,706165,18026,18434
11916833,717509,738779,1158,738779,20632,21270
12225833,738779,757213,1158,757213,18594,18434
12534833,758631,778483,1158,778483,20816,19852
12824833,777065,798335,1158,798335,21101,21270
13129833,798335,821023,1158,821023,23102,22688
13437833,818187,843711,1158,843711,26159,25524
13783833,840875,862145,2576,862145,22751,21270
14176833,866399,889087,1158,889087,24100,22688
14524833,890505,907521,3994,907521,18774,17016
14879833,911775,934463,1158,934463,23352,22688
15183833,931627,955733,1158,955733,24986,24106
15530833,954315,986929,1158,986929,32514,32614
15904833,977003,1003945,1158,1003945,26483,26942
16377833,1008199,1043649,1158,1043649,34215,35450
16804833,1036559,1060665,1158,1060665,23432,24106
17339833,1072009,1098951,1158,1098951,28202,26942
17752833,1100369,1114549,1158,1114549,14689,14180
18178833,1127311,1147163,1158,1147163,20838,19852
18476833,1145745,1159925,1158,1159925,15140,14180
18782833,1165597,1179777,1158,1179777,15119,14180
19030833,1179777,1189703,1158,1189703,11408,9926
19265833,1191121,1202465,1158,1202465,12524,11344
19497833,1202465,1215227,1158,1215227,13315,12762
19728833,1215227,1230825,1158,1230825,16683,15598
19959833,1229407,1242169,1158,1242169,13149,12762
20204833,1243587,1260603,1158,1260603,17707,17016
20440833,1259185,1280455,1158,1280455,21575,21270
20697833,1273365,1297471,1158,1297471,23170,24106
21003833,1294635,1313069,1158,1313069,18795,18434
21347833,1317323,1340011,1158,1340011,22630,22688
21653833,1335757,1381133,1158,1381133,44711,45376
21980833,1357027,1389641,1158,1389641,32068,32614
22463833,1388223,1419419,1158,1419419,30636,31196
23071833,1429345,1452033,1158,1452033,21642,22688
23472833,1456287,1474721,1158,1474721,19925,18434
23796833,1477557,1494573,1158,1494573,18221,17016
24085833,1495991,1510171,1158,1510171,14425,14180
24348833,1511589,1541367,1158,1541367,30278,29778
24589833,1525769,1551293,1158,1551293,24502,25524
24952833,1549875,1566891,1158,1566891,15821,17016
25370833,1578235,1599505,1158,1599505,22614,21270
25675833,1598087,1623611,1158,1623611,24915,25524
26003833,1617939,1649135,1158,1649135,29951,31196
26372833,1643463,1676077,1158,1676077,32187,32614
26826833,1671823,1700183,1158,1700183,27778,28360
27320833,1705855,1727125,2576,1727125,23017,21270
27730833,1731379,1761157,1158,1761157,29354,29778
28101833,1755485,1779591,1158,1779591,23378,24106
28542833,1785263,1823549,1158,1823549,37073,38286
28930833,1809369,1849073,1158,1849073,38460,39704
29491833,1844819,1883105,1158,1883105,36851,38286
30105833,1885941,1922809,1158,1922809,36411,36868
30678833,1924227,1951169,1158,1951169,26539,26942
31250833,1961095,1988037,1158,1988037,25908,26942
31661833,1989455,2003635,1158,2003635,14935,14180
32066833,2014979,2036249,1158,2036249,21946,21270
32367833,2033413,2044757,1158,2044757,11277,11344
32693833,2046175,2054683,1158,2054683,9782,8508
32973833,2054683,2061773,1158,2061773,8566,7090
33229833,2064609,2078789,1158,2078789,14443,14180
33474833,2078789,2094387,1158,2094387,15838,15598
33746833,2098641,2111403,3994,2111403,16954,12762
33997833,2112821,2121329,1158,2121329,9171,8508
34238833,2121329,2127001,1158,2127001,7079,5672
34474833,2127001,2132673,1158,2132673,6550,5672
34708833,2134091,2142599,1158,2142599,9433,8508
34940833,2142599,2156779,1158,2156779,14558,14180
35173833,2156779,2168123,1158,2168123,12806,11344
35426833,2169541,2183721,1158,2183721,14657,14180
35667833,2183721,2197901,1158,2197901,15424,14180
35902833,2197901,2223425,1158,2223425,26778,25524
36134833,2212081,2237605,1158,2237605,25600,25524
36466833,2234769,2248949,1158,2248949,15055,14180
36847833,2258875,2274473,1158,2274473,16677,15598
37111833,2274473,2284399,1158,2284399,10174,9926
37355833,2285817,2298579,1158,2298579,13495,12762
37591833,2298579,2309923,1158,2309923,12529,11344
37824833,2309923,2325521,1158,2325521,16324,15598
38055833,2325521,2339701,1158,2339701,14299,14180
38298833,2339701,2356717,1158,2356717,17586,17016
38532833,2355299,2373733,1158,2373733,19263,18434
38785833,2372315,2395003,1158,2395003,24024,22688
39061833,2389331,2409183,1158,2409183,19949,19852
39392833,2410601,2420527,1158,2420527,11231,9926
39711833,2426199,2446051,1158,2446051,21229,19852
39981833,2444633,2455977,1158,2455977,12133,11344
40292833,2460231,2478665,1158,2478665,19226,18434
40563833,2477247,2488591,1158,2488591,12593,11344
40851833,2492845,2505607,1158,2505607,14221,12762
41105833,2507025,2524041,1158,2524041,17283,17016
41343833,2522623,2539639,1158,2539639,17926,17016
41598833,2539639,2560909,1158,2560909,21766,21270
41858833,2556655,2583597,1158,2583597,28325,26942
42169833,2575089,2593523,1158,2593523,17216,18434
42560833,2602031,2621883,1158,2621883,20891,19852
42875833,2623301,2643153,1158,2643153,20868,19852
43185833,2643153,2670095,1158,2670095,26923,26942
43494833,2663005,2687111,2576,2687111,25214,24106
43878833,2688529,2715471,1158,2715471,27095,26942
44261833,2712635,2742413,1158,2742413,29230,29778
44683833,2739577,2763683,1158,2763683,23226,24106
45132833,2769355,2792043,1158,2792043,21679,22688
45488833,2793461,2809059,1158,2809059,16156,15598
45812833,2814731,2828911,1158,2828911,15649,14180
46062833,2830329,2847345,1158,2847345,17286,17016
46299833,2845927,2865779,3994,2865779,22697,19852
46561833,2861525,2887049,1158,2887049,24615,25524
46872833,2881377,2899811,1158,2899811,18222,18434
47235833,2905483,2929589,1158,2929589,23603,24106
47544833,2925335,2942351,1158,2942351,17054,17016
47892833,2948023,2967875,1158,2967875,20327,19852
48174833,2966457,2983473,1158,2983473,18513,17016
48477833,2986309,3000489,1158,3000489,14928,14180
48744833,3000489,3011833,1158,3011833,12316,11344
48985833,3011833,3023177,1158,3023177,12151,11344
49220833,3024595,3038775,1158,3038775,14665,14180
49452833,3038775,3051537,1158,3051537,13640,12762
49699833,3051537,3075643,1158,3075643,24916,24106
49935833,3065717,3085569,1158,3085569,19263,19852
50266833,3085569,3098331,1158,3098331,13380,12762
50587833,3105421,3118183,1158,3118183,14074,12762
50835833,3119601,3142289,1158,3142289,22832,22688
51072833,3133781,3157887,1158,3157887,23084,24106
51407833,3156469,3169231,1158,3169231,13639,12762
51760833,3176321,3200427,1158,3200427,23453,24106
52052833,3194755,3214607,1158,3214607,19181,19852
52399833,3218861,3240131,2576,3240131,23799,21270
52710833,3238713,3257147,2576,3257147,18659,18434
53058833,3261401,3279835,1158,3279835,19727,18434
53354833,3279835,3294015,1158,3294015,15652,14180
53641833,3296851,3309613,1158,3309613,13436,12762
53886833,3311031,3328047,1158,3328047,17240,17016
54122833,3326629,3347899,2576,3347899,23122,21270
54399833,3342227,3359243,1158,3359243,16222,17016
54727833,3363497,3377677,1158,3377677,15154,14180
54988833,3377677,3390439,1158,3390439,13654,12762
55228833,3390439,3398947,1158,3398947,9773,8508
55461833,3400365,3414545,1158,3414545,15092,14180
55692833,3414545,3437233,1158,3437233,23592,22688
55937833,3430143,3465593,1158,3465593,36446,35450
56259833,3448577,3471265,1158,3471265,20804,22688
56691833,3478355,3498207,1158,3498207,19247,19852
57078833,3505297,3523731,1158,3523731,19807,18434
57374833,3523731,3542165,1158,3542165,18522,18434
57661833,3543583,3559181,1158,3559181,16375,15598
57947833,3562017,3577615,1158,3577615,16452,15598
58194833,3577615,3596049,1158,3596049,18847,18434
58434833,3593213,3605975,1158,3605975,12910,12762
58705833,3608811,3621573,1158,3621573,13403,12762
58950833,3621573,3630081,1158,3630081,9137,8508
59186833,3630081,3635753,1158,3635753,6656,5672
59419833,3637171,3644261,1158,3644261,7718,7090
59651833,3644261,3651351,1158,3651351,7851,7090
59882833,3651351,3657023,1158,3657023,6067,5672
