timestamp,unAck0,unAck1
611833,5672,5672
611833,5672,5672
829833,7090,5672
1052833,7090,1418
1278833,7090,1418
1506833,4254,1418
1735833,2836,1418
1965833,4254,1418
2195833,5672,1418
2425833,9926,1418
2657833,8508,1418
2905833,7090,1418
3143833,8508,1418
3377833,9926,1418
3609833,11344,1418
3845833,12762,1418
4089833,11344,1418
4336833,14180,1418
4571833,11344,1418
4818833,12762,1418
5055833,12762,1418
5287833,8508,1418
5518833,5672,1418
5749833,7090,1418
5980833,12762,1418
6212833,11344,1418
6462833,12762,1418
6699833,12762,1418
6932833,18434,1418
7163833,24106,1418
7451833,14180,1418
7810833,9926,1418
8094833,5672,1418
8345833,4254,1418
8587833,8508,1418
8824833,9926,1418
9062833,9926,1418
9299833,8508,1418
9532833,11344,1418
9763833,11344,1418
10002833,15598,1418
10235833,18434,1418
10511833,22688,1418
10809833,15598,1418
11168833,18434,1418
11467833,12762,1418
11774833,9926,1418
12027833,9926,1418
12265833,11344,1418
12498833,9926,1418
12738833,9926,1418
12972833,8508,1418
13204833,7090,1418
13435833,9926,1418
13666833,11344,1418
13898833,14180,1418
14131833,12762,1418
14384833,15598,1418
14622833,22688,1418
14877833,15598,1418
15212833,18434,1418
15515833,22688,1418
15823833,19852,1418
16186833,19852,1418
16526833,26942,1418
16860833,19852,1418
17288833,17016,1418
17620833,12762,1418
17906833,12762,1418
18149833,22688,1418
18384833,21270,1418
18716833,12762,1418
19082833,14180,1418
19338833,15598,1418
19581833,12762,1418
19837833,7090,1418
20076833,9926,1418
20310833,9926,1418
20543833,17016,1418
20774833,19852,1418
21054833,26942,1418
21369833,19852,1418
21781833,25524,1418
22149833,22688,1418
22569833,21270,1418
22949833,14180,1418
23294833,18434,1418
23569833,17016,1418
23871833,24106,1418
24160833,21270,1418
24536833,24106,1418
24900833,17016,1418
25299833,15598,1418
25589833,12762,1418
25852833,17016,1418
26093833,18434,1418
26376833,15598,1418
26677833,19852,1418
26952833,15598,1418
27271833,7090,1418
27553833,8508,1418
27807833,8508,1418
28046833,5672,1418
28280833,5672,1418
28512833,9926,1418
28743833,11344,1418
28983833,9926,1418
29225833,5672,1418
29460833,4254,1418
29693833,4254,1418
29925833,4254,1418
30156833,2836,1418
30387833,2836,1418
30617833,5672,1418
30847833,8508,1418
31079833,8508,1418
31320833,5672,1418
31555833,8508,1418
31787833,9926,1418
32021833,7090,1418
32259833,4254,1418
32493833,5672,1418
32726833,11344,1418
32958833,8508,1418
33211833,5672,1418
33451833,4254,1418
33687833,4254,1418
33921833,7090,1418
34153833,5672,1418
34386833,8508,1418
34617833,11344,1418
34852833,8508,1418
35097833,11344,1418
35334833,9926,1418
35569833,9926,1418
35801833,7090,1418
36032833,7090,1418
36262833,12762,1418
36492833,15598,1418
36739833,21270,1418
37005833,24106,1418
37332833,12762,1418
37718833,11344,1418
37991833,8508,1418
38236833,2836,1418
38473833,2836,1418
38708833,5672,1418
38941833,5672,1418
39175833,5672,1418
39407833,8508,1418
39638833,11344,1418
39876833,15598,1418
40125833,28360,1418
40406833,39704,1418
40789833,32614,1418
41318833,55302,1418
41887833,55302,1418
42752833,59556,1418
43681833,34032,1418
44681833,21270,1418
45062833,25524,1418
45422833,17016,1418
45841833,28360,1418
46192833,15598,1418
46649833,32614,1418
47020833,19852,1418
47540833,19852,1418
47904833,11344,1418
48241833,12762,1418
48492833,18434,1418
48730833,25524,1418
49023833,17016,1418
49399833,12762,1418
49702833,8508,1418
49954833,5672,1418
50194833,5672,1418
50430833,4254,1418
50663833,7090,1418
50895833,9926,1418
51128833,9926,1418
51375833,5672,1418
51612833,7090,1418
51846833,11344,1418
52080833,8508,1418
52323833,14180,1418
52559833,17016,1418
52819833,17016,1418
53096833,21270,1418
53379833,25524,1418
53715833,8508,1418
54121833,17016,1418
54451833,8508,1418
54747833,7090,1418
55007833,14180,1418
55252833,11344,1418
55533833,7090,1418
55781833,5672,1418
56020833,8508,1418
56255833,8508,1418
56489833,5672,1418
56721833,5672,1418
56952833,8508,1418
57183833,8508,1418
57416833,8508,1418
57647833,5672,1418
57877833,8508,1418
58107833,8508,1418
58340833,8508,1418
58571833,7090,1418
58802833,8508,1418
59032833,8508,1418
59263833,7090,1418
59493833,8508,1418
59723833,4254,1418
59954833,2836,1418
