timestamp,cWnd0,cWnd1
611833,5672,5672
611833,7939,1500
829833,7939,1500
1052833,7497,1500
1278833,7444,1500
1506833,5497,1500
1735833,3829,1500
1965833,5013,1500
2195833,5831,1500
2425833,10577,1500
2657833,8911,1500
2905833,7140,1500
3143833,9128,1500
3377833,11218,1500
3609833,11611,1500
3845833,13792,1500
4089833,12155,1500
4336833,14387,1500
4571833,11370,1500
4818833,13102,1500
5055833,13161,1500
5287833,9756,1500
5518833,5692,1500
5749833,7890,1500
5980833,13927,1500
6212833,12009,1500
6462833,12774,1500
6699833,13925,1500
6932833,19281,1500
7163833,25397,1500
7451833,15578,1500
7810833,10860,1500
8094833,6322,1500
8345833,5509,1500
8587833,9724,1500
8824833,10014,1500
9062833,10123,1500
9299833,9385,1500
9532833,11743,1500
9763833,12045,1500
10002833,16046,1500
10235833,18471,1500
10511833,23137,1500
10809833,16264,1500
11168833,18849,1500
11467833,13409,1500
11774833,10669,1500
12027833,10246,1500
12265833,11935,1500
12498833,11028,1500
12738833,10889,1500
12972833,9825,1500
13204833,8433,1500
13435833,11331,1500
13666833,11554,1500
13898833,14255,1500
14131833,13241,1500
14384833,15852,1500
14622833,23712,1500
14877833,15718,1500
15212833,19055,1500
15515833,22777,1500
15823833,20945,1500
16186833,19973,1500
16526833,27140,1500
16860833,21005,1500
17288833,18251,1500
17620833,13262,1500
17906833,13986,1500
18149833,24473,1500
18384833,22340,1500
18716833,13855,1500
19082833,15082,1500
19338833,16078,1500
19581833,14132,1500
19837833,8423,1500
20076833,10622,1500
20310833,11303,1500
20543833,17118,1500
20774833,20498,1500
21054833,27122,1500
21369833,20729,1500
21781833,26882,1500
22149833,23112,1500
22569833,21826,1500
22949833,15127,1500
23294833,19737,1500
23569833,18288,1500
23871833,24215,1500
24160833,21272,1500
24536833,24882,1500
24900833,17706,1500
25299833,16782,1500
25589833,13429,1500
25852833,17985,1500
26093833,18446,1500
26376833,16913,1500
26677833,20538,1500
26952833,16368,1500
27271833,8139,1500
27553833,9850,1500
27807833,9474,1500
28046833,6344,1500
28280833,6918,1500
28512833,10895,1500
28743833,12433,1500
28983833,10247,1500
29225833,6519,1500
29460833,5124,1500
29693833,4505,1500
29925833,4391,1500
30156833,3532,1500
30387833,4366,1500
30617833,5802,1500
30847833,9446,1500
31079833,9707,1500
31320833,6813,1500
31555833,8829,1500
31787833,11127,1500
32021833,7565,1500
32259833,5199,1500
32493833,6129,1500
32726833,12557,1500
32958833,9269,1500
33211833,5967,1500
33451833,4492,1500
33687833,4682,1500
33921833,7484,1500
34153833,7073,1500
34386833,9242,1500
34617833,11850,1500
34852833,9542,1500
35097833,12077,1500
35334833,10324,1500
35569833,10011,1500
35801833,7405,1500
36032833,8371,1500
36262833,13521,1500
36492833,16777,1500
36739833,22540,1500
37005833,24167,1500
37332833,13839,1500
37718833,12722,1500
37991833,9139,1500
38236833,3903,1500
38473833,3994,1500
38708833,5978,1500
38941833,6654,1500
39175833,6708,1500
39407833,9875,1500
39638833,11933,1500
39876833,15962,1500
40125833,28968,1500
40406833,40211,1500
40789833,33508,1500
41318833,56445,1500
41887833,55498,1500
42752833,60727,1500
43681833,34072,1500
44681833,22319,1500
45062833,26500,1500
45422833,19080,1500
45841833,28809,1500
46192833,16221,1500
46649833,33521,1500
47020833,20927,1500
47540833,20565,1500
47904833,12050,1500
48241833,13114,1500
48492833,18461,1500
48730833,25818,1500
49023833,17995,1500
49399833,12838,1500
49702833,9568,1500
49954833,5718,1500
50194833,6045,1500
50430833,5581,1500
50663833,7998,1500
50895833,10129,1500
51128833,10266,1500
51375833,5997,1500
51612833,9435,1500
51846833,11725,1500
52080833,9850,1500
52323833,15305,1500
52559833,17502,1500
52819833,18119,1500
53096833,22651,1500
53379833,26702,1500
53715833,9961,1500
54121833,17651,1500
54451833,9495,1500
54747833,7286,1500
55007833,14465,1500
55252833,12335,1500
55533833,8317,1500
55781833,6391,1500
56020833,8732,1500
56255833,8582,1500
56489833,5672,1500
56721833,6311,1500
56952833,8707,1500
57183833,9393,1500
57416833,9145,1500
57647833,6876,1500
57877833,8752,1500
58107833,9509,1500
58340833,8620,1500
58571833,7387,1500
58802833,9588,1500
59032833,9755,1500
59263833,8075,1500
59493833,8531,1500
59723833,5450,1500
59954833,3544,1500
