timestamp,rtt0,rtt1
611833,218,184
611833,218,184
829833,223,184
1052833,226,219
1278833,228,221
1506833,229,222
1735833,230,223
1965833,230,224
2195833,230,225
2425833,232,225
2657833,248,226
2905833,238,226
3143833,234,227
3377833,232,227
3609833,236,227
3845833,244,228
4089833,247,228
4336833,235,228
4571833,247,228
4818833,237,229
5055833,232,229
5287833,231,229
5518833,231,229
5749833,231,229
5980833,232,229
6212833,250,229
6462833,237,229
6699833,233,229
6932833,231,229
7163833,288,229
7451833,359,230
7810833,284,230
8094833,251,230
8345833,242,230
8587833,237,230
8824833,238,230
9062833,237,230
9299833,233,230
9532833,231,230
9763833,239,230
10002833,233,230
10235833,276,230
10511833,298,230
10809833,359,230
11168833,299,230
11467833,307,230
11774833,253,230
12027833,238,230
12265833,233,230
12498833,240,230
12738833,234,230
12972833,232,230
13204833,231,230
13435833,231,230
13666833,232,230
13898833,233,230
14131833,253,230
14384833,238,230
14622833,255,230
14877833,335,230
15212833,303,230
15515833,308,230
15823833,363,230
16186833,340,230
16526833,334,230
16860833,428,230
17288833,332,230
17620833,286,230
17906833,243,230
18149833,235,230
18384833,332,230
18716833,366,230
19082833,256,230
19338833,243,230
19581833,256,230
19837833,239,230
20076833,234,230
20310833,233,230
20543833,231,230
20774833,280,230
21054833,315,230
21369833,412,230
21781833,368,230
22149833,420,230
22569833,380,230
22949833,345,230
23294833,275,230
23569833,302,230
23871833,289,230
24160833,376,230
24536833,364,230
24900833,399,230
25299833,290,230
25589833,263,230
25852833,241,230
26093833,283,230
26376833,301,230
26677833,275,230
26952833,319,230
27271833,282,230
27553833,254,230
27807833,239,230
28046833,234,230
28280833,232,230
28512833,231,230
28743833,240,230
28983833,242,230
29225833,235,230
29460833,233,230
29693833,232,230
29925833,231,230
30156833,231,230
30387833,230,230
30617833,230,230
30847833,232,230
31079833,241,230
31320833,235,230
31555833,232,230
31787833,234,230
32021833,238,230
32259833,234,230
32493833,233,230
32726833,232,230
32958833,253,230
33211833,240,230
33451833,236,230
33687833,234,230
33921833,232,230
34153833,233,230
34386833,231,230
34617833,235,230
34852833,245,230
35097833,237,230
35334833,235,230
35569833,232,230
35801833,231,230
36032833,230,230
36262833,230,230
36492833,247,230
36739833,266,230
37005833,327,230
37332833,386,230
37718833,273,230
37991833,245,230
38236833,237,230
38473833,235,230
38708833,233,230
38941833,234,230
39175833,232,230
39407833,231,230
39638833,238,230
39876833,249,230
40125833,281,230
40406833,383,230
40789833,529,230
41318833,569,230
41887833,865,230
42752833,929,230
43681833,1000,230
44681833,381,230
45062833,360,230
45422833,419,230
45841833,351,230
46192833,457,230
46649833,371,230
47020833,520,230
47540833,364,230
47904833,337,230
48241833,251,230
48492833,238,230
48730833,293,230
49023833,376,230
49399833,303,230
49702833,252,230
49954833,240,230
50194833,236,230
50430833,233,230
50663833,232,230
50895833,233,230
51128833,247,230
51375833,237,230
51612833,234,230
51846833,234,230
52080833,243,230
52323833,236,230
52559833,260,230
52819833,277,230
53096833,283,230
53379833,336,230
53715833,406,230
54121833,330,230
54451833,296,230
54747833,260,230
55007833,245,230
55252833,281,230
55533833,248,230
55781833,239,230
56020833,235,230
56255833,234,230
56489833,232,230
56721833,231,230
56952833,231,230
57183833,233,230
57416833,231,230
57647833,230,230
57877833,230,230
58107833,233,230
58340833,231,230
58571833,231,230
58802833,230,230
59032833,231,230
59263833,230,230
59493833,230,230
59723833,231,230
59954833,230,230
