timestamp,availableTxBuffer0,availableTxBuffer1
611833,246472,246472
611833,246472,246472
829833,245054,246472
1052833,245054,250726
1278833,245054,250726
1506833,247890,250726
1735833,249308,250726
1965833,247890,250726
2195833,246472,250726
2425833,242218,250726
2657833,243636,250726
2905833,245054,250726
3143833,243636,250726
3377833,242218,250726
3609833,240800,250726
3845833,239382,250726
4089833,240800,250726
4336833,237964,250726
4571833,240800,250726
4818833,239382,250726
5055833,239382,250726
5287833,243636,250726
5518833,246472,250726
5749833,245054,250726
5980833,239382,250726
6212833,240800,250726
6462833,239382,250726
6699833,239382,250726
6932833,233710,250726
7163833,228038,250726
7451833,237964,250726
7810833,242218,250726
8094833,246472,250726
8345833,247890,250726
8587833,243636,250726
8824833,242218,250726
9062833,242218,250726
9299833,243636,250726
9532833,240800,250726
9763833,240800,250726
10002833,236546,250726
10235833,233710,250726
10511833,229456,250726
10809833,236546,250726
11168833,233710,250726
11467833,239382,250726
11774833,242218,250726
12027833,242218,250726
12265833,240800,250726
12498833,242218,250726
12738833,242218,250726
12972833,243636,250726
13204833,245054,250726
13435833,242218,250726
13666833,240800,250726
13898833,237964,250726
14131833,239382,250726
14384833,236546,250726
14622833,229456,250726
14877833,236546,250726
15212833,233710,250726
15515833,229456,250726
15823833,232292,250726
16186833,232292,250726
16526833,225202,250726
16860833,232292,250726
17288833,235128,250726
17620833,239382,250726
17906833,239382,250726
18149833,229456,250726
18384833,230874,250726
18716833,239382,250726
19082833,237964,250726
19338833,236546,250726
19581833,239382,250726
19837833,245054,250726
20076833,242218,250726
20310833,242218,250726
20543833,235128,250726
20774833,232292,250726
21054833,225202,250726
21369833,232292,250726
21781833,226620,250726
22149833,229456,250726
22569833,230874,250726
22949833,237964,250726
23294833,233710,250726
23569833,235128,250726
23871833,228038,250726
24160833,230874,250726
24536833,228038,250726
24900833,235128,250726
25299833,236546,250726
25589833,239382,250726
25852833,235128,250726
26093833,233710,250726
26376833,236546,250726
26677833,232292,250726
26952833,236546,250726
27271833,245054,250726
27553833,243636,250726
27807833,243636,250726
28046833,246472,250726
28280833,246472,250726
28512833,242218,250726
28743833,240800,250726
28983833,242218,250726
29225833,246472,250726
29460833,247890,250726
29693833,247890,250726
29925833,247890,250726
30156833,249308,250726
30387833,249308,250726
30617833,246472,250726
30847833,243636,250726
31079833,243636,250726
31320833,246472,250726
31555833,243636,250726
31787833,242218,250726
32021833,245054,250726
32259833,247890,250726
32493833,246472,250726
32726833,240800,250726
32958833,243636,250726
33211833,246472,250726
33451833,247890,250726
33687833,247890,250726
33921833,245054,250726
34153833,246472,250726
34386833,243636,250726
34617833,240800,250726
34852833,243636,250726
35097833,240800,250726
35334833,242218,250726
35569833,242218,250726
35801833,245054,250726
36032833,245054,250726
36262833,239382,250726
36492833,236546,250726
36739833,230874,250726
37005833,228038,250726
37332833,239382,250726
37718833,240800,250726
37991833,243636,250726
38236833,249308,250726
38473833,249308,250726
38708833,246472,250726
38941833,246472,250726
39175833,246472,250726
39407833,243636,250726
39638833,240800,250726
39876833,236546,250726
40125833,223784,250726
40406833,212440,250726
40789833,219530,250726
41318833,196842,250726
41887833,196842,250726
42752833,192588,250726
43681833,218112,250726
44681833,230874,250726
45062833,226620,250726
45422833,235128,250726
45841833,223784,250726
46192833,236546,250726
46649833,219530,250726
47020833,232292,250726
47540833,232292,250726
47904833,240800,250726
48241833,239382,250726
48492833,233710,250726
48730833,226620,250726
49023833,235128,250726
49399833,239382,250726
49702833,243636,250726
49954833,246472,250726
50194833,246472,250726
50430833,247890,250726
50663833,245054,250726
50895833,242218,250726
51128833,242218,250726
51375833,246472,250726
51612833,245054,250726
51846833,240800,250726
52080833,243636,250726
52323833,237964,250726
52559833,235128,250726
52819833,235128,250726
53096833,230874,250726
53379833,226620,250726
53715833,243636,250726
54121833,235128,250726
54451833,243636,250726
54747833,245054,250726
55007833,237964,250726
55252833,240800,250726
55533833,245054,250726
55781833,246472,250726
56020833,243636,250726
56255833,243636,250726
56489833,246472,250726
56721833,246472,250726
56952833,243636,250726
57183833,243636,250726
57416833,243636,250726
57647833,246472,250726
57877833,243636,250726
58107833,243636,250726
58340833,243636,250726
58571833,245054,250726
58802833,243636,250726
59032833,243636,250726
59263833,245054,250726
59493833,243636,250726
59723833,247890,250726
59954833,249308,250726
