timestamp,rWnd0,rWnd1
611833,1073725440,1073725440
611833,1073725440,1073725440
829833,1073725440,1073725440
1052833,1073725440,1073725440
1278833,1073725440,1073725440
1506833,1073725440,1073725440
1735833,1073725440,1073725440
1965833,1073725440,1073725440
2195833,1073725440,1073725440
2425833,1073725440,1073725440
2657833,1073725440,1073725440
2905833,1073725440,1073725440
3143833,1073725440,1073725440
3377833,1073725440,1073725440
3609833,1073725440,1073725440
3845833,1073725440,1073725440
4089833,1073725440,1073725440
4336833,1073725440,1073725440
4571833,1073725440,1073725440
4818833,1073725440,1073725440
5055833,1073725440,1073725440
5287833,1073725440,1073725440
5518833,1073725440,1073725440
5749833,1073725440,1073725440
5980833,1073725440,1073725440
6212833,1073725440,1073725440
6462833,1073725440,1073725440
6699833,1073725440,1073725440
6932833,1073725440,1073725440
7163833,1073725440,1073725440
7451833,1073725440,1073725440
7810833,1073725440,1073725440
8094833,1073725440,1073725440
8345833,1073725440,1073725440
8587833,1073725440,1073725440
8824833,1073725440,1073725440
9062833,1073725440,1073725440
9299833,1073725440,1073725440
9532833,1073725440,1073725440
9763833,1073725440,1073725440
10002833,1073725440,1073725440
10235833,1073725440,1073725440
10511833,1073725440,1073725440
10809833,1073725440,1073725440
11168833,1073725440,1073725440
11467833,1073725440,1073725440
11774833,1073725440,1073725440
12027833,1073725440,1073725440
12265833,1073725440,1073725440
12498833,1073725440,1073725440
12738833,1073725440,1073725440
12972833,1073725440,1073725440
13204833,1073725440,1073725440
13435833,1073725440,1073725440
13666833,1073725440,1073725440
13898833,1073725440,1073725440
14131833,1073725440,1073725440
14384833,1073725440,1073725440
14622833,1073725440,1073725440
14877833,1073725440,1073725440
15212833,1073725440,1073725440
15515833,1073725440,1073725440
15823833,1073725440,1073725440
16186833,1073725440,1073725440
16526833,1073725440,1073725440
16860833,1073725440,1073725440
17288833,1073725440,1073725440
17620833,1073725440,1073725440
17906833,1073725440,1073725440
18149833,1073725440,1073725440
18384833,1073725440,1073725440
18716833,1073725440,1073725440
19082833,1073725440,1073725440
19338833,1073725440,1073725440
19581833,1073725440,1073725440
19837833,1073725440,1073725440
20076833,1073725440,1073725440
20310833,1073725440,1073725440
20543833,1073725440,1073725440
20774833,1073725440,1073725440
21054833,1073725440,1073725440
21369833,1073725440,1073725440
21781833,1073725440,1073725440
22149833,1073725440,1073725440
22569833,1073725440,1073725440
22949833,1073725440,1073725440
23294833,1073725440,1073725440
23569833,1073725440,1073725440
23871833,1073725440,1073725440
24160833,1073725440,1073725440
24536833,1073725440,1073725440
24900833,1073725440,1073725440
25299833,1073725440,1073725440
25589833,1073725440,1073725440
25852833,1073725440,1073725440
26093833,1073725440,1073725440
26376833,1073725440,1073725440
26677833,1073725440,1073725440
26952833,1073725440,1073725440
27271833,1073725440,1073725440
27553833,1073725440,1073725440
27807833,1073725440,1073725440
28046833,1073725440,1073725440
28280833,1073725440,1073725440
28512833,1073725440,1073725440
28743833,1073725440,1073725440
28983833,1073725440,1073725440
29225833,1073725440,1073725440
29460833,1073725440,1073725440
29693833,1073725440,1073725440
29925833,1073725440,1073725440
30156833,1073725440,1073725440
30387833,1073725440,1073725440
30617833,1073725440,1073725440
30847833,1073725440,1073725440
31079833,1073725440,1073725440
31320833,1073725440,1073725440
31555833,1073725440,1073725440
31787833,1073725440,1073725440
32021833,1073725440,1073725440
32259833,1073725440,1073725440
32493833,1073725440,1073725440
32726833,1073725440,1073725440
32958833,1073725440,1073725440
33211833,1073725440,1073725440
33451833,1073725440,1073725440
33687833,1073725440,1073725440
33921833,1073725440,1073725440
34153833,1073725440,1073725440
34386833,1073725440,1073725440
34617833,1073725440,1073725440
34852833,1073725440,1073725440
35097833,1073725440,1073725440
35334833,1073725440,1073725440
35569833,1073725440,1073725440
35801833,1073725440,1073725440
36032833,1073725440,1073725440
36262833,1073725440,1073725440
36492833,1073725440,1073725440
36739833,1073725440,1073725440
37005833,1073725440,1073725440
37332833,1073725440,1073725440
37718833,1073725440,1073725440
37991833,1073725440,1073725440
38236833,1073725440,1073725440
38473833,1073725440,1073725440
38708833,1073725440,1073725440
38941833,1073725440,1073725440
39175833,1073725440,1073725440
39407833,1073725440,1073725440
39638833,1073725440,1073725440
39876833,1073725440,1073725440
40125833,1073725440,1073725440
40406833,1073725440,1073725440
40789833,1073725440,1073725440
41318833,1073725440,1073725440
41887833,1073725440,1073725440
42752833,1073725440,1073725440
43681833,1073725440,1073725440
44681833,1073725440,1073725440
45062833,1073725440,1073725440
45422833,1073725440,1073725440
45841833,1073725440,1073725440
46192833,1073725440,1073725440
46649833,1073725440,1073725440
47020833,1073725440,1073725440
47540833,1073725440,1073725440
47904833,1073725440,1073725440
48241833,1073725440,1073725440
48492833,1073725440,1073725440
48730833,1073725440,1073725440
49023833,1073725440,1073725440
49399833,1073725440,1073725440
49702833,1073725440,1073725440
49954833,1073725440,1073725440
50194833,1073725440,1073725440
50430833,1073725440,1073725440
50663833,1073725440,1073725440
50895833,1073725440,1073725440
51128833,1073725440,1073725440
51375833,1073725440,1073725440
51612833,1073725440,1073725440
51846833,1073725440,1073725440
52080833,1073725440,1073725440
52323833,1073725440,1073725440
52559833,1073725440,1073725440
52819833,1073725440,1073725440
53096833,1073725440,1073725440
53379833,1073725440,1073725440
53715833,1073725440,1073725440
54121833,1073725440,1073725440
54451833,1073725440,1073725440
54747833,1073725440,1073725440
55007833,1073725440,1073725440
55252833,1073725440,1073725440
55533833,1073725440,1073725440
55781833,1073725440,1073725440
56020833,1073725440,1073725440
56255833,1073725440,1073725440
56489833,1073725440,1073725440
56721833,1073725440,1073725440
56952833,1073725440,1073725440
57183833,1073725440,1073725440
57416833,1073725440,1073725440
57647833,1073725440,1073725440
57877833,1073725440,1073725440
58107833,1073725440,1073725440
58340833,1073725440,1073725440
58571833,1073725440,1073725440
58802833,1073725440,1073725440
59032833,1073725440,1073725440
59263833,1073725440,1073725440
59493833,1073725440,1073725440
59723833,1073725440,1073725440
59954833,1073725440,1073725440
