timestamp,lastAckedSeq,highTxMark,availableTxBuffer,nextTxSeq,totalCwnd,unAckMeta
611833,5673,17017,1158,17017,11344,11344
611833,5673,17017,1158,17017,9439,11344
829833,11345,24107,1158,24107,9439,12762
1052833,24107,32615,1158,32615,8997,8508
1278833,32615,41123,1158,41123,8944,8508
1506833,41123,46795,1158,46795,6997,5672
1735833,46795,51049,1158,51049,5329,4254
1965833,51049,56721,1158,56721,6513,5672
2195833,56721,63811,1158,63811,7331,7090
2425833,63811,75155,1158,75155,12077,11344
2657833,75155,85081,1158,85081,10411,9926
2905833,85081,93589,1158,93589,8640,8508
3143833,95007,104933,1158,104933,10628,9926
3377833,104933,116277,1158,116277,12718,11344
3609833,116277,129039,1158,129039,13111,12762
3845833,129039,143219,1158,143219,15292,14180
4089833,143219,155981,1158,155981,13655,12762
4336833,157399,172997,1158,172997,15887,15598
4571833,172997,185759,1158,185759,12870,12762
4818833,187177,201357,1158,201357,14602,14180
5055833,201357,215537,1158,215537,14661,14180
5287833,215537,225463,1158,225463,11256,9926
5518833,225463,232553,1158,232553,7192,7090
5749833,232553,241061,1158,241061,9390,8508
5980833,241061,255241,1158,255241,15427,14180
6212833,255241,268003,1158,268003,13509,12762
6462833,268003,282183,1158,282183,14274,14180
6699833,283601,297781,1158,297781,15425,14180
6932833,297781,317633,1158,317633,20781,19852
7163833,311961,337485,1158,337485,26897,25524
7451833,330395,347411,1158,347411,17078,17016
7810833,351665,363009,1158,363009,12360,11344
8094833,363009,370099,1158,370099,7822,7090
8345833,370099,375771,1158,375771,7009,5672
8587833,377189,387115,1158,387115,11224,9926
8824833,387115,398459,1158,398459,11514,11344
9062833,398459,409803,1158,409803,11623,11344
9299833,411221,421147,1158,421147,10885,9926
9532833,422565,435327,1158,435327,13243,12762
9763833,435327,448089,1158,448089,13545,12762
10002833,448089,465105,1158,465105,17546,17016
10235833,463687,483539,1158,483539,19971,19852
10511833,479285,504809,1158,504809,24637,25524
10809833,499137,517571,1158,517571,17764,18434
11168833,523243,543095,1158,543095,20349,19852
11467833,541677,557275,1158,557275,14909,15598
11774833,558693,570037,1158,570037,12169,11344
12027833,571455,582799,1158,582799,11746,11344
12265833,582799,595561,1158,595561,13435,12762
12498833,595561,606905,1158,606905,12528,11344
12738833,606905,618249,1158,618249,12389,11344
12972833,618249,628175,1158,628175,11325,9926
13204833,628175,636683,1158,636683,9933,8508
13435833,636683,648027,1158,648027,12831,11344
13666833,648027,660789,1158,660789,13054,12762
13898833,660789,676387,1158,676387,15755,15598
14131833,676387,690567,1158,690567,14741,14180
14384833,691985,709001,1158,709001,17352,17016
14622833,707583,731689,1158,731689,25212,24106
14877833,724599,741615,1158,741615,17218,17016
15212833,745869,767139,1158,767139,20555,21270
15515833,764303,789827,1158,789827,24277,25524
15823833,784155,806843,1158,806843,22445,22688
16186833,808261,830949,1158,830949,21473,22688
16526833,832367,860727,1158,860727,28640,28360
16860833,853637,874907,1158,874907,22505,21270
17288833,881997,900431,1158,900431,19751,18434
17620833,903267,917447,1158,917447,14762,14180
17906833,920283,934463,1158,934463,15486,14180
18149833,935881,959987,2576,959987,25973,24106
18384833,948643,972749,1158,972749,23840,24106
18716833,971331,985511,1158,985511,15355,14180
19082833,995437,1011035,1158,1011035,16582,15598
19338833,1012453,1029469,1158,1029469,17578,17016
19581833,1028051,1042231,1158,1042231,15632,14180
19837833,1042231,1050739,1158,1050739,9923,8508
20076833,1052157,1063501,1158,1063501,12122,11344
20310833,1063501,1074845,1158,1074845,12803,11344
20543833,1074845,1093279,1158,1093279,18618,18434
20774833,1090443,1111713,1158,1111713,21998,21270
21054833,1107459,1135819,1158,1135819,28622,28360
21369833,1128729,1151417,1158,1151417,22229,22688
21781833,1155671,1182613,1158,1182613,28382,26942
22149833,1178359,1203883,1158,1203883,24612,25524
22569833,1206719,1230825,1158,1230825,23326,24106
22949833,1232243,1247841,1158,1247841,16627,15598
23294833,1253513,1274783,1158,1274783,21237,21270
23569833,1271947,1291799,1158,1291799,19788,19852
23871833,1291799,1317323,1158,1317323,25715,25524
24160833,1311651,1334339,2576,1334339,22772,22688
24536833,1334339,1361281,1158,1361281,26382,26942
24900833,1359863,1378297,1158,1378297,19206,18434
25299833,1385387,1402403,1158,1402403,18282,17016
25589833,1403821,1418001,1158,1418001,14929,14180
25852833,1419419,1437853,1158,1437853,19485,18434
26093833,1435017,1454869,1158,1454869,19946,19852
26376833,1453451,1471885,1158,1471885,18413,18434
26677833,1474721,1495991,1158,1495991,22038,21270
26952833,1491737,1508753,1158,1508753,17868,17016
27271833,1508753,1517261,1158,1517261,9639,8508
27553833,1520097,1530023,1158,1530023,11350,9926
27807833,1531441,1541367,1158,1541367,10974,9926
28046833,1541367,1548457,1158,1548457,7844,7090
28280833,1548457,1555547,1158,1555547,8418,7090
28512833,1555547,1566891,1158,1566891,12395,11344
28743833,1566891,1579653,1158,1579653,13933,12762
28983833,1579653,1590997,1158,1590997,11747,11344
29225833,1590997,1598087,1158,1598087,8019,7090
29460833,1598087,1603759,1158,1603759,6624,5672
29693833,1603759,1609431,1158,1609431,6005,5672
29925833,1609431,1615103,1158,1615103,5891,5672
30156833,1615103,1619357,1158,1619357,5032,4254
30387833,1620775,1625029,2576,1625029,5866,4254
30617833,1625029,1632119,1158,1632119,7302,7090
30847833,1632119,1642045,1158,1642045,10946,9926
31079833,1642045,1651971,1158,1651971,11207,9926
31320833,1651971,1659061,1158,1659061,8313,7090
31555833,1660479,1670405,1158,1670405,10329,9926
31787833,1670405,1681749,1158,1681749,12627,11344
32021833,1681749,1690257,1158,1690257,9065,8508
32259833,1690257,1695929,1158,1695929,6699,5672
32493833,1695929,1703019,1158,1703019,7629,7090
32726833,1703019,1715781,1158,1715781,14057,12762
32958833,1715781,1725707,1158,1725707,10769,9926
33211833,1725707,1732797,1158,1732797,7467,7090
33451833,1732797,1738469,1158,1738469,5992,5672
33687833,1738469,1744141,1158,1744141,6182,5672
33921833,1745559,1754067,1158,1754067,8984,8508
34153833,1754067,1761157,1158,1761157,8573,7090
34386833,1761157,1771083,1158,1771083,10742,9926
34617833,1771083,1783845,1158,1783845,13350,12762
34852833,1783845,1793771,1158,1793771,11042,9926
35097833,1793771,1806533,1158,1806533,13577,12762
35334833,1806533,1817877,1158,1817877,11824,11344
35569833,1817877,1829221,1158,1829221,11511,11344
35801833,1829221,1837729,1158,1837729,8905,8508
36032833,1837729,1846237,1158,1846237,9871,8508
36262833,1846237,1860417,1158,1860417,15021,14180
36492833,1860417,1877433,1158,1877433,18277,17016
36739833,1877433,1900121,1158,1900121,24040,22688
37005833,1894449,1919973,1158,1919973,25667,25524
37332833,1915719,1931317,1158,1931317,15339,15598
37718833,1936989,1949751,1158,1949751,14222,12762
37991833,1949751,1959677,1158,1959677,10639,9926
38236833,1959677,1963931,1158,1963931,5403,4254
38473833,1963931,1968185,1158,1968185,5494,4254
38708833,1969603,1976693,1158,1976693,7478,7090
38941833,1976693,1983783,1158,1983783,8154,7090
39175833,1983783,1990873,1158,1990873,8208,7090
39407833,1990873,2000799,1158,2000799,11375,9926
39638833,2000799,2013561,1158,2013561,13433,12762
39876833,2013561,2030577,1158,2030577,17462,17016
40125833,2030577,2061773,1158,2061773,30468,31196
40406833,2047593,2090133,1158,2090133,41711,42540
40789833,2071699,2107149,1158,2107149,35008,35450
41318833,2107149,2166705,1158,2166705,57945,59556
41887833,2141181,2202155,1158,2202155,56998,60974
42752833,2199319,2264547,1158,2264547,62227,65228
43681833,2258875,2298579,1158,2298579,35572,39704
44681833,2326939,2351045,1158,2351045,23819,24106
45062833,2352463,2379405,1158,2379405,28000,26942
45422833,2376569,2396421,2576,2396421,20580,19852
45841833,2403511,2433289,1158,2433289,30309,29778
46192833,2426199,2444633,1158,2444633,17721,18434
46649833,2455977,2491427,1158,2491427,35021,35450
47020833,2478665,2501353,1158,2501353,22427,22688
47540833,2514115,2536803,1158,2536803,22065,22688
47904833,2536803,2549565,1158,2549565,13550,12762
48241833,2558073,2572253,1158,2572253,14614,14180
48492833,2573671,2593523,1158,2593523,19961,19852
48730833,2587851,2616211,1158,2616211,27318,28360
49023833,2606285,2626137,1158,2626137,19495,19852
49399833,2630391,2644571,1158,2644571,14338,14180
49702833,2645989,2655915,1158,2655915,11068,9926
49954833,2655915,2663005,1158,2663005,7218,7090
50194833,2663005,2670095,1158,2670095,7545,7090
50430833,2670095,2675767,1158,2675767,7081,5672
50663833,2677185,2685693,1158,2685693,9498,8508
50895833,2685693,2697037,1158,2697037,11629,11344
51128833,2697037,2708381,1158,2708381,11766,11344
51375833,2708381,2715471,1158,2715471,7497,7090
51612833,2716889,2725397,2576,2725397,10935,8508
51846833,2726815,2739577,1158,2739577,13225,12762
52080833,2739577,2749503,1158,2749503,11350,9926
52323833,2749503,2765101,1158,2765101,16805,15598
52559833,2765101,2783535,1158,2783535,19002,18434
52819833,2782117,2800551,1158,2800551,19619,18434
53096833,2800551,2823239,1158,2823239,24151,22688
53379833,2817567,2844509,1158,2844509,28202,26942
53715833,2840255,2851599,2576,2851599,11461,11344
54121833,2862943,2882795,1158,2882795,19151,19852
54451833,2882795,2892721,1158,2892721,10995,9926
54747833,2892721,2901229,1158,2901229,8786,8508
55007833,2904065,2919663,1158,2919663,15965,15598
55252833,2919663,2932425,1158,2932425,13835,12762
55533833,2933843,2942351,1158,2942351,9817,8508
55781833,2942351,2949441,1158,2949441,7891,7090
56020833,2950859,2960785,1158,2960785,10232,9926
56255833,2960785,2970711,1158,2970711,10082,9926
56489833,2970711,2977801,1158,2977801,7172,7090
56721833,2977801,2984891,1158,2984891,7811,7090
56952833,2984891,2994817,1158,2994817,10207,9926
57183833,2994817,3004743,1158,3004743,10893,9926
57416833,3004743,3014669,1158,3014669,10645,9926
57647833,3014669,3021759,1158,3021759,8376,7090
57877833,3021759,3031685,1158,3031685,10252,9926
58107833,3031685,3041611,1158,3041611,11009,9926
58340833,3041611,3051537,1158,3051537,10120,9926
58571833,3051537,3060045,1158,3060045,8887,8508
58802833,3060045,3069971,1158,3069971,11088,9926
59032833,3069971,3079897,1158,3079897,11255,9926
59263833,3079897,3088405,1158,3088405,9575,8508
59493833,3088405,3098331,1158,3098331,10031,9926
59723833,3098331,3104003,1158,3104003,6950,5672
59954833,3104003,3108257,1158,3108257,5044,4254
