timestamp,unAck0,unAck1
611833,5672,5672
611833,5672,5672
829833,7090,5672
1052833,11344,1418
1278833,14180,1418
1532833,17016,1418
1792833,22688,1418
2071833,26942,1418
2421833,25524,1418
2860833,26942,1418
3293833,26942,1418
3743833,32614,1418
4195833,60974,1418
4733833,60974,1418
5557833,39704,1418
6580833,31196,1418
7129833,22688,0
7636833,21270,1418
8010833,22688,1418
8369833,17016,1418
8746833,19852,1418
9058833,17016,1418
9387833,15598,1418
9674833,21270,1418
9942833,39704,1418
10274833,29778,1418
10734833,46794,1418
11302833,52466,1418
12053833,38286,1418
12928833,45376,1418
13645833,29778,1418
14406833,41122,1418
15019833,34032,1418
15707833,26942,1418
16224833,32614,1418
16687833,26942,1418
17228833,26942,1418
17687833,41122,1418
18140833,29778,1418
18794833,22688,1418
19247833,28360,1418
19645833,12762,1418
20112833,12762,1418
20379833,18434,1418
20626833,15598,1418
20918833,11344,1418
21191833,11344,1418
21434833,18434,1418
21669833,25524,1418
21978833,28360,1418
22364833,42540,1418
22823833,32614,1418
23473833,19852,1418
23949833,14180,1418
24239833,11344,1418
24487833,18434,1418
24724833,21270,1418
25033833,18434,1418
25376833,17016,1418
25692833,18434,1418
26002833,11344,1418
26311833,14180,1418
26567833,7090,1418
26809833,5672,1418
27045833,5672,1418
27279833,5672,1418
27511833,5672,1418
27742833,9926,1418
27973833,9926,1418
28211833,14180,1418
28444833,17016,1418
28696833,26942,1418
28970833,28360,1418
29352833,45376,1418
29812833,42540,1418
30483833,38286,1418
31202833,28360,1418
31792833,32614,1418
32298833,28360,1418
32843833,24106,1418
33299833,25524,1418
33712833,21270,1418
34138833,17016,1418
34478833,29778,1418
34777833,24106,1418
35222833,38286,0
35651833,46794,1418
36273833,34032,1418
37039833,56720,1418
37706833,49630,1418
38649833,68064,1418
39512833,42540,1418
40652833,18434,1418
41001833,14180,1418
41298833,12762,1418
41548833,18434,1418
41784833,15598,1418
42080833,7090,1418
42355833,7090,1418
42608833,8508,1418
42849833,11344,1418
43083833,12762,1418
43324833,18434,1418
43568833,26942,1418
43868833,29778,1418
44258833,32614,0
44735833,35450,0
45273833,34032,1418
45864833,36868,1418
46438833,36868,1418
47055833,28360,1418
47674833,21270,1418
48088833,14180,1418
48423833,14180,1418
48675833,24106,1418
48917833,41122,1418
49259833,28360,1418
49720833,24106,1418
50301833,22688,1418
50696833,22688,1418
51078833,17016,1418
51458833,18434,1418
51763833,17016,1418
52071833,14180,1418
52354833,9926,1418
52603833,11344,1418
52840833,9926,1418
53073833,9926,1418
53304833,12762,1418
53535833,14180,1418
53784833,11344,1418
54024833,12762,1418
54257833,11344,1418
54488833,15598,1418
54719833,18434,1418
54973833,45376,1418
55263833,28360,1418
55665833,12762,1418
56366833,14180,1418
56619833,17016,1418
56860833,26942,1418
57133833,31196,1418
57506833,45376,1418
57992833,41122,1418
58675833,45376,1418
59372833,34032,1418
