timestamp,cWnd0,cWnd1
611833,5672,5672
611833,8277,1500
829833,8277,1500
1052833,11662,1500
1278833,14468,1500
1532833,17907,1500
1792833,24011,1500
2071833,28866,1500
2421833,26376,1500
2860833,28060,1500
3293833,28124,1500
3743833,32842,1500
4195833,61514,1500
4733833,61858,1500
5557833,40656,1500
6580833,32487,1500
7129833,22696,1500
7636833,21925,1500
8010833,23151,1500
8369833,17267,1500
8746833,19950,1500
9058833,17570,1500
9387833,16572,1500
9674833,22375,1500
9942833,40846,1500
10274833,31081,1500
10734833,48201,1500
11302833,52797,1500
12053833,39084,1500
12928833,45503,1500
13645833,30844,1500
14406833,41870,1500
15019833,34230,1500
15707833,27424,1500
16224833,32692,1500
16687833,27435,1500
17228833,26968,1500
17687833,41695,1500
18140833,31092,1500
18794833,23834,1500
19247833,28634,1500
19645833,12773,1500
20112833,14607,1500
20379833,19027,1500
20626833,15825,1500
20918833,12567,1500
21191833,12319,1500
21434833,19471,1500
21669833,26253,1500
21978833,28909,1500
22364833,43432,1500
22823833,32679,1500
23473833,20768,1500
23949833,14298,1500
24239833,12705,1500
24487833,19743,1500
24724833,21479,1500
25033833,19670,1500
25376833,18513,1500
25692833,19816,1500
26002833,12351,1500
26311833,15053,1500
26567833,7925,1500
26809833,5747,1500
27045833,5924,1500
27279833,6886,1500
27511833,6800,1500
27742833,11586,1500
27973833,11993,1500
28211833,14246,1500
28444833,18246,1500
28696833,27989,1500
28970833,29771,1500
29352833,45819,1500
29812833,42765,1500
30483833,39408,1500
31202833,29397,1500
31792833,33381,1500
32298833,29366,1500
32843833,24857,1500
33299833,25709,1500
33712833,22423,1500
34138833,17531,1500
34478833,30533,1500
34777833,24799,1500
35222833,39908,1500
35651833,47761,1500
36273833,36655,1500
37039833,57627,1500
37706833,50035,1500
38649833,69247,1500
39512833,42943,1500
40652833,18535,1500
41001833,14678,1500
41298833,13486,1500
41548833,18931,1500
41784833,15763,1500
42080833,7829,1500
42355833,7097,1500
42608833,9673,1500
42849833,11809,1500
43083833,13766,1500
43324833,19670,1500
43568833,27435,1500
43868833,30180,1500
44258833,33154,1500
44735833,36009,1500
45273833,35361,1500
45864833,38144,1500
46438833,38256,1500
47055833,28696,1500
47674833,22106,1500
48088833,14317,1500
48423833,14978,1500
48675833,24242,1500
48917833,42003,1500
49259833,28684,1500
49720833,25020,1500
50301833,23083,1500
50696833,23862,1500
51078833,18336,1500
51458833,19145,1500
51763833,17112,1500
52071833,14329,1500
52354833,11203,1500
52603833,12387,1500
52840833,11120,1500
53073833,11743,1500
53304833,14246,1500
53535833,14618,1500
53784833,12553,1500
54024833,14007,1500
54257833,12677,1500
54488833,16066,1500
54719833,18720,1500
54973833,45852,1500
55263833,28372,1500
55665833,13209,1500
56366833,15525,1500
56619833,17638,1500
56860833,28199,1500
57133833,31939,1500
57506833,45576,1500
57992833,42158,1500
58675833,46120,1500
59372833,34925,1500
