timestamp,rtt0,rtt1
611833,218,184
611833,218,184
829833,223,184
1052833,226,219
1278833,254,221
1532833,260,222
1792833,279,223
2071833,350,224
2421833,439,225
2860833,433,226
3293833,450,227
3743833,452,228
4195833,538,228
4733833,824,228
5557833,1023,229
6580833,549,229
7129833,507,230
7636833,374,230
8010833,359,230
8369833,377,230
8746833,312,230
9058833,329,230
9387833,287,230
9674833,268,230
9942833,332,230
10274833,460,230
10734833,568,230
11302833,751,230
12053833,875,230
12928833,717,230
13645833,761,230
14406833,613,230
15019833,688,230
15707833,517,230
16224833,463,230
16687833,541,230
17228833,459,230
17687833,453,230
18140833,654,230
18794833,453,230
19247833,398,230
19645833,467,230
20112833,267,230
20379833,247,230
20626833,292,230
20918833,273,230
21191833,243,230
21434833,235,230
21669833,309,230
21978833,386,230
22364833,459,230
22823833,650,230
23473833,476,230
23949833,290,230
24239833,248,230
24487833,237,230
24724833,309,230
25033833,343,230
25376833,316,230
25692833,310,230
26002833,309,230
26311833,256,230
26567833,242,230
26809833,236,230
27045833,234,230
27279833,232,230
27511833,231,230
27742833,231,230
27973833,238,230
28211833,233,230
28444833,252,230
28696833,274,230
28970833,382,230
29352833,460,230
29812833,671,230
30483833,719,230
31202833,590,230
31792833,506,230
32298833,545,230
32843833,456,230
33299833,413,230
33712833,426,230
34138833,340,230
34478833,299,230
34777833,445,230
35222833,429,230
35651833,622,230
36273833,766,230
37039833,667,230
37706833,943,230
38649833,863,230
39512833,1140,230
40652833,349,230
41001833,297,230
41298833,250,230
41548833,236,230
41784833,296,230
42080833,275,230
42355833,253,230
42608833,241,230
42849833,234,230
43083833,241,230
43324833,244,230
43568833,300,230
43868833,390,230
44258833,477,230
44735833,538,230
45273833,591,230
45864833,574,230
46438833,617,230
47055833,619,230
47674833,414,230
48088833,335,230
48423833,252,230
48675833,242,230
48917833,342,230
49259833,461,230
49720833,581,230
50301833,395,230
50696833,382,230
51078833,380,230
51458833,305,230
51763833,308,230
52071833,283,230
52354833,249,230
52603833,237,230
52840833,233,230
53073833,231,230
53304833,231,230
53535833,249,230
53784833,240,230
54024833,233,230
54257833,231,230
54488833,231,230
54719833,254,230
54973833,290,230
55263833,402,230
55665833,701,230
56366833,253,230
56619833,241,230
56860833,273,230
57133833,373,230
57506833,486,230
57992833,683,230
58675833,697,230
59372833,761,230
