timestamp,availableTxBuffer0,availableTxBuffer1
611833,246472,246472
611833,246472,246472
829833,245054,246472
1052833,240800,250726
1278833,237964,250726
1532833,235128,250726
1792833,229456,250726
2071833,225202,250726
2421833,226620,250726
2860833,225202,250726
3293833,225202,250726
3743833,219530,250726
4195833,191170,250726
4733833,191170,250726
5557833,212440,250726
6580833,220948,250726
7129833,229456,252144
7636833,230874,250726
8010833,229456,250726
8369833,235128,250726
8746833,232292,250726
9058833,235128,250726
9387833,236546,250726
9674833,230874,250726
9942833,212440,250726
10274833,222366,250726
10734833,205350,250726
11302833,199678,250726
12053833,213858,250726
12928833,206768,250726
13645833,222366,250726
14406833,211022,250726
15019833,218112,250726
15707833,225202,250726
16224833,219530,250726
16687833,225202,250726
17228833,225202,250726
17687833,211022,250726
18140833,222366,250726
18794833,229456,250726
19247833,223784,250726
19645833,239382,250726
20112833,239382,250726
20379833,233710,250726
20626833,236546,250726
20918833,240800,250726
21191833,240800,250726
21434833,233710,250726
21669833,226620,250726
21978833,223784,250726
22364833,209604,250726
22823833,219530,250726
23473833,232292,250726
23949833,237964,250726
24239833,240800,250726
24487833,233710,250726
24724833,230874,250726
25033833,233710,250726
25376833,235128,250726
25692833,233710,250726
26002833,240800,250726
26311833,237964,250726
26567833,245054,250726
26809833,246472,250726
27045833,246472,250726
27279833,246472,250726
27511833,246472,250726
27742833,242218,250726
27973833,242218,250726
28211833,237964,250726
28444833,235128,250726
28696833,225202,250726
28970833,223784,250726
29352833,206768,250726
29812833,209604,250726
30483833,213858,250726
31202833,223784,250726
31792833,219530,250726
32298833,223784,250726
32843833,228038,250726
33299833,226620,250726
33712833,230874,250726
34138833,235128,250726
34478833,222366,250726
34777833,228038,250726
35222833,213858,252144
35651833,205350,250726
36273833,218112,250726
37039833,195424,250726
37706833,202514,250726
38649833,184080,250726
39512833,209604,250726
40652833,233710,250726
41001833,237964,250726
41298833,239382,250726
41548833,233710,250726
41784833,236546,250726
42080833,245054,250726
42355833,245054,250726
42608833,243636,250726
42849833,240800,250726
43083833,239382,250726
43324833,233710,250726
43568833,225202,250726
43868833,222366,250726
44258833,219530,252144
44735833,216694,252144
45273833,218112,250726
45864833,215276,250726
46438833,215276,250726
47055833,223784,250726
47674833,230874,250726
48088833,237964,250726
48423833,237964,250726
48675833,228038,250726
48917833,211022,250726
49259833,223784,250726
49720833,228038,250726
50301833,229456,250726
50696833,229456,250726
51078833,235128,250726
51458833,233710,250726
51763833,235128,250726
52071833,237964,250726
52354833,242218,250726
52603833,240800,250726
52840833,242218,250726
53073833,242218,250726
53304833,239382,250726
53535833,237964,250726
53784833,240800,250726
54024833,239382,250726
54257833,240800,250726
54488833,236546,250726
54719833,233710,250726
54973833,206768,250726
55263833,223784,250726
55665833,239382,250726
56366833,237964,250726
56619833,235128,250726
56860833,225202,250726
57133833,220948,250726
57506833,206768,250726
57992833,211022,250726
58675833,206768,250726
59372833,218112,250726
