timestamp,rWnd0,rWnd1
611833,1073725440,1073725440
611833,1073725440,1073725440
829833,1073725440,1073725440
1052833,1073725440,1073725440
1278833,1073725440,1073725440
1532833,1073725440,1073725440
1792833,1073725440,1073725440
2071833,1073725440,1073725440
2421833,1073725440,1073725440
2860833,1073725440,1073725440
3293833,1073725440,1073725440
3743833,1073725440,1073725440
4195833,1073725440,1073725440
4733833,1073725440,1073725440
5557833,1073725440,1073725440
6580833,1073725440,1073725440
7129833,1073725440,1073725440
7636833,1073725440,1073725440
8010833,1073725440,1073725440
8369833,1073725440,1073725440
8746833,1073725440,1073725440
9058833,1073725440,1073725440
9387833,1073725440,1073725440
9674833,1073725440,1073725440
9942833,1073725440,1073725440
10274833,1073725440,1073725440
10734833,1073725440,1073725440
11302833,1073725440,1073725440
12053833,1073725440,1073725440
12928833,1073725440,1073725440
13645833,1073725440,1073725440
14406833,1073725440,1073725440
15019833,1073725440,1073725440
15707833,1073725440,1073725440
16224833,1073725440,1073725440
16687833,1073725440,1073725440
17228833,1073725440,1073725440
17687833,1073725440,1073725440
18140833,1073725440,1073725440
18794833,1073725440,1073725440
19247833,1073725440,1073725440
19645833,1073725440,1073725440
20112833,1073725440,1073725440
20379833,1073725440,1073725440
20626833,1073725440,1073725440
20918833,1073725440,1073725440
21191833,1073725440,1073725440
21434833,1073725440,1073725440
21669833,1073725440,1073725440
21978833,1073725440,1073725440
22364833,1073725440,1073725440
22823833,1073725440,1073725440
23473833,1073725440,1073725440
23949833,1073725440,1073725440
24239833,1073725440,1073725440
24487833,1073725440,1073725440
24724833,1073725440,1073725440
25033833,1073725440,1073725440
25376833,1073725440,1073725440
25692833,1073725440,1073725440
26002833,1073725440,1073725440
26311833,1073725440,1073725440
26567833,1073725440,1073725440
26809833,1073725440,1073725440
27045833,1073725440,1073725440
27279833,1073725440,1073725440
27511833,1073725440,1073725440
27742833,1073725440,1073725440
27973833,1073725440,1073725440
28211833,1073725440,1073725440
28444833,1073725440,1073725440
28696833,1073725440,1073725440
28970833,1073725440,1073725440
29352833,1073725440,1073725440
29812833,1073725440,1073725440
30483833,1073725440,1073725440
31202833,1073725440,1073725440
31792833,1073725440,1073725440
32298833,1073725440,1073725440
32843833,1073725440,1073725440
33299833,1073725440,1073725440
33712833,1073725440,1073725440
34138833,1073725440,1073725440
34478833,1073725440,1073725440
34777833,1073725440,1073725440
35222833,1073725440,1073725440
35651833,1073725440,1073725440
36273833,1073725440,1073725440
37039833,1073725440,1073725440
37706833,1073725440,1073725440
38649833,1073725440,1073725440
39512833,1073725440,1073725440
40652833,1073725440,1073725440
41001833,1073725440,1073725440
41298833,1073725440,1073725440
41548833,1073725440,1073725440
41784833,1073725440,1073725440
42080833,1073725440,1073725440
42355833,1073725440,1073725440
42608833,1073725440,1073725440
42849833,1073725440,1073725440
43083833,1073725440,1073725440
43324833,1073725440,1073725440
43568833,1073725440,1073725440
43868833,1073725440,1073725440
44258833,1073725440,1073725440
44735833,1073725440,1073725440
45273833,1073725440,1073725440
45864833,1073725440,1073725440
46438833,1073725440,1073725440
47055833,1073725440,1073725440
47674833,1073725440,1073725440
48088833,1073725440,1073725440
48423833,1073725440,1073725440
48675833,1073725440,1073725440
48917833,1073725440,1073725440
49259833,1073725440,1073725440
49720833,1073725440,1073725440
50301833,1073725440,1073725440
50696833,1073725440,1073725440
51078833,1073725440,1073725440
51458833,1073725440,1073725440
51763833,1073725440,1073725440
52071833,1073725440,1073725440
52354833,1073725440,1073725440
52603833,1073725440,1073725440
52840833,1073725440,1073725440
53073833,1073725440,1073725440
53304833,1073725440,1073725440
53535833,1073725440,1073725440
53784833,1073725440,1073725440
54024833,1073725440,1073725440
54257833,1073725440,1073725440
54488833,1073725440,1073725440
54719833,1073725440,1073725440
54973833,1073725440,1073725440
55263833,1073725440,1073725440
55665833,1073725440,1073725440
56366833,1073725440,1073725440
56619833,1073725440,1073725440
56860833,1073725440,1073725440
57133833,1073725440,1073725440
57506833,1073725440,1073725440
57992833,1073725440,1073725440
58675833,1073725440,1073725440
59372833,1073725440,1073725440
