timestamp,lastAckedSeq,highTxMark,availableTxBuffer,nextTxSeq,totalCwnd,unAckMeta
611833,5673,17017,1158,17017,11344,11344
611833,5673,17017,1158,17017,9777,11344
829833,11345,24107,1158,24107,9777,12762
1052833,24107,36869,1158,36869,13162,12762
1278833,36869,52467,1158,52467,15968,15598
1532833,53885,72319,1158,72319,19407,18434
1792833,70901,95007,1158,95007,25511,24106
2071833,89335,117695,2576,117695,30366,28360
2421833,110605,138965,1158,138965,27876,28360
2860833,140383,170161,1158,170161,29560,29778
3293833,168743,197103,1158,197103,29624,28360
3743833,197103,232553,1158,232553,34342,35450
4195833,226881,290691,1158,290691,63014,63810
4733833,258077,324723,1158,324723,63358,66646
5557833,313379,358755,1158,358755,42156,45376
6580833,381443,415475,1158,415475,33987,34032
7129833,418311,442417,1158,442417,24196,24106
7636833,452343,476449,1158,476449,23425,24106
8010833,476449,500555,1158,500555,24651,24106
8369833,499137,518989,1158,518989,18767,19852
8746833,524661,545931,1158,545931,21450,21270
9058833,544513,564365,1158,564365,19070,19852
9387833,567201,584217,1158,584217,18072,17016
9674833,585635,608323,1158,608323,23875,22688
9942833,602651,643773,1158,643773,42346,41122
10274833,622503,656535,1158,656535,32581,34032
10734833,652281,703329,1158,703329,49701,51048
11302833,689149,745869,1158,745869,54297,56720
12053833,737361,781319,1158,781319,40584,43958
12928833,795499,845129,1158,845129,47003,49630
13645833,842293,876325,1158,876325,32344,34032
14406833,891923,937299,1158,937299,43370,45376
15019833,933045,971331,1158,971331,35730,38286
15707833,979839,1008199,1158,1008199,28924,28360
16224833,1011035,1047903,1158,1047903,34192,36868
16687833,1042231,1073427,1158,1073427,28935,31196
17228833,1077681,1107459,1158,1107459,28468,29778
17687833,1108877,1152835,1158,1152835,43195,43958
18140833,1137237,1171269,1158,1171269,32592,34032
18794833,1181195,1205301,1158,1205301,25334,24106
19247833,1209555,1240751,1158,1240751,30134,31196
19645833,1236497,1252095,1158,1252095,14273,15598
20112833,1267693,1281873,2576,1281873,16107,14180
20379833,1284709,1304561,1158,1304561,20527,19852
20626833,1300307,1317323,1158,1317323,17325,17016
20918833,1317323,1330085,1158,1330085,14067,12762
21191833,1331503,1344265,1158,1344265,13819,12762
21434833,1345683,1366953,1158,1366953,20971,21270
21669833,1361281,1389641,1158,1389641,27753,28360
21978833,1381133,1412329,1158,1412329,30409,31196
22364833,1405239,1450615,1158,1450615,44932,45376
22823833,1433599,1470467,1158,1470467,34179,36868
23473833,1478975,1500245,1158,1500245,22268,21270
23949833,1510171,1525769,1158,1525769,15798,15598
24239833,1527187,1539949,1158,1539949,14205,12762
24487833,1539949,1559801,1158,1559801,21243,19852
24724833,1555547,1578235,1158,1578235,22979,22688
25033833,1575399,1596669,1158,1596669,21170,21270
25376833,1599505,1617939,2576,1617939,20013,18434
25692833,1619357,1639209,1158,1639209,21316,19852
26002833,1640627,1653389,1158,1653389,13851,12762
26311833,1657643,1673241,1158,1673241,16553,15598
26567833,1673241,1681749,1158,1681749,9425,8508
26809833,1681749,1688839,1158,1688839,7247,7090
27045833,1688839,1695929,1158,1695929,7424,7090
27279833,1695929,1703019,1158,1703019,8386,7090
27511833,1703019,1710109,1158,1710109,8300,7090
27742833,1711527,1722871,2576,1722871,13086,11344
27973833,1724289,1735633,2576,1735633,13493,11344
28211833,1737051,1752649,1158,1752649,15746,15598
28444833,1752649,1771083,1158,1771083,19746,18434
28696833,1768247,1796607,1158,1796607,29489,28360
28970833,1785263,1816459,1158,1816459,31271,31196
29352833,1810787,1858999,1158,1858999,47319,48212
29812833,1839147,1885941,1158,1885941,44265,46794
30483833,1883105,1925645,1158,1925645,40908,42540
31202833,1931317,1962513,1158,1962513,30897,31196
31792833,1969603,2005053,1158,2005053,34881,35450
32298833,2002217,2033413,1158,2033413,30866,31196
32843833,2039085,2066027,1158,2066027,26357,26942
33299833,2068863,2095805,1158,2095805,27209,26942
33712833,2094387,2118493,1158,2118493,23923,24106
34138833,2124165,2142599,1158,2142599,19031,18434
34478833,2145435,2176631,1158,2176631,32033,31196
34777833,2165287,2192229,1158,2192229,26299,26942
35222833,2195065,2234769,2576,2234769,41408,39704
35651833,2219171,2270219,1158,2270219,49261,51048
36273833,2261711,2299997,2576,2299997,38155,38286
37039833,2311341,2372315,1158,2372315,59127,60974
37706833,2353881,2409183,1158,2409183,51535,55302
38649833,2414855,2488591,1158,2488591,70747,73736
39512833,2470157,2518369,1158,2518369,44443,48212
40652833,2549565,2569417,1158,2569417,20035,19852
41001833,2573671,2589269,1158,2589269,16178,15598
41298833,2590687,2604867,1158,2604867,14986,14180
41548833,2606285,2626137,1158,2626137,20431,19852
41784833,2621883,2638899,1158,2638899,17263,17016
42080833,2638899,2647407,1158,2647407,9329,8508
42355833,2647407,2655915,1158,2655915,8597,8508
42608833,2657333,2667259,1158,2667259,11173,9926
42849833,2668677,2682857,1158,2682857,13309,14180
43083833,2682857,2697037,1158,2697037,15266,14180
43324833,2697037,2716889,1158,2716889,21170,19852
43568833,2712635,2742413,1158,2742413,28935,29778
43868833,2731069,2763683,1158,2763683,31680,32614
44258833,2755175,2790625,1158,2790625,34654,35450
44735833,2786371,2824657,1158,2824657,37509,38286
45273833,2821821,2860107,1158,2860107,36861,38286
45864833,2861525,2901229,1158,2901229,39644,39704
46438833,2898393,2939515,1158,2939515,39756,41122
47055833,2939515,2970711,1158,2970711,30196,31196
47674833,2980637,3004743,1158,3004743,23606,24106
48088833,3008997,3024595,1158,3024595,15817,15598
48423833,3030267,3045865,1158,3045865,16478,15598
48675833,3047283,3072807,1158,3072807,25742,25524
48917833,3061463,3105421,1158,3105421,43503,43958
49259833,3082733,3113929,1158,3113929,30184,31196
49720833,3112511,3139453,1158,3139453,26520,26942
50301833,3152215,3177739,1158,3177739,24583,25524
50696833,3177739,3201845,1158,3201845,25362,24106
51078833,3203263,3221697,1158,3221697,19836,18434
51458833,3227369,3248639,1158,3248639,20645,21270
51763833,3248639,3267073,1158,3267073,18612,18434
52071833,3268491,3284089,1158,3284089,15829,15598
52354833,3284089,3295433,1158,3295433,12703,11344
52603833,3298269,3311031,1158,3311031,13887,12762
52840833,3311031,3322375,1158,3322375,12620,11344
53073833,3323793,3335137,2576,3335137,13243,11344
53304833,3336555,3350735,2576,3350735,15746,14180
53535833,3350735,3366333,1158,3366333,16118,15598
53784833,3366333,3379095,1158,3379095,14053,12762
54024833,3380513,3394693,1158,3394693,15507,14180
54257833,3394693,3407455,1158,3407455,14177,12762
54488833,3407455,3424471,1158,3424471,17566,17016
54719833,3423053,3442905,1158,3442905,20220,19852
54973833,3437233,3485445,1158,3485445,47352,48212
55263833,3455667,3486863,1158,3486863,29872,31196
55665833,3479773,3498207,1158,3498207,14709,18434
56366833,3529403,3545001,1158,3545001,17025,15598
56619833,3545001,3563435,1158,3563435,19138,18434
56860833,3560599,3590377,1158,3590377,29699,29778
57133833,3577615,3611647,1158,3611647,33439,34032
57506833,3601721,3649933,1158,3649933,47076,48212
57992833,3631499,3676875,1158,3676875,43658,45376
58675833,3676875,3726505,1158,3726505,47620,49630
59372833,3722251,3760537,1158,3760537,36425,38286
