timestamp,unAck0,unAck1
611833,5672,5672
611833,5672,5672
829833,38286,5672
1052833,32614,1418
1361833,19852,1418
1935833,17016,1418
2274833,15598,1418
2566833,22688,1418
2852833,18434,1418
3209833,15598,1418
3520833,9926,1418
3793833,12762,1418
4039833,17016,1418
4278833,18434,1418
4559833,14180,1418
4860833,11344,1418
5111833,9926,1418
5348833,15598,1418
5581833,11344,1418
5856833,11344,1418
6101833,21270,1418
6336833,29778,1418
6662833,18434,1418
7084833,19852,1418
7446833,11344,1418
7770833,15598,1418
8032833,11344,1418
8299833,14180,1418
8543833,12762,1418
8782833,11344,1418
9015833,8508,1418
9246833,12762,1418
9477833,14180,1418
9712833,14180,1418
9951833,11344,1418
10189833,7090,1418
10422833,5672,1418
10654833,2836,1418
10885833,5672,1418
11116833,11344,1418
11350833,8508,1418
11610833,7090,1418
11853833,7090,1418
12090833,11344,1418
12323833,18434,1418
12565833,35450,1418
12874833,29778,1418
13294833,43958,1418
13820833,34032,1418
14520833,19852,1418
14986833,15598,1418
15294833,18434,1418
15567833,25524,1418
15869833,24106,1418
16255833,14180,1418
16660833,11344,1418
16916833,9926,1418
17155833,12762,1418
17388833,18434,1418
17623833,19852,1418
17914833,18434,1418
18235833,12762,1418
18548833,11344,1418
18797833,8508,1418
19034833,12762,1418
19267833,17016,1418
19509833,12762,1418
19790833,7090,1418
20041833,7090,1418
20282833,8508,1418
20517833,7090,1418
20749833,8508,1418
20980833,8508,1418
21211833,9926,1418
21441833,7090,1418
21673833,4254,1418
21904833,7090,1418
22135833,7090,1418
22369833,9926,1418
22601833,7090,1418
22842833,7090,1418
23078833,8508,1418
23310833,9926,1418
23541833,12762,1418
23772833,21270,1418
24020833,22688,1418
24342833,14180,1418
24711833,12762,1418
24973833,9926,1418
25213833,11344,1418
25446833,9926,1418
25677833,12762,1418
25907833,12762,1418
26144833,14180,1418
26377833,15598,1418
26622833,11344,1418
26878833,7090,1418
27119833,8508,1418
27354833,5672,1418
27586833,8508,1418
27818833,9926,1418
28052833,8508,1418
28287833,8508,1418
28519833,12762,1418
28750833,12762,1418
28991833,15598,1418
29224833,41122,1418
29485833,42540,1418
29840833,26942,1418
30473833,21270,1418
30913833,22688,1418
31284833,18434,1418
31663833,18434,1418
31980833,24106,1418
32290833,21270,1418
32673833,15598,1418
33025833,19852,1418
33318833,17016,1418
33642833,21270,1418
33941833,25524,1418
34285833,17016,1418
34695833,24106,1418
35038833,14180,1418
35432833,17016,1418
35720833,17016,1418
36006833,11344,1418
36291833,17016,1418
36544833,22688,0
36822833,28360,1418
37168833,32614,1418
37609833,32614,1418
38137833,34032,1418
38683833,25524,1418
39253833,35450,1418
39732833,17016,1418
40319833,17016,1418
40625833,9926,1418
40914833,15598,1418
41170833,14180,1418
41431833,14180,1418
41674833,14180,1418
41912833,22688,1418
42150833,17016,1418
42476833,11344,1418
42793833,15598,1418
43054833,17016,1418
43321833,14180,1418
43601833,15598,1418
43852833,14180,1418
44110833,15598,1418
44353833,18434,1418
44609833,24106,1418
44902833,19852,1418
45268833,32614,1418
45616833,51048,1418
46114833,75154,1418
46807833,51048,1418
47838833,26942,1418
48480833,31196,1418
48977833,22688,1418
49499833,31196,1418
49931833,25524,1418
50446833,24106,1418
50872833,21270,1418
51272833,22688,1418
51637833,14180,1418
52015833,18434,1418
52300833,15598,1418
52604833,14180,1418
52868833,11344,1418
53112833,8508,1418
53347833,7090,1418
53579833,8508,1418
53810833,8508,1418
54041833,9926,1418
54271833,8508,1418
54502833,5672,1418
54732833,4254,1418
54962833,8508,1418
55192833,8508,1418
55428833,8508,1418
55660833,9926,1418
55891833,22688,1418
56126833,21270,1418
56454833,22688,1418
56819833,17016,1418
57197833,12762,1418
57472833,19852,1418
57717833,24106,1418
58033833,18434,1418
58410833,22688,1418
58748833,14180,1418
59122833,21270,1418
59428833,29778,1418
59794833,34032,1418
