timestamp,rWnd0,rWnd1
611833,1073725440,1073725440
611833,1073725440,1073725440
829833,1073725440,1073725440
1052833,1073725440,1073725440
1361833,1073725440,1073725440
1935833,1073725440,1073725440
2274833,1073725440,1073725440
2566833,1073725440,1073725440
2852833,1073725440,1073725440
3209833,1073725440,1073725440
3520833,1073725440,1073725440
3793833,1073725440,1073725440
4039833,1073725440,1073725440
4278833,1073725440,1073725440
4559833,1073725440,1073725440
4860833,1073725440,1073725440
5111833,1073725440,1073725440
5348833,1073725440,1073725440
5581833,1073725440,1073725440
5856833,1073725440,1073725440
6101833,1073725440,1073725440
6336833,1073725440,1073725440
6662833,1073725440,1073725440
7084833,1073725440,1073725440
7446833,1073725440,1073725440
7770833,1073725440,1073725440
8032833,1073725440,1073725440
8299833,1073725440,1073725440
8543833,1073725440,1073725440
8782833,1073725440,1073725440
9015833,1073725440,1073725440
9246833,1073725440,1073725440
9477833,1073725440,1073725440
9712833,1073725440,1073725440
9951833,1073725440,1073725440
10189833,1073725440,1073725440
10422833,1073725440,1073725440
10654833,1073725440,1073725440
10885833,1073725440,1073725440
11116833,1073725440,1073725440
11350833,1073725440,1073725440
11610833,1073725440,1073725440
11853833,1073725440,1073725440
12090833,1073725440,1073725440
12323833,1073725440,1073725440
12565833,1073725440,1073725440
12874833,1073725440,1073725440
13294833,1073725440,1073725440
13820833,1073725440,1073725440
14520833,1073725440,1073725440
14986833,1073725440,1073725440
15294833,1073725440,1073725440
15567833,1073725440,1073725440
15869833,1073725440,1073725440
16255833,1073725440,1073725440
16660833,1073725440,1073725440
16916833,1073725440,1073725440
17155833,1073725440,1073725440
17388833,1073725440,1073725440
17623833,1073725440,1073725440
17914833,1073725440,1073725440
18235833,1073725440,1073725440
18548833,1073725440,1073725440
18797833,1073725440,1073725440
19034833,1073725440,1073725440
19267833,1073725440,1073725440
19509833,1073725440,1073725440
19790833,1073725440,1073725440
20041833,1073725440,1073725440
20282833,1073725440,1073725440
20517833,1073725440,1073725440
20749833,1073725440,1073725440
20980833,1073725440,1073725440
21211833,1073725440,1073725440
21441833,1073725440,1073725440
21673833,1073725440,1073725440
21904833,1073725440,1073725440
22135833,1073725440,1073725440
22369833,1073725440,1073725440
22601833,1073725440,1073725440
22842833,1073725440,1073725440
23078833,1073725440,1073725440
23310833,1073725440,1073725440
23541833,1073725440,1073725440
23772833,1073725440,1073725440
24020833,1073725440,1073725440
24342833,1073725440,1073725440
24711833,1073725440,1073725440
24973833,1073725440,1073725440
25213833,1073725440,1073725440
25446833,1073725440,1073725440
25677833,1073725440,1073725440
25907833,1073725440,1073725440
26144833,1073725440,1073725440
26377833,1073725440,1073725440
26622833,1073725440,1073725440
26878833,1073725440,1073725440
27119833,1073725440,1073725440
27354833,1073725440,1073725440
27586833,1073725440,1073725440
27818833,1073725440,1073725440
28052833,1073725440,1073725440
28287833,1073725440,1073725440
28519833,1073725440,1073725440
28750833,1073725440,1073725440
28991833,1073725440,1073725440
29224833,1073725440,1073725440
29485833,1073725440,1073725440
29840833,1073725440,1073725440
30473833,1073725440,1073725440
30913833,1073725440,1073725440
31284833,1073725440,1073725440
31663833,1073725440,1073725440
31980833,1073725440,1073725440
32290833,1073725440,1073725440
32673833,1073725440,1073725440
33025833,1073725440,1073725440
33318833,1073725440,1073725440
33642833,1073725440,1073725440
33941833,1073725440,1073725440
34285833,1073725440,1073725440
34695833,1073725440,1073725440
35038833,1073725440,1073725440
35432833,1073725440,1073725440
35720833,1073725440,1073725440
36006833,1073725440,1073725440
36291833,1073725440,1073725440
36544833,1073725440,1073725440
36822833,1073725440,1073725440
37168833,1073725440,1073725440
37609833,1073725440,1073725440
38137833,1073725440,1073725440
38683833,1073725440,1073725440
39253833,1073725440,1073725440
39732833,1073725440,1073725440
40319833,1073725440,1073725440
40625833,1073725440,1073725440
40914833,1073725440,1073725440
41170833,1073725440,1073725440
41431833,1073725440,1073725440
41674833,1073725440,1073725440
41912833,1073725440,1073725440
42150833,1073725440,1073725440
42476833,1073725440,1073725440
42793833,1073725440,1073725440
43054833,1073725440,1073725440
43321833,1073725440,1073725440
43601833,1073725440,1073725440
43852833,1073725440,1073725440
44110833,1073725440,1073725440
44353833,1073725440,1073725440
44609833,1073725440,1073725440
44902833,1073725440,1073725440
45268833,1073725440,1073725440
45616833,1073725440,1073725440
46114833,1073725440,1073725440
46807833,1073725440,1073725440
47838833,1073725440,1073725440
48480833,1073725440,1073725440
48977833,1073725440,1073725440
49499833,1073725440,1073725440
49931833,1073725440,1073725440
50446833,1073725440,1073725440
50872833,1073725440,1073725440
51272833,1073725440,1073725440
51637833,1073725440,1073725440
52015833,1073725440,1073725440
52300833,1073725440,1073725440
52604833,1073725440,1073725440
52868833,1073725440,1073725440
53112833,1073725440,1073725440
53347833,1073725440,1073725440
53579833,1073725440,1073725440
53810833,1073725440,1073725440
54041833,1073725440,1073725440
54271833,1073725440,1073725440
54502833,1073725440,1073725440
54732833,1073725440,1073725440
54962833,1073725440,1073725440
55192833,1073725440,1073725440
55428833,1073725440,1073725440
55660833,1073725440,1073725440
55891833,1073725440,1073725440
56126833,1073725440,1073725440
56454833,1073725440,1073725440
56819833,1073725440,1073725440
57197833,1073725440,1073725440
57472833,1073725440,1073725440
57717833,1073725440,1073725440
58033833,1073725440,1073725440
58410833,1073725440,1073725440
58748833,1073725440,1073725440
59122833,1073725440,1073725440
59428833,1073725440,1073725440
59794833,1073725440,1073725440
