timestamp,availableTxBuffer0,availableTxBuffer1
611833,246472,246472
611833,246472,246472
829833,213858,246472
1052833,219530,250726
1361833,232292,250726
1935833,235128,250726
2274833,236546,250726
2566833,229456,250726
2852833,233710,250726
3209833,236546,250726
3520833,242218,250726
3793833,239382,250726
4039833,235128,250726
4278833,233710,250726
4559833,237964,250726
4860833,240800,250726
5111833,242218,250726
5348833,236546,250726
5581833,240800,250726
5856833,240800,250726
6101833,230874,250726
6336833,222366,250726
6662833,233710,250726
7084833,232292,250726
7446833,240800,250726
7770833,236546,250726
8032833,240800,250726
8299833,237964,250726
8543833,239382,250726
8782833,240800,250726
9015833,243636,250726
9246833,239382,250726
9477833,237964,250726
9712833,237964,250726
9951833,240800,250726
10189833,245054,250726
10422833,246472,250726
10654833,249308,250726
10885833,246472,250726
11116833,240800,250726
11350833,243636,250726
11610833,245054,250726
11853833,245054,250726
12090833,240800,250726
12323833,233710,250726
12565833,216694,250726
12874833,222366,250726
13294833,208186,250726
13820833,218112,250726
14520833,232292,250726
14986833,236546,250726
15294833,233710,250726
15567833,226620,250726
15869833,228038,250726
16255833,237964,250726
16660833,240800,250726
16916833,242218,250726
17155833,239382,250726
17388833,233710,250726
17623833,232292,250726
17914833,233710,250726
18235833,239382,250726
18548833,240800,250726
18797833,243636,250726
19034833,239382,250726
19267833,235128,250726
19509833,239382,250726
19790833,245054,250726
20041833,245054,250726
20282833,243636,250726
20517833,245054,250726
20749833,243636,250726
20980833,243636,250726
21211833,242218,250726
21441833,245054,250726
21673833,247890,250726
21904833,245054,250726
22135833,245054,250726
22369833,242218,250726
22601833,245054,250726
22842833,245054,250726
23078833,243636,250726
23310833,242218,250726
23541833,239382,250726
23772833,230874,250726
24020833,229456,250726
24342833,237964,250726
24711833,239382,250726
24973833,242218,250726
25213833,240800,250726
25446833,242218,250726
25677833,239382,250726
25907833,239382,250726
26144833,237964,250726
26377833,236546,250726
26622833,240800,250726
26878833,245054,250726
27119833,243636,250726
27354833,246472,250726
27586833,243636,250726
27818833,242218,250726
28052833,243636,250726
28287833,243636,250726
28519833,239382,250726
28750833,239382,250726
28991833,236546,250726
29224833,211022,250726
29485833,209604,250726
29840833,225202,250726
30473833,230874,250726
30913833,229456,250726
31284833,233710,250726
31663833,233710,250726
31980833,228038,250726
32290833,230874,250726
32673833,236546,250726
33025833,232292,250726
33318833,235128,250726
33642833,230874,250726
33941833,226620,250726
34285833,235128,250726
34695833,228038,250726
35038833,237964,250726
35432833,235128,250726
35720833,235128,250726
36006833,240800,250726
36291833,235128,250726
36544833,229456,252144
36822833,223784,250726
37168833,219530,250726
37609833,219530,250726
38137833,218112,250726
38683833,226620,250726
39253833,216694,250726
39732833,235128,250726
40319833,235128,250726
40625833,242218,250726
40914833,236546,250726
41170833,237964,250726
41431833,237964,250726
41674833,237964,250726
41912833,229456,250726
42150833,235128,250726
42476833,240800,250726
42793833,236546,250726
43054833,235128,250726
43321833,237964,250726
43601833,236546,250726
43852833,237964,250726
44110833,236546,250726
44353833,233710,250726
44609833,228038,250726
44902833,232292,250726
45268833,219530,250726
45616833,201096,250726
46114833,176990,250726
46807833,201096,250726
47838833,225202,250726
48480833,220948,250726
48977833,229456,250726
49499833,220948,250726
49931833,226620,250726
50446833,228038,250726
50872833,230874,250726
51272833,229456,250726
51637833,237964,250726
52015833,233710,250726
52300833,236546,250726
52604833,237964,250726
52868833,240800,250726
53112833,243636,250726
53347833,245054,250726
53579833,243636,250726
53810833,243636,250726
54041833,242218,250726
54271833,243636,250726
54502833,246472,250726
54732833,247890,250726
54962833,243636,250726
55192833,243636,250726
55428833,243636,250726
55660833,242218,250726
55891833,229456,250726
56126833,230874,250726
56454833,229456,250726
56819833,235128,250726
57197833,239382,250726
57472833,232292,250726
57717833,228038,250726
58033833,233710,250726
58410833,229456,250726
58748833,237964,250726
59122833,230874,250726
59428833,222366,250726
59794833,218112,250726
