timestamp,rtt0,rtt1
611833,218,184
611833,218,184
829833,223,184
1052833,309,219
1361833,574,221
1935833,339,224
2274833,292,224
2566833,286,225
2852833,357,226
3209833,311,227
3520833,273,227
3793833,246,228
4039833,239,228
4278833,281,228
4559833,301,228
4860833,251,229
5111833,237,229
5348833,233,229
5581833,275,229
5856833,245,229
6101833,235,229
6336833,326,229
6662833,422,229
7084833,362,229
7446833,324,229
7770833,262,230
8032833,267,230
8299833,244,230
8543833,239,230
8782833,233,230
9015833,231,230
9246833,231,230
9477833,235,230
9712833,239,230
9951833,238,230
10189833,233,230
10422833,232,230
10654833,231,230
10885833,231,230
11116833,234,230
11350833,260,230
11610833,243,230
11853833,237,230
12090833,233,230
12323833,242,230
12565833,309,230
12874833,420,230
13294833,526,230
13820833,700,230
14520833,466,230
14986833,308,230
15294833,273,230
15567833,302,230
15869833,386,230
16255833,405,230
16660833,256,230
16916833,239,230
17155833,233,230
17388833,235,230
17623833,291,230
17914833,321,230
18235833,313,230
18548833,249,230
18797833,237,230
19034833,233,230
19267833,242,230
19509833,281,230
19790833,251,230
20041833,241,230
20282833,235,230
20517833,232,230
20749833,231,230
20980833,231,230
21211833,230,230
21441833,232,230
21673833,231,230
21904833,231,230
22135833,234,230
22369833,232,230
22601833,241,230
22842833,236,230
23078833,232,230
23310833,231,230
23541833,231,230
23772833,248,230
24020833,322,230
24342833,369,230
24711833,262,230
24973833,240,230
25213833,233,230
25446833,231,230
25677833,230,230
25907833,237,230
26144833,233,230
26377833,245,230
26622833,256,230
26878833,241,230
27119833,235,230
27354833,232,230
27586833,232,230
27818833,234,230
28052833,235,230
28287833,232,230
28519833,231,230
28750833,241,230
28991833,233,230
29224833,261,230
29485833,355,230
29840833,633,230
30473833,440,230
30913833,371,230
31284833,379,230
31663833,317,230
31980833,310,230
32290833,383,230
32673833,352,230
33025833,293,230
33318833,324,230
33642833,299,230
33941833,344,230
34285833,410,230
34695833,343,230
35038833,394,230
35432833,288,230
35720833,286,230
36006833,285,230
36291833,253,230
36544833,278,230
36822833,346,230
37168833,441,230
37609833,528,230
38137833,546,230
38683833,570,230
39253833,479,230
39732833,587,230
40319833,306,230
40625833,289,230
40914833,256,230
41170833,261,230
41431833,243,230
41674833,238,230
41912833,238,230
42150833,326,230
42476833,317,230
42793833,261,230
43054833,267,230
43321833,280,230
43601833,251,230
43852833,258,230
44110833,243,230
44353833,256,230
44609833,293,230
44902833,366,230
45268833,348,230
45616833,498,230
46114833,693,230
46807833,1031,230
47838833,642,230
48480833,497,230
48977833,522,230
49499833,432,230
49931833,515,230
50446833,426,230
50872833,400,230
51272833,365,230
51637833,378,230
52015833,285,230
52300833,304,230
52604833,264,230
52868833,244,230
53112833,235,230
53347833,232,230
53579833,231,230
53810833,231,230
54041833,230,230
54271833,231,230
54502833,230,230
54732833,230,230
54962833,230,230
55192833,236,230
55428833,232,230
55660833,231,230
55891833,235,230
56126833,328,230
56454833,365,230
56819833,378,230
57197833,275,230
57472833,245,230
57717833,316,230
58033833,377,230
58410833,338,230
58748833,374,230
59122833,306,230
59428833,366,230
59794833,466,230
