timestamp,cWnd0,cWnd1
611833,5672,5672
611833,39328,1500
829833,39328,1500
1052833,32954,1500
1361833,20407,1500
1935833,17272,1500
2274833,17530,1500
2566833,23516,1500
2852833,18649,1500
3209833,15678,1500
3520833,11207,1500
3793833,12877,1500
4039833,18176,1500
4278833,19806,1500
4559833,15106,1500
4860833,12968,1500
5111833,11334,1500
5348833,16180,1500
5581833,13468,1500
5856833,11566,1500
6101833,22655,1500
6336833,30864,1500
6662833,19240,1500
7084833,20050,1500
7446833,14039,1500
7770833,15672,1500
8032833,11832,1500
8299833,14396,1500
8543833,13955,1500
8782833,11390,1500
9015833,9691,1500
9246833,13921,1500
9477833,14348,1500
9712833,14803,1500
9951833,11474,1500
10189833,7772,1500
10422833,6469,1500
10654833,4204,1500
10885833,6989,1500
11116833,11384,1500
11350833,9891,1500
11610833,8104,1500
11853833,8191,1500
12090833,12068,1500
12323833,19606,1500
12565833,35830,1500
12874833,30423,1500
13294833,45032,1500
13820833,35221,1500
14520833,20077,1500
14986833,15780,1500
15294833,18981,1500
15567833,25739,1500
15869833,24382,1500
16255833,14320,1500
16660833,11762,1500
16916833,10211,1500
17155833,13049,1500
17388833,19433,1500
17623833,20146,1500
17914833,19559,1500
18235833,13206,1500
18548833,11898,1500
18797833,9169,1500
19034833,13003,1500
19267833,17437,1500
19509833,12964,1500
19790833,7924,1500
20041833,7402,1500
20282833,8713,1500
20517833,7748,1500
20749833,9516,1500
20980833,9041,1500
21211833,10598,1500
21441833,8110,1500
21673833,5636,1500
21904833,7970,1500
22135833,7118,1500
22369833,10087,1500
22601833,8111,1500
22842833,8562,1500
23078833,9659,1500
23310833,10953,1500
23541833,13637,1500
23772833,22349,1500
24020833,23004,1500
24342833,14334,1500
24711833,13392,1500
24973833,10652,1500
25213833,11806,1500
25446833,11247,1500
25677833,13794,1500
25907833,13465,1500
26144833,15021,1500
26377833,16613,1500
26622833,11935,1500
26878833,8378,1500
27119833,8842,1500
27354833,6423,1500
27586833,9343,1500
27818833,10058,1500
28052833,9053,1500
28287833,9072,1500
28519833,13319,1500
28750833,13386,1500
28991833,15887,1500
29224833,43882,1500
29485833,43752,1500
29840833,27133,1500
30473833,22251,1500
30913833,23128,1500
31284833,18934,1500
31663833,18549,1500
31980833,25348,1500
32290833,21972,1500
32673833,16150,1500
33025833,20243,1500
33318833,17115,1500
33642833,22503,1500
33941833,26133,1500
34285833,17814,1500
34695833,24537,1500
35038833,14958,1500
35432833,17599,1500
35720833,18000,1500
36006833,12143,1500
36291833,17975,1500
36544833,23077,1500
36822833,28687,1500
37168833,32848,1500
37609833,32691,1500
38137833,35098,1500
38683833,26245,1500
39253833,36257,1500
39732833,17454,1500
40319833,17813,1500
40625833,10433,1500
40914833,15615,1500
41170833,14226,1500
41431833,15096,1500
41674833,15552,1500
41912833,23862,1500
42150833,17201,1500
42476833,11675,1500
42793833,16295,1500
43054833,17962,1500
43321833,15203,1500
43601833,16821,1500
43852833,14624,1500
44110833,16780,1500
44353833,18534,1500
44609833,24681,1500
44902833,20842,1500
45268833,33153,1500
45616833,52012,1500
46114833,75589,1500
46807833,51156,1500
47838833,28288,1500
48480833,31678,1500
48977833,23902,1500
49499833,32058,1500
49931833,26239,1500
50446833,24416,1500
50872833,22624,1500
51272833,22690,1500
51637833,15419,1500
52015833,19448,1500
52300833,16614,1500
52604833,15158,1500
52868833,12630,1500
53112833,9373,1500
53347833,7773,1500
53579833,8896,1500
53810833,9507,1500
54041833,11009,1500
54271833,10614,1500
54502833,5766,1500
54732833,5495,1500
54962833,9314,1500
55192833,9171,1500
55428833,9692,1500
55660833,10265,1500
55891833,23311,1500
56126833,21459,1500
56454833,23104,1500
56819833,17966,1500
57197833,13763,1500
57472833,21132,1500
57717833,25220,1500
58033833,19643,1500
58410833,23384,1500
58748833,14359,1500
59122833,23208,1500
59428833,30983,1500
59794833,34783,1500
