timestamp,lastAckedSeq,highTxMark,availableTxBuffer,nextTxSeq,totalCwnd,unAckMeta
611833,5673,17017,1158,17017,11344,11344
611833,5673,17017,1158,17017,40828,11344
829833,11345,55303,1158,55303,40828,43958
1052833,29779,63811,1158,63811,34454,34032
1361833,48213,70901,1158,70901,21907,22688
1935833,87917,106351,1158,106351,18772,18434
2274833,110605,127621,2576,127621,19030,17016
2566833,129039,153145,1158,153145,25016,24106
2852833,147473,168743,1158,168743,20149,21270
3209833,171579,188595,1158,188595,17178,17016
3520833,188595,199939,1158,199939,12707,11344
3793833,204193,218373,1158,218373,14377,14180
4039833,219791,238225,1158,238225,19676,18434
4278833,233971,255241,1158,255241,21306,21270
4559833,253823,269421,2576,269421,16606,15598
4860833,272257,285019,2576,285019,14468,12762
5111833,285019,296363,1158,296363,12834,11344
5348833,297781,314797,1158,314797,17680,17016
5581833,313379,326141,2576,326141,14968,12762
5856833,327559,340321,1158,340321,13066,12762
6101833,341739,364427,1158,364427,24155,22688
6336833,357337,388533,1158,388533,32364,31196
6662833,377189,398459,1158,398459,20740,21270
7084833,405549,426819,1158,426819,21550,21270
7446833,429655,442417,2576,442417,15539,12762
7770833,448089,465105,1158,465105,17172,17016
8032833,466523,479285,1158,479285,13332,12762
8299833,482121,497719,1158,497719,15896,15598
8543833,497719,511899,1158,511899,15455,14180
8782833,511899,524661,1158,524661,12890,12762
9015833,524661,534587,1158,534587,11191,9926
9246833,534587,548767,1158,548767,15421,14180
9477833,548767,564365,1158,564365,15848,15598
9712833,564365,579963,1158,579963,16303,15598
9951833,579963,592725,1158,592725,12974,12762
10189833,592725,601233,1158,601233,9272,8508
10422833,601233,608323,1158,608323,7969,7090
10654833,608323,612577,1158,612577,5704,4254
10885833,612577,619667,1158,619667,8489,7090
11116833,619667,632429,1158,632429,12884,12762
11350833,632429,642355,1158,642355,11391,9926
11610833,642355,650863,1158,650863,9604,8508
11853833,650863,659371,1158,659371,9691,8508
12090833,660789,673551,1158,673551,13568,12762
12323833,673551,693403,1158,693403,21106,19852
12565833,689149,726017,1158,726017,37330,36868
12874833,707583,740197,1158,740197,31923,32614
13294833,735943,782737,1158,782737,46532,46794
13820833,768557,806843,1158,806843,36721,38286
14520833,816769,838039,1158,838039,21577,21270
14986833,846547,863563,1158,863563,17280,17016
15294833,866399,886251,1158,886251,20481,19852
15567833,884833,913193,1158,913193,27239,28360
15869833,903267,930209,1158,930209,25882,26942
16255833,930209,945807,1158,945807,15820,15598
16660833,954315,967077,1158,967077,13262,12762
16916833,967077,978421,1158,978421,11711,11344
17155833,979839,994019,1158,994019,14549,14180
17388833,994019,1013871,1158,1013871,20933,19852
17623833,1009617,1030887,1158,1030887,21646,21270
17914833,1028051,1047903,1158,1047903,21059,19852
18235833,1049321,1063501,1158,1063501,14706,14180
18548833,1066337,1079099,1158,1079099,13398,12762
18797833,1079099,1089025,1158,1089025,10669,9926
19034833,1090443,1104623,1158,1104623,14503,14180
19267833,1104623,1123057,1158,1123057,18937,18434
19509833,1120221,1134401,1158,1134401,14464,14180
19790833,1134401,1142909,1158,1142909,9424,8508
20041833,1144327,1152835,1158,1152835,8902,8508
20282833,1154253,1164179,1158,1164179,10213,9926
20517833,1164179,1172687,1158,1172687,9248,8508
20749833,1172687,1182613,1158,1182613,11016,9926
20980833,1182613,1192539,1158,1192539,10541,9926
21211833,1192539,1203883,1158,1203883,12098,11344
21441833,1203883,1212391,1158,1212391,9610,8508
21673833,1212391,1218063,1158,1218063,7136,5672
21904833,1218063,1226571,1158,1226571,9470,8508
22135833,1226571,1235079,1158,1235079,8618,8508
22369833,1235079,1246423,1158,1246423,11587,11344
22601833,1246423,1254931,1158,1254931,9611,8508
22842833,1256349,1264857,2576,1264857,10062,8508
23078833,1266275,1276201,1158,1276201,11159,9926
23310833,1276201,1287545,1158,1287545,12453,11344
23541833,1287545,1301725,1158,1301725,15137,14180
23772833,1301725,1324413,1158,1324413,23849,22688
24020833,1315905,1341429,1158,1341429,24504,25524
24342833,1337175,1354191,1158,1354191,15834,17016
24711833,1361281,1375461,1158,1375461,14892,14180
24973833,1375461,1386805,1158,1386805,12152,11344
25213833,1388223,1400985,1158,1400985,13306,12762
25446833,1400985,1412329,1158,1412329,12747,11344
25677833,1412329,1426509,1158,1426509,15294,14180
25907833,1426509,1440689,1158,1440689,14965,14180
26144833,1440689,1456287,1158,1456287,16521,15598
26377833,1456287,1473303,1158,1473303,18113,17016
26622833,1471885,1484647,1158,1484647,13435,12762
26878833,1484647,1493155,1158,1493155,9878,8508
27119833,1494573,1504499,1158,1504499,10342,9926
27354833,1504499,1511589,1158,1511589,7923,7090
27586833,1511589,1521515,1158,1521515,10843,9926
27818833,1521515,1532859,1158,1532859,11558,11344
28052833,1532859,1542785,1158,1542785,10553,9926
28287833,1542785,1552711,1158,1552711,10572,9926
28519833,1552711,1566891,1158,1566891,14819,14180
28750833,1566891,1581071,1158,1581071,14886,14180
28991833,1582489,1599505,1158,1599505,17387,17016
29224833,1598087,1640627,2576,1640627,45382,42540
29485833,1612267,1657643,1158,1657643,45252,45376
29840833,1633537,1664733,1158,1664733,28633,31196
30473833,1678913,1701601,1158,1701601,23751,22688
30913833,1705855,1731379,1158,1731379,24628,25524
31284833,1731379,1751231,1158,1751231,20434,19852
31663833,1756903,1776755,1158,1776755,20049,19852
31980833,1776755,1802279,1158,1802279,26848,25524
32290833,1796607,1820713,1158,1820713,23472,24106
32673833,1822131,1839147,1158,1839147,17650,17016
33025833,1844819,1867507,1158,1867507,21743,22688
33318833,1864671,1883105,1158,1883105,18615,18434
33642833,1885941,1908629,1158,1908629,24003,22688
33941833,1904375,1932735,1158,1932735,27633,28360
34285833,1927063,1946915,1158,1946915,19314,19852
34695833,1954005,1980947,1158,1980947,26037,26942
35038833,1975275,1992291,1158,1992291,16458,17016
35432833,2003635,2022069,1158,2022069,19099,18434
35720833,2022069,2040503,1158,2040503,19500,18434
36006833,2040503,2053265,1158,2053265,13643,12762
36291833,2056101,2074535,1158,2074535,19475,18434
36544833,2071699,2095805,1158,2095805,24577,24106
36822833,2090133,2121329,1158,2121329,30187,31196
37168833,2112821,2148271,1158,2148271,34348,35450
37609833,2141181,2176631,1158,2176631,34191,35450
38137833,2175213,2212081,1158,2212081,36598,36868
38683833,2210663,2239023,1158,2239023,27745,28360
39253833,2247531,2287235,1158,2287235,37757,39704
39732833,2278727,2299997,1158,2299997,18954,21270
40319833,2319849,2338283,1158,2338283,19313,18434
40625833,2339701,2351045,1158,2351045,11933,11344
40914833,2355299,2372315,1158,2372315,17115,17016
41170833,2372315,2387913,1158,2387913,15726,15598
41431833,2387913,2403511,1158,2403511,16596,15598
41674833,2404929,2420527,1158,2420527,17052,15598
41912833,2420527,2444633,1158,2444633,25362,24106
42150833,2434707,2454559,1158,2454559,18701,19852
42476833,2454559,2467321,1158,2467321,13175,12762
42793833,2474411,2491427,1158,2491427,17795,17016
43054833,2491427,2509861,1158,2509861,19462,18434
43321833,2508443,2524041,1158,2524041,16703,15598
43601833,2526877,2543893,1158,2543893,18321,17016
43852833,2542475,2558073,1158,2558073,16124,15598
44110833,2559491,2576507,1158,2576507,18280,17016
44353833,2575089,2594941,1158,2594941,20034,19852
44609833,2592105,2617629,1158,2617629,26181,25524
44902833,2610539,2633227,1158,2633227,22342,22688
45268833,2636063,2670095,1158,2670095,34653,34032
45616833,2655915,2711217,1158,2711217,53512,55302
46114833,2687111,2767937,1158,2767937,77089,80826
46807833,2731069,2789207,1158,2789207,52656,58138
47838833,2801969,2831747,1158,2831747,29788,29778
48480833,2843091,2878541,1158,2878541,33178,35450
48977833,2875705,2902647,1158,2902647,25402,26942
49499833,2911155,2945187,1158,2945187,33558,34032
49931833,2938097,2967875,1158,2967875,27739,29778
50446833,2973547,3000489,1158,3000489,25916,26942
50872833,3001907,3026013,1158,3026013,24124,24106
51272833,3027431,3051537,1158,3051537,24190,24106
51637833,3052955,3068553,2576,3068553,16919,15598
52015833,3075643,3095495,1158,3095495,20948,19852
52300833,3094077,3112511,1158,3112511,18114,18434
52604833,3115347,3130945,1158,3130945,16658,15598
52868833,3130945,3143707,1158,3143707,14130,12762
53112833,3143707,3153633,1158,3153633,10873,9926
53347833,3153633,3162141,1158,3162141,9273,8508
53579833,3163559,3173485,1158,3173485,10396,9926
53810833,3173485,3183411,1158,3183411,11007,9926
54041833,3183411,3194755,1158,3194755,12509,11344
54271833,3194755,3204681,2576,3204681,12114,9926
54502833,3204681,3211771,1158,3211771,7266,7090
54732833,3211771,3217443,1158,3217443,6995,5672
54962833,3217443,3227369,1158,3227369,10814,9926
55192833,3227369,3237295,1158,3237295,10671,9926
55428833,3238713,3248639,1158,3248639,11192,9926
55660833,3248639,3259983,1158,3259983,11765,11344
55891833,3259983,3284089,1158,3284089,24811,24106
56126833,3272745,3296851,1158,3296851,22959,24106
56454833,3295433,3319539,1158,3319539,24604,24106
56819833,3318121,3337973,1158,3337973,19466,19852
57197833,3345063,3359243,2576,3359243,15263,14180
57472833,3360661,3381931,1158,3381931,22632,21270
57717833,3376259,3403201,1158,3403201,26720,26942
58033833,3396111,3417381,1158,3417381,21143,21270
58410833,3421635,3447159,1158,3447159,24884,25524
58748833,3442905,3459921,1158,3459921,15859,17016
59122833,3468429,3492535,2576,3492535,24708,24106
59428833,3486863,3519477,1158,3519477,32483,32614
59794833,3510969,3547837,1158,3547837,36283,36868
