timestamp,availableTxBuffer0,availableTxBuffer1
611833,246472,246472
611833,246472,246472
829833,230874,246472
1052833,192588,250726
1361833,191170,250726
1790833,205350,250726
2574833,215276,250726
3438833,228038,250726
3901833,220948,250726
4320833,232292,250726
4832833,225202,250726
5243833,220948,250726
5691833,232292,250726
6206833,218112,250726
6620833,239382,250726
7176833,223784,250726
7603833,223784,250726
8074833,236546,252144
8549833,232292,252144
8871833,235128,250726
9202833,228038,250726
9501833,233710,252144
9881833,236546,250726
10193833,237964,250726
10457833,242218,250726
10701833,242218,250726
10937833,232292,250726
11169833,233710,252144
11478833,239382,250726
11794833,237964,250726
12042833,236546,250726
12282833,236546,250726
12537833,235128,250726
12797833,233710,250726
13075833,228038,252144
13377833,229456,250726
13765833,229456,250726
14151833,226620,250726
14532833,215276,250726
14954833,209604,250726
15529833,213858,250726
16226833,194006,250726
16882833,196842,250726
17861833,202514,250726
18770833,205350,250726
19589833,199678,250726
20377833,202514,250726
21257833,202514,250726
22091833,181244,250726
22925833,213858,250726
24106833,219530,250726
24663833,222366,250726
25211833,225202,250726
25702833,228038,250726
26151833,228038,250726
26578833,232292,250726
26975833,235128,250726
27298833,229456,250726
27592833,240800,250726
27954833,236546,250726
28249833,242218,250726
28519833,236546,250726
28764833,236546,250726
29035833,239382,250726
29298833,236546,250726
29539833,237964,250726
29797833,237964,250726
30040833,237964,250726
30279833,237964,250726
30516833,236546,250726
30753833,240800,250726
31007833,242218,250726
31247833,242218,250726
31481833,246472,250726
31713833,245054,250726
31944833,247890,250726
32176833,249308,250726
32408833,247890,250726
32639833,246472,250726
32870833,250726,250726
33102833,249308,250726
33334833,247890,250726
33565833,246472,250726
33798833,249308,250726
34034833,247890,250726
34269833,246472,250726
34504833,245054,250726
34740833,245054,250726
34978833,245054,250726
35212833,239382,250726
35449833,239382,250726
35704833,237964,250726
35943833,230874,250726
36186833,236546,250726
36500833,237964,250726
36781833,245054,250726
37029833,245054,250726
37269833,242218,250726
37504833,236546,250726
37737833,232292,250726
38023833,230874,250726
38340833,239382,250726
38688833,229456,250726
38975833,233710,250726
39337833,230874,250726
39666833,235128,250726
40018833,229456,250726
40327833,229456,250726
40695833,228038,250726
41073833,225202,250726
41474833,239382,250726
41919833,242218,250726
42187833,245054,250726
42432833,242218,250726
42669833,236546,250726
42903833,240800,250726
43172833,242218,250726
43417833,246472,250726
43653833,246472,250726
43887833,245054,250726
44119833,246472,250726
44350833,246472,250726
44581833,247890,250726
44811833,247890,250726
45041833,246472,250726
45271833,249308,250726
45503833,247890,250726
45735833,245054,250726
45966833,243636,250726
46202833,243636,250726
46440833,237964,250726
46673833,240800,250726
46946833,240800,250726
47191833,236546,250726
47426833,242218,250726
47694833,243636,250726
47941833,240800,250726
48178833,237964,250726
48412833,239382,250726
48661833,223784,250726
48898833,223784,250726
49252833,233710,250726
49711833,223784,250726
50094833,215276,250726
50559833,213858,250726
51148833,213858,250726
51788833,216694,250726
52431833,226620,250726
52988833,222366,250726
53450833,222366,250726
53947833,225202,250726
54469833,232292,252144
54886833,222366,250726
55246833,226620,250726
55724833,220948,250726
56169833,239382,250726
56685833,240800,250726
56954833,245054,250726
57197833,242218,250726
57433833,236546,250726
57667833,230874,250726
57941833,239382,250726
58270833,239382,250726
58533833,242218,250726
58773833,242218,250726
59007833,243636,250726
59239833,239382,250726
59470833,240800,250726
59715833,233710,250726
59950833,230874,250726
