timestamp,rWnd0,rWnd1
611833,1073725440,1073725440
611833,1073725440,1073725440
829833,1073725440,1073725440
1052833,1073725440,1073725440
1361833,1073725440,1073725440
1790833,1073725440,1073725440
2574833,1073725440,1073725440
3438833,1073725440,1073725440
3901833,1073725440,1073725440
4320833,1073725440,1073725440
4832833,1073725440,1073725440
5243833,1073725440,1073725440
5691833,1073725440,1073725440
6206833,1073725440,1073725440
6620833,1073725440,1073725440
7176833,1073725440,1073725440
7603833,1073725440,1073725440
8074833,1073725440,1073725440
8549833,1073725440,1073725440
8871833,1073725440,1073725440
9202833,1073725440,1073725440
9501833,1073725440,1073725440
9881833,1073725440,1073725440
10193833,1073725440,1073725440
10457833,1073725440,1073725440
10701833,1073725440,1073725440
10937833,1073725440,1073725440
11169833,1073725440,1073725440
11478833,1073725440,1073725440
11794833,1073725440,1073725440
12042833,1073725440,1073725440
12282833,1073725440,1073725440
12537833,1073725440,1073725440
12797833,1073725440,1073725440
13075833,1073725440,1073725440
13377833,1073725440,1073725440
13765833,1073725440,1073725440
14151833,1073725440,1073725440
14532833,1073725440,1073725440
14954833,1073725440,1073725440
15529833,1073725440,1073725440
16226833,1073725440,1073725440
16882833,1073725440,1073725440
17861833,1073725440,1073725440
18770833,1073725440,1073725440
19589833,1073725440,1073725440
20377833,1073725440,1073725440
21257833,1073725440,1073725440
22091833,1073725440,1073725440
22925833,1073725440,1073725440
24106833,1073725440,1073725440
24663833,1073725440,1073725440
25211833,1073725440,1073725440
25702833,1073725440,1073725440
26151833,1073725440,1073725440
26578833,1073725440,1073725440
26975833,1073725440,1073725440
27298833,1073725440,1073725440
27592833,1073725440,1073725440
27954833,1073725440,1073725440
28249833,1073725440,1073725440
28519833,1073725440,1073725440
28764833,1073725440,1073725440
29035833,1073725440,1073725440
29298833,1073725440,1073725440
29539833,1073725440,1073725440
29797833,1073725440,1073725440
30040833,1073725440,1073725440
30279833,1073725440,1073725440
30516833,1073725440,1073725440
30753833,1073725440,1073725440
31007833,1073725440,1073725440
31247833,1073725440,1073725440
31481833,1073725440,1073725440
31713833,1073725440,1073725440
31944833,1073725440,1073725440
32176833,1073725440,1073725440
32408833,1073725440,1073725440
32639833,1073725440,1073725440
32870833,1073725440,1073725440
33102833,1073725440,1073725440
33334833,1073725440,1073725440
33565833,1073725440,1073725440
33798833,1073725440,1073725440
34034833,1073725440,1073725440
34269833,1073725440,1073725440
34504833,1073725440,1073725440
34740833,1073725440,1073725440
34978833,1073725440,1073725440
35212833,1073725440,1073725440
35449833,1073725440,1073725440
35704833,1073725440,1073725440
35943833,1073725440,1073725440
36186833,1073725440,1073725440
36500833,1073725440,1073725440
36781833,1073725440,1073725440
37029833,1073725440,1073725440
37269833,1073725440,1073725440
37504833,1073725440,1073725440
37737833,1073725440,1073725440
38023833,1073725440,1073725440
38340833,1073725440,1073725440
38688833,1073725440,1073725440
38975833,1073725440,1073725440
39337833,1073725440,1073725440
39666833,1073725440,1073725440
40018833,1073725440,1073725440
40327833,1073725440,1073725440
40695833,1073725440,1073725440
41073833,1073725440,1073725440
41474833,1073725440,1073725440
41919833,1073725440,1073725440
42187833,1073725440,1073725440
42432833,1073725440,1073725440
42669833,1073725440,1073725440
42903833,1073725440,1073725440
43172833,1073725440,1073725440
43417833,1073725440,1073725440
43653833,1073725440,1073725440
43887833,1073725440,1073725440
44119833,1073725440,1073725440
44350833,1073725440,1073725440
44581833,1073725440,1073725440
44811833,1073725440,1073725440
45041833,1073725440,1073725440
45271833,1073725440,1073725440
45503833,1073725440,1073725440
45735833,1073725440,1073725440
45966833,1073725440,1073725440
46202833,1073725440,1073725440
46440833,1073725440,1073725440
46673833,1073725440,1073725440
46946833,1073725440,1073725440
47191833,1073725440,1073725440
47426833,1073725440,1073725440
47694833,1073725440,1073725440
47941833,1073725440,1073725440
48178833,1073725440,1073725440
48412833,1073725440,1073725440
48661833,1073725440,1073725440
48898833,1073725440,1073725440
49252833,1073725440,1073725440
49711833,1073725440,1073725440
50094833,1073725440,1073725440
50559833,1073725440,1073725440
51148833,1073725440,1073725440
51788833,1073725440,1073725440
52431833,1073725440,1073725440
52988833,1073725440,1073725440
53450833,1073725440,1073725440
53947833,1073725440,1073725440
54469833,1073725440,1073725440
54886833,1073725440,1073725440
55246833,1073725440,1073725440
55724833,1073725440,1073725440
56169833,1073725440,1073725440
56685833,1073725440,1073725440
56954833,1073725440,1073725440
57197833,1073725440,1073725440
57433833,1073725440,1073725440
57667833,1073725440,1073725440
57941833,1073725440,1073725440
58270833,1073725440,1073725440
58533833,1073725440,1073725440
58773833,1073725440,1073725440
59007833,1073725440,1073725440
59239833,1073725440,1073725440
59470833,1073725440,1073725440
59715833,1073725440,1073725440
59950833,1073725440,1073725440
