timestamp,cWnd0,cWnd1
611833,5672,5672
611833,22199,1500
829833,22199,1500
1052833,59789,1500
1361833,62320,1500
1790833,48045,1500
2574833,37340,1500
3438833,25080,1500
3901833,31659,1500
4320833,20366,1500
4832833,27820,1500
5243833,32184,1500
5691833,20260,1500
6206833,34451,1500
6620833,15119,1500
7176833,28995,1500
7603833,28783,1500
8074833,16986,1500
8549833,20895,1500
8871833,17388,1500
9202833,25475,1500
9501833,19505,1500
9881833,16404,1500
10193833,15500,1500
10457833,11136,1500
10701833,10826,1500
10937833,20820,1500
11169833,18797,1500
11478833,13336,1500
11794833,14722,1500
12042833,16641,1500
12282833,15598,1500
12537833,17369,1500
12797833,19088,1500
13075833,25758,1500
13377833,24027,1500
13765833,24071,1500
14151833,26301,1500
14532833,38110,1500
14954833,43691,1500
15529833,38652,1500
16226833,60512,1500
16882833,55404,1500
17861833,50276,1500
18770833,47165,1500
19589833,53213,1500
20377833,50146,1500
21257833,50276,1500
22091833,72050,1500
22925833,39169,1500
24106833,32854,1500
24663833,30661,1500
25211833,28135,1500
25702833,26425,1500
26151833,24365,1500
26578833,20960,1500
26975833,17781,1500
27298833,22927,1500
27592833,11615,1500
27954833,16085,1500
28249833,11307,1500
28519833,16919,1500
28764833,15964,1500
29035833,13834,1500
29298833,15683,1500
29539833,14582,1500
29797833,14508,1500
30040833,15307,1500
30279833,14335,1500
30516833,16595,1500
30753833,11538,1500
31007833,11105,1500
31247833,10504,1500
31481833,6976,1500
31713833,8565,1500
31944833,5088,1500
32176833,3267,1500
32408833,5501,1500
32639833,6042,1500
32870833,2896,1500
33102833,3050,1500
33334833,4955,1500
33565833,6487,1500
33798833,4197,1500
34034833,5392,1500
34269833,6557,1500
34504833,8283,1500
34740833,7100,1500
34978833,9473,1500
35212833,13832,1500
35449833,13874,1500
35704833,14623,1500
35943833,22028,1500
36186833,16854,1500
36500833,14384,1500
36781833,7576,1500
37029833,7597,1500
37269833,11030,1500
37504833,16483,1500
37737833,21120,1500
38023833,22383,1500
38340833,13565,1500
38688833,23790,1500
38975833,18583,1500
39337833,21371,1500
39666833,17924,1500
40018833,23724,1500
40327833,23828,1500
40695833,25179,1500
41073833,28199,1500
41474833,13166,1500
41919833,10672,1500
42187833,7383,1500
42432833,10631,1500
42669833,16545,1500
42903833,12084,1500
43172833,10301,1500
43417833,6299,1500
43653833,6350,1500
43887833,7388,1500
44119833,7007,1500
44350833,6444,1500
44581833,4733,1500
44811833,4880,1500
45041833,6209,1500
45271833,3853,1500
45503833,4641,1500
45735833,7392,1500
45966833,8538,1500
46202833,9213,1500
46440833,14676,1500
46673833,11985,1500
46946833,12197,1500
47191833,15818,1500
47426833,10289,1500
47694833,9653,1500
47941833,12177,1500
48178833,14611,1500
48412833,13500,1500
48661833,28517,1500
48898833,28766,1500
49252833,18996,1500
49711833,28553,1500
50094833,37739,1500
50559833,38507,1500
51148833,39239,1500
51788833,36159,1500
52431833,26902,1500
52988833,30390,1500
53450833,31202,1500
53947833,27352,1500
54469833,19866,1500
54886833,29825,1500
55246833,25888,1500
55724833,31725,1500
56169833,13581,1500
56685833,12337,1500
56954833,7829,1500
57197833,11329,1500
57433833,16926,1500
57667833,22458,1500
57941833,13516,1500
58270833,13553,1500
58533833,10792,1500
58773833,10569,1500
59007833,9194,1500
59239833,13760,1500
59470833,12548,1500
59715833,18772,1500
59950833,22581,1500
