timestamp,rtt0,rtt1
611833,218,184
611833,218,184
829833,223,184
1052833,309,219
1361833,429,221
1790833,784,223
2574833,864,225
3438833,463,227
3901833,419,228
4320833,512,228
4832833,411,229
5243833,448,229
5691833,515,229
6206833,414,229
6620833,556,229
7176833,427,229
7603833,471,230
8074833,475,230
8549833,322,230
8871833,331,230
9202833,299,230
9501833,380,230
9881833,312,230
10193833,264,230
10457833,244,230
10701833,236,230
10937833,232,230
11169833,309,230
11478833,316,230
11794833,248,230
12042833,240,230
12282833,255,230
12537833,260,230
12797833,278,230
13075833,302,230
13377833,388,230
13765833,386,230
14151833,381,230
14532833,422,230
14954833,575,230
15529833,697,230
16226833,656,230
16882833,979,230
17861833,909,230
18770833,819,230
19589833,788,230
20377833,880,230
21257833,834,230
22091833,834,230
22925833,1181,230
24106833,557,230
24663833,548,230
25211833,491,230
25702833,449,230
26151833,427,230
26578833,397,230
26975833,323,230
27298833,294,230
27592833,362,230
27954833,295,230
28249833,270,230
28519833,245,230
28764833,271,230
29035833,263,230
29298833,241,230
29539833,258,230
29797833,243,230
30040833,239,230
30279833,237,230
30516833,237,230
30753833,254,230
31007833,240,230
31247833,234,230
31481833,232,230
31713833,231,230
31944833,232,230
32176833,232,230
32408833,231,230
32639833,231,230
32870833,232,230
33102833,232,230
33334833,231,230
33565833,233,230
33798833,236,230
34034833,235,230
34269833,235,230
34504833,236,230
34740833,238,230
34978833,234,230
35212833,237,230
35449833,255,230
35704833,239,230
35943833,243,230
36186833,314,230
36500833,281,230
36781833,248,230
37029833,240,230
37269833,235,230
37504833,233,230
37737833,286,230
38023833,317,230
38340833,348,230
38688833,287,230
38975833,362,230
39337833,329,230
39666833,352,230
40018833,309,230
40327833,368,230
40695833,378,230
41073833,401,230
41474833,445,230
41919833,268,230
42187833,245,230
42432833,237,230
42669833,234,230
42903833,269,230
43172833,245,230
43417833,236,230
43653833,234,230
43887833,232,230
44119833,231,230
44350833,231,230
44581833,230,230
44811833,230,230
45041833,230,230
45271833,232,230
45503833,232,230
45735833,231,230
45966833,236,230
46202833,238,230
46440833,233,230
46673833,273,230
46946833,245,230
47191833,235,230
47426833,268,230
47694833,247,230
47941833,237,230
48178833,234,230
48412833,249,230
48661833,237,230
48898833,354,230
49252833,459,230
49711833,383,230
50094833,465,230
50559833,589,230
51148833,640,230
51788833,643,230
52431833,557,230
52988833,462,230
53450833,497,230
53947833,522,230
54469833,417,230
54886833,360,230
55246833,478,230
55724833,445,230
56169833,516,230
56685833,269,230
56954833,243,230
57197833,236,230
57433833,234,230
57667833,274,230
57941833,329,230
58270833,263,230
58533833,240,230
58773833,234,230
59007833,232,230
59239833,231,230
59470833,245,230
59715833,235,230
59950833,296,230
