timestamp,unAck0,unAck1
611833,5672,5672
611833,5672,5672
829833,21270,5672
1052833,59556,1418
1361833,60974,1418
1790833,46794,1418
2574833,36868,1418
3438833,24106,1418
3901833,31196,1418
4320833,19852,1418
4832833,26942,1418
5243833,31196,1418
5691833,19852,1418
6206833,34032,1418
6620833,12762,1418
7176833,28360,1418
7603833,28360,1418
8074833,15598,0
8549833,19852,0
8871833,17016,1418
9202833,24106,1418
9501833,18434,0
9881833,15598,1418
10193833,14180,1418
10457833,9926,1418
10701833,9926,1418
10937833,19852,1418
11169833,18434,0
11478833,12762,1418
11794833,14180,1418
12042833,15598,1418
12282833,15598,1418
12537833,17016,1418
12797833,18434,1418
13075833,24106,0
13377833,22688,1418
13765833,22688,1418
14151833,25524,1418
14532833,36868,1418
14954833,42540,1418
15529833,38286,1418
16226833,58138,1418
16882833,55302,1418
17861833,49630,1418
18770833,46794,1418
19589833,52466,1418
20377833,49630,1418
21257833,49630,1418
22091833,70900,1418
22925833,38286,1418
24106833,32614,1418
24663833,29778,1418
25211833,26942,1418
25702833,24106,1418
26151833,24106,1418
26578833,19852,1418
26975833,17016,1418
27298833,22688,1418
27592833,11344,1418
27954833,15598,1418
28249833,9926,1418
28519833,15598,1418
28764833,15598,1418
29035833,12762,1418
29298833,15598,1418
29539833,14180,1418
29797833,14180,1418
30040833,14180,1418
30279833,14180,1418
30516833,15598,1418
30753833,11344,1418
31007833,9926,1418
31247833,9926,1418
31481833,5672,1418
31713833,7090,1418
31944833,4254,1418
32176833,2836,1418
32408833,4254,1418
32639833,5672,1418
32870833,1418,1418
33102833,2836,1418
33334833,4254,1418
33565833,5672,1418
33798833,2836,1418
34034833,4254,1418
34269833,5672,1418
34504833,7090,1418
34740833,7090,1418
34978833,7090,1418
35212833,12762,1418
35449833,12762,1418
35704833,14180,1418
35943833,21270,1418
36186833,15598,1418
36500833,14180,1418
36781833,7090,1418
37029833,7090,1418
37269833,9926,1418
37504833,15598,1418
37737833,19852,1418
38023833,21270,1418
38340833,12762,1418
38688833,22688,1418
38975833,18434,1418
39337833,21270,1418
39666833,17016,1418
40018833,22688,1418
40327833,22688,1418
40695833,24106,1418
41073833,26942,1418
41474833,12762,1418
41919833,9926,1418
42187833,7090,1418
42432833,9926,1418
42669833,15598,1418
42903833,11344,1418
43172833,9926,1418
43417833,5672,1418
43653833,5672,1418
43887833,7090,1418
44119833,5672,1418
44350833,5672,1418
44581833,4254,1418
44811833,4254,1418
45041833,5672,1418
45271833,2836,1418
45503833,4254,1418
45735833,7090,1418
45966833,8508,1418
46202833,8508,1418
46440833,14180,1418
46673833,11344,1418
46946833,11344,1418
47191833,15598,1418
47426833,9926,1418
47694833,8508,1418
47941833,11344,1418
48178833,14180,1418
48412833,12762,1418
48661833,28360,1418
48898833,28360,1418
49252833,18434,1418
49711833,28360,1418
50094833,36868,1418
50559833,38286,1418
51148833,38286,1418
51788833,35450,1418
52431833,25524,1418
52988833,29778,1418
53450833,29778,1418
53947833,26942,1418
54469833,19852,0
54886833,29778,1418
55246833,25524,1418
55724833,31196,1418
56169833,12762,1418
56685833,11344,1418
56954833,7090,1418
57197833,9926,1418
57433833,15598,1418
57667833,21270,1418
57941833,12762,1418
58270833,12762,1418
58533833,9926,1418
58773833,9926,1418
59007833,8508,1418
59239833,12762,1418
59470833,11344,1418
59715833,18434,1418
59950833,21270,1418
