timestamp,lastAckedSeq,highTxMark,availableTxBuffer,nextTxSeq,totalCwnd,unAckMeta
611833,5673,17017,1158,17017,11344,11344
611833,5673,17017,1158,17017,23699,11344
829833,11345,38287,1158,38287,23699,26942
1052833,29779,90753,1158,90753,61289,60974
1361833,48213,112023,1158,112023,63820,63810
1790833,73737,126203,1158,126203,49545,52466
2574833,127621,167325,1158,167325,38840,39704
3438833,184341,211283,1158,211283,26580,26942
3901833,215537,249569,1158,249569,33159,34032
4320833,242479,265167,1158,265167,21866,22688
4832833,276511,306289,1158,306289,29320,29778
5243833,303453,337485,1158,337485,33684,34032
5691833,331813,355919,1158,355919,21760,24106
6206833,365845,402713,1158,402713,35951,36868
6620833,392787,408385,2576,408385,16619,15598
7176833,429655,460851,1158,460851,30495,31196
7603833,458015,489211,1158,489211,30283,31196
8074833,486375,504809,1158,504809,18486,18434
8549833,518989,540259,1158,540259,22395,21270
8871833,541677,560111,1158,560111,18888,18434
9202833,562947,588471,1158,588471,26975,25524
9501833,581381,601233,1158,601233,21005,19852
9881833,606905,623921,1158,623921,17904,17016
10193833,626757,642355,1158,642355,17000,15598
10457833,643773,655117,1158,655117,12636,11344
10701833,655117,666461,1158,666461,12326,11344
10937833,667879,689149,1158,689149,22320,21270
11169833,680641,700493,1158,700493,20297,19852
11478833,701911,716091,1158,716091,14836,14180
11794833,721763,737361,1158,737361,16222,15598
12042833,737361,754377,1158,754377,18141,17016
12282833,752959,769975,1158,769975,17098,17016
12537833,769975,788409,1158,788409,18869,18434
12797833,786991,806843,1158,806843,20588,19852
13075833,805425,830949,2576,830949,27258,25524
13377833,823859,849383,1158,849383,25527,25524
13765833,849383,873489,1158,873489,25571,24106
14151833,874907,903267,1158,903267,27801,28360
14532833,900431,940135,1158,940135,39610,39704
14954833,925955,971331,1158,971331,45191,45376
15529833,962823,1005363,1158,1005363,40152,42540
16226833,1009617,1072009,2576,1072009,62012,62392
16882833,1049321,1110295,1158,1110295,56904,60974
17861833,1114549,1169851,1158,1169851,51776,55302
18770833,1174105,1225153,1158,1225153,48665,51048
19589833,1226571,1284709,1158,1284709,54713,58138
20377833,1277619,1332921,1158,1332921,51646,55302
21257833,1335757,1391059,1158,1391059,51776,55302
22091833,1391059,1466213,1158,1466213,73550,75154
22925833,1443525,1488901,1158,1488901,40669,45376
24106833,1524351,1561219,1158,1561219,34354,36868
24663833,1561219,1593833,1158,1593833,32161,32614
25211833,1596669,1626447,1158,1626447,29635,29778
25702833,1630701,1656225,2576,1656225,27925,25524
26151833,1659061,1684585,1158,1684585,25865,25524
26578833,1687421,1708691,1158,1708691,22460,21270
26975833,1714363,1732797,1158,1732797,19281,18434
27298833,1734215,1758321,1158,1758321,24427,24106
27592833,1754067,1766829,1158,1766829,13115,12762
27954833,1775337,1792353,1158,1792353,17585,17016
28249833,1792353,1803697,1158,1803697,12807,11344
28519833,1806533,1823549,1158,1823549,18419,17016
28764833,1822131,1839147,1158,1839147,17464,17016
29035833,1839147,1853327,1158,1853327,15334,14180
29298833,1856163,1874597,1158,1874597,17183,18434
29539833,1871761,1888777,1158,1888777,16082,17016
29797833,1890195,1905793,1158,1905793,16008,15598
30040833,1905793,1921391,1158,1921391,16807,15598
30279833,1921391,1936989,1158,1936989,15835,15598
30516833,1936989,1954005,1158,1954005,18095,17016
30753833,1952587,1965349,1158,1965349,13038,12762
31007833,1965349,1976693,1158,1976693,12605,11344
31247833,1976693,1988037,1158,1988037,12004,11344
31481833,1988037,1995127,1158,1995127,8476,7090
31713833,1996545,2005053,2576,2005053,10065,8508
31944833,2005053,2010725,1158,2010725,6588,5672
32176833,2010725,2014979,1158,2014979,4767,4254
32408833,2016397,2022069,1158,2022069,7001,5672
32639833,2022069,2029159,1158,2029159,7542,7090
32870833,2029159,2031995,2576,2031995,4396,2836
33102833,2033413,2037667,1158,2037667,4550,4254
33334833,2037667,2043339,1158,2043339,6455,5672
33565833,2043339,2050429,1158,2050429,7987,7090
33798833,2050429,2054683,1158,2054683,5697,4254
34034833,2054683,2060355,1158,2060355,6892,5672
34269833,2060355,2067445,1158,2067445,8057,7090
34504833,2067445,2075953,1158,2075953,9783,8508
34740833,2075953,2084461,1158,2084461,8600,8508
34978833,2085879,2094387,2576,2094387,10973,8508
35212833,2095805,2109985,1158,2109985,15332,14180
35449833,2109985,2124165,1158,2124165,15374,14180
35704833,2125583,2141181,1158,2141181,16123,15598
35943833,2141181,2163869,1158,2163869,23528,22688
36186833,2155361,2173795,1158,2173795,18354,18434
36500833,2176631,2192229,1158,2192229,15884,15598
36781833,2192229,2200737,1158,2200737,9076,8508
37029833,2202155,2210663,1158,2210663,9097,8508
37269833,2212081,2223425,1158,2223425,12530,11344
37504833,2223425,2240441,1158,2240441,17983,17016
37737833,2239023,2260293,1158,2260293,22620,21270
38023833,2256039,2280145,1158,2280145,23883,24106
38340833,2277309,2291489,1158,2291489,15065,14180
38688833,2298579,2324103,1158,2324103,25290,25524
38975833,2317013,2338283,1158,2338283,20083,21270
39337833,2341119,2363807,1158,2363807,22871,22688
39666833,2362389,2382241,1158,2382241,19424,19852
40018833,2386495,2410601,1158,2410601,25224,24106
40327833,2406347,2430453,1158,2430453,25328,24106
40695833,2429035,2455977,1158,2455977,26679,26942
41073833,2454559,2484337,1158,2484337,29699,29778
41474833,2480083,2495681,1158,2495681,14666,15598
41919833,2505607,2516951,1158,2516951,12172,11344
42187833,2516951,2525459,1158,2525459,8883,8508
42432833,2526877,2538221,1158,2538221,12131,11344
42669833,2538221,2555237,1158,2555237,18045,17016
42903833,2553819,2566581,1158,2566581,13584,12762
43172833,2567999,2579343,1158,2579343,11801,11344
43417833,2579343,2586433,1158,2586433,7799,7090
43653833,2586433,2593523,1158,2593523,7850,7090
43887833,2594941,2603449,1158,2603449,8888,8508
44119833,2603449,2610539,1158,2610539,8507,7090
44350833,2610539,2617629,1158,2617629,7944,7090
44581833,2617629,2623301,1158,2623301,6233,5672
44811833,2623301,2628973,1158,2628973,6380,5672
45041833,2627555,2634645,1158,2634645,7709,7090
45271833,2634645,2638899,1158,2638899,5353,4254
45503833,2640317,2645989,1158,2645989,6141,5672
45735833,2645989,2654497,1158,2654497,8892,8508
45966833,2654497,2664423,1158,2664423,10038,9926
46202833,2664423,2674349,1158,2674349,10713,9926
46440833,2674349,2689947,1158,2689947,16176,15598
46673833,2689947,2702709,1158,2702709,13485,12762
46946833,2702709,2715471,1158,2715471,13697,12762
47191833,2716889,2733905,1158,2733905,17318,17016
47426833,2732487,2743831,1158,2743831,11789,11344
47694833,2743831,2753757,1158,2753757,11153,9926
47941833,2755175,2767937,1158,2767937,13677,12762
48178833,2767937,2783535,1158,2783535,16111,15598
48412833,2783535,2797715,1158,2797715,15000,14180
48661833,2799133,2828911,1158,2828911,30017,29778
48898833,2813313,2844509,1158,2844509,30266,31196
49252833,2837419,2858689,1158,2858689,20496,21270
49711833,2867197,2898393,1158,2898393,30053,31196
50094833,2891303,2931007,1158,2931007,39239,39704
50559833,2919663,2962203,1158,2962203,40007,42540
51148833,2959367,3001907,1158,3001907,40739,42540
51788833,3001907,3040193,1158,3040193,37659,38286
52431833,3044447,3072807,1158,3072807,28402,28360
52988833,3079897,3112511,1158,3112511,31890,32614
53450833,3111093,3143707,2576,3143707,32702,32614
53947833,3142289,3172067,1158,3172067,28852,29778
54469833,3177739,3199009,1158,3199009,21366,21270
54886833,3204681,3237295,1158,3237295,31325,32614
55246833,3228787,3257147,1158,3257147,27388,28360
55724833,3259983,3294015,1158,3294015,33225,34032
56169833,3286925,3303941,1158,3303941,15081,17016
56685833,3319539,3332301,1158,3332301,13837,12762
56954833,3332301,3340809,1158,3340809,9329,8508
57197833,3342227,3353571,1158,3353571,12829,11344
57433833,3353571,3370587,1158,3370587,18426,17016
57667833,3369169,3391857,1158,3391857,23958,22688
57941833,3387603,3401783,1158,3401783,15016,14180
58270833,3407455,3421635,1158,3421635,15053,14180
58533833,3421635,3432979,1158,3432979,12292,11344
58773833,3432979,3444323,1158,3444323,12069,11344
59007833,3444323,3454249,1158,3454249,10694,9926
59239833,3455667,3469847,1158,3469847,15260,14180
59470833,3469847,3482609,1158,3482609,14048,12762
59715833,3482609,3502461,1158,3502461,20272,19852
59950833,3496789,3520895,1158,3520895,24081,24106
