time,reward
611833,0.0
829833,-291.85321
1052833,-547.390137
1277833,-698.328888
1504833,-1300.1586
1738833,-1412.170929
1974833,-7019.322021
2267833,-3790.266205
2526833,-2093.405396
2768833,-1712.495865
3005833,-1408.540085
3239833,-1157.606842
3471833,-1055.517242
3702833,-1152.675323
3933833,-1052.675323
4163833,-1052.03479
4393833,-1150.678261
4623833,-1702.713043
4860833,-1812.81012
5099833,-2015.213379
5340833,-4176.365143
5604833,-2056.242432
5846833,-1418.743805
6081833,-1210.365967
6314833,-1056.566528
6545833,-1005.350647
6776833,-1054.458878
7007833,-954.458878
7237833,-1153.391312
7469833,-1153.310349
7700833,-1303.567093
7933833,-1605.25322
8169833,-1455.796616
8403833,-1406.085464
8637833,-1354.564102
8870833,-1302.62661
9102833,-1351.103447
9334833,-1402.206894
9567833,-1302.62661
9799833,-1351.103447
10031833,-1402.206894
10264833,-1351.313305
10496833,-1351.103447
10728833,-1302.206894
10960833,-1302.206894
11192833,-1202.206894
11423833,-1452.675323
11657833,-1403.042732
11890833,-1353.939911
12123833,-1253.939911
12355833,-1104.413788
12586833,-1152.675323
12817833,-1552.675323
13052833,-1355.182983
13285833,-1253.939911
13517833,-1855.517242
13756833,-1510.142258
13991833,-2010.365967
14232833,-1564.647308
14468833,-1259.661011
14701833,-1056.566528
14932833,-1201.7835460000001
15163833,-1201.7835460000001
15394833,-1603.567093
15630833,-1307.728821
15863833,-1253.939911
16095833,-1304.413788
16328833,-1105.25322
16559833,-1554.458878
16795833,-1259.661011
17028833,-2359.193146
17273833,-1768.489792
17511833,-1361.680679
17745833,-2312.170929
17990833,-1622.187744
18227833,-1260.67511
18460833,-1205.25322
18692833,-1104.413788
18923833,-1103.567093
19154833,-1052.675323
19384833,-2004.0695799999999
19625833,-1611.71785
19861833,-1459.661011
20096833,-1306.910645
20329833,-1253.939911
20561833,-1104.413788
20792833,-1103.567093
21023833,-1003.567093
21253833,-1153.391312
21485833,-1055.517242
21716833,-954.458878
21946833,-1754.747833
22185833,-1315.213379
22419833,-1109.128204
22651833,-1006.6206970000001
22882833,-905.350647
23112833,-953.391312
23342833,-1052.03479
23572833,-1153.391312
23804833,-1055.517242
24035833,-4408.917755
24302833,-2645.078659
24549833,-1724.437256
24787833,-1318.689087
25022833,-1465.5489499999999
25259833,-5921.35022
25541833,-3497.7304990000002
25798833,-7958.599213
26100833,-16111.682129
26484833,-11027.333344
26817833,-4923.075073
27089833,-4041.235291
27352833,-1811.802277
27592833,-1463.666672
27827833,-1258.63829
28060833,-1056.566528
28291833,-1054.458878
28522833,-1105.350647
28754833,-1006.6206970000001
28985833,-905.350647
29215833,-1002.713043
29445833,-1101.356522
29675833,-1202.713043
29907833,-2006.620697
30148833,-1611.71785
30384833,-1603.86441
30619833,-1503.455322
30853833,-1403.042732
31086833,-1351.313305
31318833,-1351.103447
31550833,-1351.103447
31782833,-1251.103447
32013833,-1201.7835460000001
32244833,-1201.7835460000001
32475833,-1201.7835460000001
32706833,-1201.7835460000001
32937833,-1852.675323
33175833,-1409.344543
33409833,-1354.564102
33642833,-1405.25322
33876833,-1757.606842
34114833,-1557.008408
34349833,-1503.455322
34583833,-1403.042732
34816833,-1302.62661
35048833,-1302.206894
35280833,-1153.310349
35511833,-1152.675323
35742833,-1052.675323
35972833,-1302.713043
36205833,-1556.566528
36441833,-1455.796616
36675833,-1354.564102
36908833,-1253.939911
37140833,-1153.310349
37371833,-1052.675323
37601833,-1052.03479
37831833,-1002.713043
38061833,-1052.03479
38291833,-1101.356522
38521833,-1052.03479
38751833,-1101.356522
38981833,-1150.678261
39211833,-1101.356522
39441833,-1150.678261
39671833,-1101.356522
39901833,-1101.356522
40131833,-1101.356522
40361833,-1101.356522
40591833,-1352.03479
40824833,-1805.25322
41062833,-1409.344543
41296833,-6163.692322
41580833,-2780.450714
41829833,-1681.092377
42067833,-1214.016815
42300833,-1205.25322
42532833,-1104.413788
42763833,-1003.567093
42993833,-1002.713043
43223833,-1150.678261
43453833,-1352.03479
43686833,-1456.566528
43921833,-1306.910645
44154833,-1253.939911
44386833,-1304.413788
44619833,-3059.193146
44871833,-1784.888885
45110833,-1510.142258
45345833,-1306.910645
45578833,-1253.939911
45810833,-1202.206894
46041833,-1201.7835460000001
46272833,-1152.675323
46503833,-1052.675323
46733833,-1702.713043
46970833,-1408.540085
47204833,-1157.606842
47436833,-2157.724152
47679833,-1666.584366
47916833,-1408.540085
48150833,-1257.606842
48383833,-1056.566528
48614833,-1054.458878
48845833,-1003.567093
49075833,-1002.713043
49305833,-1101.356522
49535833,-1101.356522
49765833,-1052.03479
49995833,-1052.03479
50225833,-1302.713043
50458833,-1253.939911
50690833,-1153.310349
50921833,-1152.675323
51152833,-1103.567093
51383833,-1103.567093
51614833,-1454.458878
51849833,-1355.182983
52082833,-1302.62661
52314833,-1302.206894
52546833,-1251.103447
52777833,-1301.7835460000001
53009833,-1453.310349
53243833,-1657.606842
53480833,-2108.540085
53721833,-1464.647308
53956833,-2862.093628
54206833,-2391.615997
54452833,-2084.975616
54695833,-1373.218109
54930833,-1355.182983
55163833,-1253.939911
55395833,-1253.310349
55627833,-1153.310349
55858833,-1203.567093
56090833,-2457.724152
56336833,-1915.544708
56575833,-1805.071129
56812833,-1604.270042
57047833,-1355.182983
57280833,-1405.25322
57514833,-1403.042732
57747833,-1302.62661
57979833,-1302.206894
58211833,-1353.310349
58444833,-1253.939911
58676833,-1202.206894
58907833,-1201.7835460000001
59138833,-1201.7835460000001
59369833,-1250.891773
59600833,-1301.7835460000001
59832833,-1553.310349
