timestamp,rtt0,rtt1
611833,218,184
611833,218,184
829833,223,184
1052833,225,219
1277833,227,221
1504833,229,222
1733833,230,223
1963833,230,224
2193833,230,225
2423833,232,225
2655833,235,226
2890833,233,226
3123833,242,227
3365833,236,227
3601833,233,227
3834833,232,228
4066833,233,228
4299833,253,228
4552833,251,228
4803833,236,229
5039833,232,229
5271833,231,229
5502833,230,229
5732833,231,229
5963833,230,229
6193833,230,229
6423833,230,229
6653833,230,229
6883833,230,229
7113833,231,230
7344833,231,230
7575833,232,230
7807833,234,230
8041833,233,230
8274833,232,230
8506833,236,230
8742833,235,230
8977833,234,230
9211833,233,230
9444833,232,230
9676833,234,230
9910833,236,230
10146833,234,230
10380833,232,230
10612833,232,230
10844833,231,230
11075833,235,230
11310833,233,230
11543833,237,230
11780833,233,230
12013833,326,230
12339833,368,230
12707833,257,230
12964833,239,230
13203833,234,230
13437833,232,230
13669833,231,230
13900833,238,230
14138833,244,230
14382833,236,230
14618833,233,230
14851833,276,230
15127833,314,230
15441833,270,230
15711833,244,230
15955833,237,230
16192833,233,230
16425833,232,230
16657833,231,230
16888833,230,230
17118833,232,230
17350833,231,230
17581833,231,230
17812833,231,230
18043833,230,230
18273833,230,230
18503833,230,230
18733833,230,230
18963833,230,230
19193833,230,230
19423833,230,230
19653833,230,230
19883833,230,230
20113833,230,230
20343833,230,230
20573833,230,230
20803833,230,230
21033833,234,230
21267833,232,230
21499833,232,230
21731833,231,230
21962833,231,230
22193833,234,230
22427833,233,230
22660833,232,230
22892833,231,230
23123833,231,230
23354833,231,230
23585833,231,230
23816833,234,230
24050833,236,230
24286833,261,230
24547833,250,230
24797833,237,230
25034833,232,230
25266833,231,230
25497833,230,230
25727833,230,230
25957833,230,230
26187833,230,230
26417833,233,230
26650833,232,230
26882833,230,230
27112833,230,230
27342833,230,230
27572833,230,230
27802833,230,230
28032833,230,230
28262833,230,230
28492833,230,230
28722833,232,230
28954833,231,230
29185833,231,230
29416833,231,230
29647833,230,230
29877833,230,230
30107833,230,230
30337833,230,230
30567833,233,230
30800833,232,230
31032833,232,230
31264833,231,230
31495833,231,230
31726833,231,230
31957833,231,230
32188833,230,230
32418833,243,230
32661833,239,230
32900833,237,230
33137833,235,230
33372833,234,230
33606833,233,230
33839833,232,230
34071833,231,230
34302833,231,230
34533833,230,230
34763833,230,230
34993833,230,230
35223833,237,230
35460833,239,230
35699833,249,230
35948833,245,230
36193833,244,230
36437833,235,230
36672833,232,230
36904833,266,230
37170833,280,230
37450833,349,230
37799833,323,230
38122833,311,230
38433833,262,230
38695833,249,230
38944833,240,230
39184833,235,230
39419833,232,230
39651833,231,230
39882833,237,230
40119833,233,230
40352833,239,230
40591833,236,230
40827833,235,230
41062833,236,230
41298833,233,230
41531833,232,230
41763833,234,230
41997833,232,230
42229833,231,230
42460833,231,230
42691833,241,230
42932833,242,230
43174833,235,230
43409833,233,230
43642833,232,230
43874833,231,230
44105833,231,230
44336833,230,230
44566833,233,230
44799833,231,230
45030833,244,230
45274833,235,230
45509833,232,230
45741833,231,230
45972833,231,230
46203833,230,230
46433833,230,230
46663833,230,230
46893833,231,230
47124833,231,230
47355833,232,230
47587833,231,230
47818833,231,230
48049833,240,230
48289833,237,230
48526833,234,230
48760833,233,230
48993833,232,230
49225833,232,230
49457833,233,230
49690833,232,230
49922833,235,230
50157833,233,230
50390833,238,230
50628833,235,230
50863833,234,230
51097833,233,230
51330833,232,230
51562833,237,230
51799833,234,230
52033833,233,230
52266833,236,230
52502833,237,230
52739833,238,230
52977833,256,230
53233833,242,230
53475833,256,230
53731833,244,230
53975833,236,230
54211833,234,230
54445833,232,230
54677833,236,230
54913833,233,230
55146833,231,230
55377833,231,230
55608833,232,230
55840833,231,230
56071833,231,230
56302833,230,230
56532833,230,230
56762833,230,230
56992833,230,230
57222833,230,230
57452833,232,230
57684833,231,230
57915833,231,230
58146833,230,230
58376833,230,230
58606833,240,230
58846833,235,230
59081833,232,230
59313833,231,230
59544833,230,230
59774833,230,230
