timestamp,availableTxBuffer0,availableTxBuffer1
611833,246472,246472
611833,246472,246472
829833,249308,246472
1052833,247890,250726
1277833,246472,250726
1504833,246472,250726
1733833,247890,250726
1963833,249308,250726
2193833,246472,250726
2423833,245054,250726
2655833,245054,250726
2890833,242218,250726
3123833,245054,250726
3365833,246472,250726
3601833,246472,250726
3834833,243636,250726
4066833,240800,250726
4299833,239382,250726
4552833,239382,250726
4803833,239382,250726
5039833,242218,250726
5271833,246472,250726
5502833,247890,250726
5732833,247890,250726
5963833,250726,250726
6193833,250726,250726
6423833,250726,250726
6653833,250726,250726
6883833,249308,250726
7113833,250726,250726
7344833,249308,250726
7575833,247890,250726
7807833,247890,250726
8041833,247890,250726
8274833,246472,250726
8506833,250726,250726
8742833,250726,250726
8977833,249308,250726
9211833,249308,250726
9444833,247890,250726
9676833,246472,250726
9910833,247890,250726
10146833,247890,250726
10380833,247890,250726
10612833,246472,250726
10844833,245054,250726
11075833,245054,250726
11310833,243636,250726
11543833,243636,250726
11780833,232292,250726
12013833,229456,250726
12339833,237964,250726
12707833,239382,250726
12964833,246472,250726
13203833,245054,250726
13437833,246472,250726
13669833,242218,250726
13900833,239382,250726
14138833,242218,250726
14382833,239382,250726
14618833,235128,250726
14851833,232292,250726
15127833,237964,250726
15441833,243636,250726
15711833,242218,250726
15955833,243636,250726
16192833,246472,250726
16425833,245054,250726
16657833,246472,250726
16888833,245054,250726
17118833,249308,250726
17350833,249308,250726
17581833,249308,250726
17812833,249308,250726
18043833,249308,250726
18273833,249308,250726
18503833,249308,250726
18733833,249308,250726
18963833,249308,250726
19193833,247890,250726
19423833,247890,250726
19653833,249308,250726
19883833,249308,250726
20113833,249308,250726
20343833,249308,250726
20573833,249308,250726
20803833,246472,250726
21033833,247890,250726
21267833,247890,250726
21499833,249308,250726
21731833,249308,250726
21962833,246472,250726
22193833,247890,250726
22427833,249308,250726
22660833,249308,250726
22892833,249308,250726
23123833,249308,250726
23354833,249308,250726
23585833,246472,250726
23816833,245054,250726
24050833,239382,250726
24286833,237964,250726
24547833,240800,250726
24797833,240800,250726
25034833,239382,250726
25266833,240800,250726
25497833,242218,250726
25727833,242218,250726
25957833,242218,250726
26187833,239382,250726
26417833,243636,250726
26650833,243636,250726
26882833,242218,250726
27112833,249308,250726
27342833,247890,250726
27572833,249308,250726
27802833,249308,250726
28032833,247890,250726
28262833,247890,250726
28492833,246472,250726
28722833,249308,250726
28954833,249308,250726
29185833,249308,250726
29416833,250726,250726
29647833,250726,250726
29877833,250726,250726
30107833,249308,250726
30337833,247890,250726
30567833,249308,250726
30800833,249308,250726
31032833,249308,250726
31264833,247890,250726
31495833,249308,250726
31726833,249308,250726
31957833,249308,250726
32188833,245054,250726
32418833,247890,250726
32661833,249308,250726
32900833,249308,250726
33137833,249308,250726
33372833,249308,250726
33606833,249308,250726
33839833,247890,250726
34071833,247890,250726
34302833,247890,250726
34533833,247890,250726
34763833,249308,250726
34993833,247890,250726
35223833,245054,250726
35460833,242218,250726
35699833,240800,250726
35948833,239382,250726
36193833,242218,250726
36437833,242218,250726
36672833,236546,250726
36904833,235128,250726
37170833,229456,250726
37450833,233710,250726
37799833,233710,250726
38122833,242218,250726
38433833,246472,250726
38695833,246472,250726
38944833,245054,250726
39184833,245054,250726
39419833,245054,250726
39651833,243636,250726
39882833,243636,250726
40119833,242218,250726
40352833,247890,250726
40591833,249308,250726
40827833,246472,250726
41062833,247890,250726
41298833,246472,250726
41531833,245054,250726
41763833,245054,250726
41997833,247890,250726
42229833,249308,250726
42460833,245054,250726
42691833,243636,250726
42932833,243636,250726
43174833,245054,250726
43409833,246472,250726
43642833,246472,250726
43874833,246472,250726
44105833,246472,250726
44336833,245054,250726
44566833,243636,250726
44799833,240800,250726
45030833,240800,250726
45274833,245054,250726
45509833,245054,250726
45741833,246472,250726
45972833,247890,250726
46203833,249308,250726
46433833,250726,250726
46663833,249308,250726
46893833,250726,250726
47124833,249308,250726
47355833,249308,250726
47587833,249308,250726
47818833,246472,250726
48049833,247890,250726
48289833,247890,250726
48526833,250726,250726
48760833,249308,250726
48993833,249308,250726
49225833,247890,250726
49457833,247890,250726
49690833,246472,250726
49922833,247890,250726
50157833,245054,250726
50390833,247890,250726
50628833,249308,250726
50863833,249308,250726
51097833,247890,250726
51330833,245054,250726
51562833,247890,250726
51799833,247890,250726
52033833,245054,250726
52266833,243636,250726
52502833,242218,250726
52739833,239382,250726
52977833,239382,250726
53233833,236546,252144
53475833,243636,252144
53731833,245054,250726
53975833,242218,250726
54211833,242218,250726
54445833,239382,250726
54677833,242218,250726
54913833,246472,250726
55146833,246472,250726
55377833,243636,250726
55608833,246472,250726
55840833,247890,250726
56071833,247890,250726
56302833,247890,250726
56532833,247890,250726
56762833,247890,250726
56992833,246472,250726
57222833,245054,250726
57452833,245054,250726
57684833,246472,250726
57915833,246472,250726
58146833,245054,250726
58376833,242218,250726
58606833,243636,250726
58846833,243636,250726
59081833,243636,250726
59313833,247890,250726
59544833,247890,250726
59774833,246472,250726
