timestamp,cWnd0,cWnd1
611833,5672,5672
611833,3770,1500
829833,3770,1500
1052833,4920,1500
1277833,6052,1500
1504833,7031,1500
1733833,4263,1500
1963833,3974,1500
2193833,6003,1500
2423833,8245,1500
2655833,7439,1500
2890833,9934,1500
3123833,8171,1500
3365833,6975,1500
3601833,6278,1500
3834833,8900,1500
4066833,13018,1500
4299833,15580,1500
4552833,13480,1500
4803833,12768,1500
5039833,10790,1500
5271833,7008,1500
5502833,5556,1500
5732833,4505,1500
5963833,2347,1500
6193833,1500,1500
6423833,1730,1500
6653833,2087,1500
6883833,2900,1500
7113833,2190,1500
7344833,3081,1500
7575833,4655,1500
7807833,4886,1500
8041833,5016,1500
8274833,6697,1500
8506833,2604,1500
8742833,2827,1500
8977833,3408,1500
9211833,4107,1500
9444833,5412,1500
9676833,6139,1500
9910833,4671,1500
10146833,4583,1500
10380833,5504,1500
10612833,6308,1500
10844833,7850,1500
11075833,8436,1500
11310833,9913,1500
11543833,8610,1500
11780833,20223,1500
12013833,23003,1500
12339833,14893,1500
12707833,12866,1500
12964833,7018,1500
13203833,7925,1500
13437833,6940,1500
13669833,10639,1500
13900833,13263,1500
14138833,10213,1500
14382833,12906,1500
14618833,18117,1500
14851833,20528,1500
15127833,15352,1500
15441833,9683,1500
15711833,10507,1500
15955833,8869,1500
16192833,6584,1500
16425833,8107,1500
16657833,6076,1500
16888833,7384,1500
17118833,5111,1500
17350833,3369,1500
17581833,3583,1500
17812833,3233,1500
18043833,3540,1500
18273833,4083,1500
18503833,3405,1500
18733833,2882,1500
18963833,4220,1500
19193833,5040,1500
19423833,4949,1500
19653833,3860,1500
19883833,3178,1500
20113833,3180,1500
20343833,2936,1500
20573833,3239,1500
20803833,6112,1500
21033833,4617,1500
21267833,4667,1500
21499833,4210,1500
21731833,3776,1500
21962833,6338,1500
22193833,5325,1500
22427833,3131,1500
22660833,3519,1500
22892833,4021,1500
23123833,3050,1500
23354833,4119,1500
23585833,5914,1500
23816833,8032,1500
24050833,12979,1500
24286833,14865,1500
24547833,11885,1500
24797833,12200,1500
25034833,13533,1500
25266833,11982,1500
25497833,10655,1500
25727833,10894,1500
25957833,10603,1500
26187833,14169,1500
26417833,10695,1500
26650833,8904,1500
26882833,10707,1500
27112833,4451,1500
27342833,5135,1500
27572833,3873,1500
27802833,3605,1500
28032833,5001,1500
28262833,4576,1500
28492833,5743,1500
28722833,3482,1500
28954833,3078,1500
29185833,4649,1500
29416833,2293,1500
29647833,2207,1500
29877833,2550,1500
30107833,4122,1500
30337833,4555,1500
30567833,3753,1500
30800833,3766,1500
31032833,4125,1500
31264833,4927,1500
31495833,3516,1500
31726833,2871,1500
31957833,3024,1500
32188833,7130,1500
32418833,5494,1500
32661833,3314,1500
32900833,3482,1500
33137833,3175,1500
33372833,3593,1500
33606833,3230,1500
33839833,5596,1500
34071833,5318,1500
34302833,5145,1500
34533833,4502,1500
34763833,3643,1500
34993833,6955,1500
35223833,7734,1500
35460833,11256,1500
35699833,12502,1500
35948833,13846,1500
36193833,10604,1500
36437833,10455,1500
36672833,16337,1500
36904833,17133,1500
37170833,22720,1500
37450833,18857,1500
37799833,19463,1500
38122833,10638,1500
38433833,7046,1500
38695833,6164,1500
38944833,7903,1500
39184833,8075,1500
39419833,8415,1500
39651833,9540,1500
39882833,9159,1500
40119833,10323,1500
40352833,4659,1500
40591833,4130,1500
40827833,7022,1500
41062833,6375,1500
41298833,6306,1500
41531833,7713,1500
41763833,8368,1500
41997833,4610,1500
42229833,3890,1500
42460833,7096,1500
42691833,9856,1500
42932833,9264,1500
43174833,8417,1500
43409833,5746,1500
43642833,6576,1500
43874833,6107,1500
44105833,7085,1500
44336833,8775,1500
44566833,9092,1500
44799833,12003,1500
45030833,11994,1500
45274833,7988,1500
45509833,8287,1500
45741833,6009,1500
45972833,4504,1500
46203833,3014,1500
46433833,2514,1500
46663833,3349,1500
46893833,2518,1500
47124833,3719,1500
47355833,3886,1500
47587833,4247,1500
47818833,5766,1500
48049833,5632,1500
48289833,5073,1500
48526833,2237,1500
48760833,3557,1500
48993833,3443,1500
49225833,4762,1500
49457833,4302,1500
49690833,5998,1500
49922833,5642,1500
50157833,7216,1500
50390833,5616,1500
50628833,4114,1500
50863833,3099,1500
51097833,4548,1500
51330833,7133,1500
51562833,5619,1500
51799833,5581,1500
52033833,8127,1500
52266833,9666,1500
52502833,10974,1500
52739833,15508,1500
52977833,14704,1500
53233833,16561,1500
53475833,9389,1500
53731833,8326,1500
53975833,11245,1500
54211833,10526,1500
54445833,14030,1500
54677833,10044,1500
54913833,6363,1500
55146833,6236,1500
55377833,8871,1500
55608833,8034,1500
55840833,5299,1500
56071833,6166,1500
56302833,4722,1500
56532833,5310,1500
56762833,5423,1500
56992833,6545,1500
57222833,7414,1500
57452833,8169,1500
57684833,6600,1500
57915833,6763,1500
58146833,7724,1500
58376833,10812,1500
58606833,9865,1500
58846833,11136,1500
59081833,8656,1500
59313833,5201,1500
59544833,5333,1500
59774833,6890,1500
