timestamp,unAck0,unAck1
611833,5672,5672
611833,5672,5672
829833,2836,5672
1052833,4254,1418
1277833,5672,1418
1504833,5672,1418
1733833,4254,1418
1963833,2836,1418
2193833,5672,1418
2423833,7090,1418
2655833,7090,1418
2890833,9926,1418
3123833,7090,1418
3365833,5672,1418
3601833,5672,1418
3834833,8508,1418
4066833,11344,1418
4299833,12762,1418
4552833,12762,1418
4803833,12762,1418
5039833,9926,1418
5271833,5672,1418
5502833,4254,1418
5732833,4254,1418
5963833,1418,1418
6193833,1418,1418
6423833,1418,1418
6653833,1418,1418
6883833,2836,1418
7113833,1418,1418
7344833,2836,1418
7575833,4254,1418
7807833,4254,1418
8041833,4254,1418
8274833,5672,1418
8506833,1418,1418
8742833,1418,1418
8977833,2836,1418
9211833,2836,1418
9444833,4254,1418
9676833,5672,1418
9910833,4254,1418
10146833,4254,1418
10380833,4254,1418
10612833,5672,1418
10844833,7090,1418
11075833,7090,1418
11310833,8508,1418
11543833,8508,1418
11780833,19852,1418
12013833,22688,1418
12339833,14180,1418
12707833,12762,1418
12964833,5672,1418
13203833,7090,1418
13437833,5672,1418
13669833,9926,1418
13900833,12762,1418
14138833,9926,1418
14382833,12762,1418
14618833,17016,1418
14851833,19852,1418
15127833,14180,1418
15441833,8508,1418
15711833,9926,1418
15955833,8508,1418
16192833,5672,1418
16425833,7090,1418
16657833,5672,1418
16888833,7090,1418
17118833,2836,1418
17350833,2836,1418
17581833,2836,1418
17812833,2836,1418
18043833,2836,1418
18273833,2836,1418
18503833,2836,1418
18733833,2836,1418
18963833,2836,1418
19193833,4254,1418
19423833,4254,1418
19653833,2836,1418
19883833,2836,1418
20113833,2836,1418
20343833,2836,1418
20573833,2836,1418
20803833,5672,1418
21033833,4254,1418
21267833,4254,1418
21499833,2836,1418
21731833,2836,1418
21962833,5672,1418
22193833,4254,1418
22427833,2836,1418
22660833,2836,1418
22892833,2836,1418
23123833,2836,1418
23354833,2836,1418
23585833,5672,1418
23816833,7090,1418
24050833,12762,1418
24286833,14180,1418
24547833,11344,1418
24797833,11344,1418
25034833,12762,1418
25266833,11344,1418
25497833,9926,1418
25727833,9926,1418
25957833,9926,1418
26187833,12762,1418
26417833,8508,1418
26650833,8508,1418
26882833,9926,1418
27112833,2836,1418
27342833,4254,1418
27572833,2836,1418
27802833,2836,1418
28032833,4254,1418
28262833,4254,1418
28492833,5672,1418
28722833,2836,1418
28954833,2836,1418
29185833,2836,1418
29416833,1418,1418
29647833,1418,1418
29877833,1418,1418
30107833,2836,1418
30337833,4254,1418
30567833,2836,1418
30800833,2836,1418
31032833,2836,1418
31264833,4254,1418
31495833,2836,1418
31726833,2836,1418
31957833,2836,1418
32188833,7090,1418
32418833,4254,1418
32661833,2836,1418
32900833,2836,1418
33137833,2836,1418
33372833,2836,1418
33606833,2836,1418
33839833,4254,1418
34071833,4254,1418
34302833,4254,1418
34533833,4254,1418
34763833,2836,1418
34993833,4254,1418
35223833,7090,1418
35460833,9926,1418
35699833,11344,1418
35948833,12762,1418
36193833,9926,1418
36437833,9926,1418
36672833,15598,1418
36904833,17016,1418
37170833,22688,1418
37450833,18434,1418
37799833,18434,1418
38122833,9926,1418
38433833,5672,1418
38695833,5672,1418
38944833,7090,1418
39184833,7090,1418
39419833,7090,1418
39651833,8508,1418
39882833,8508,1418
40119833,9926,1418
40352833,4254,1418
40591833,2836,1418
40827833,5672,1418
41062833,4254,1418
41298833,5672,1418
41531833,7090,1418
41763833,7090,1418
41997833,4254,1418
42229833,2836,1418
42460833,7090,1418
42691833,8508,1418
42932833,8508,1418
43174833,7090,1418
43409833,5672,1418
43642833,5672,1418
43874833,5672,1418
44105833,5672,1418
44336833,7090,1418
44566833,8508,1418
44799833,11344,1418
45030833,11344,1418
45274833,7090,1418
45509833,7090,1418
45741833,5672,1418
45972833,4254,1418
46203833,2836,1418
46433833,1418,1418
46663833,2836,1418
46893833,1418,1418
47124833,2836,1418
47355833,2836,1418
47587833,2836,1418
47818833,5672,1418
48049833,4254,1418
48289833,4254,1418
48526833,1418,1418
48760833,2836,1418
48993833,2836,1418
49225833,4254,1418
49457833,4254,1418
49690833,5672,1418
49922833,4254,1418
50157833,7090,1418
50390833,4254,1418
50628833,2836,1418
50863833,2836,1418
51097833,4254,1418
51330833,7090,1418
51562833,4254,1418
51799833,4254,1418
52033833,7090,1418
52266833,8508,1418
52502833,9926,1418
52739833,12762,1418
52977833,12762,1418
53233833,15598,0
53475833,8508,0
53731833,7090,1418
53975833,9926,1418
54211833,9926,1418
54445833,12762,1418
54677833,9926,1418
54913833,5672,1418
55146833,5672,1418
55377833,8508,1418
55608833,5672,1418
55840833,4254,1418
56071833,4254,1418
56302833,4254,1418
56532833,4254,1418
56762833,4254,1418
56992833,5672,1418
57222833,7090,1418
57452833,7090,1418
57684833,5672,1418
57915833,5672,1418
58146833,7090,1418
58376833,9926,1418
58606833,8508,1418
58846833,8508,1418
59081833,8508,1418
59313833,4254,1418
59544833,4254,1418
59774833,5672,1418
