timestamp,rWnd0,rWnd1
611833,1073725440,1073725440
611833,1073725440,1073725440
829833,1073725440,1073725440
1052833,1073725440,1073725440
1277833,1073725440,1073725440
1504833,1073725440,1073725440
1733833,1073725440,1073725440
1963833,1073725440,1073725440
2193833,1073725440,1073725440
2423833,1073725440,1073725440
2655833,1073725440,1073725440
2890833,1073725440,1073725440
3123833,1073725440,1073725440
3365833,1073725440,1073725440
3601833,1073725440,1073725440
3834833,1073725440,1073725440
4066833,1073725440,1073725440
4299833,1073725440,1073725440
4552833,1073725440,1073725440
4803833,1073725440,1073725440
5039833,1073725440,1073725440
5271833,1073725440,1073725440
5502833,1073725440,1073725440
5732833,1073725440,1073725440
5963833,1073725440,1073725440
6193833,1073725440,1073725440
6423833,1073725440,1073725440
6653833,1073725440,1073725440
6883833,1073725440,1073725440
7113833,1073725440,1073725440
7344833,1073725440,1073725440
7575833,1073725440,1073725440
7807833,1073725440,1073725440
8041833,1073725440,1073725440
8274833,1073725440,1073725440
8506833,1073725440,1073725440
8742833,1073725440,1073725440
8977833,1073725440,1073725440
9211833,1073725440,1073725440
9444833,1073725440,1073725440
9676833,1073725440,1073725440
9910833,1073725440,1073725440
10146833,1073725440,1073725440
10380833,1073725440,1073725440
10612833,1073725440,1073725440
10844833,1073725440,1073725440
11075833,1073725440,1073725440
11310833,1073725440,1073725440
11543833,1073725440,1073725440
11780833,1073725440,1073725440
12013833,1073725440,1073725440
12339833,1073725440,1073725440
12707833,1073725440,1073725440
12964833,1073725440,1073725440
13203833,1073725440,1073725440
13437833,1073725440,1073725440
13669833,1073725440,1073725440
13900833,1073725440,1073725440
14138833,1073725440,1073725440
14382833,1073725440,1073725440
14618833,1073725440,1073725440
14851833,1073725440,1073725440
15127833,1073725440,1073725440
15441833,1073725440,1073725440
15711833,1073725440,1073725440
15955833,1073725440,1073725440
16192833,1073725440,1073725440
16425833,1073725440,1073725440
16657833,1073725440,1073725440
16888833,1073725440,1073725440
17118833,1073725440,1073725440
17350833,1073725440,1073725440
17581833,1073725440,1073725440
17812833,1073725440,1073725440
18043833,1073725440,1073725440
18273833,1073725440,1073725440
18503833,1073725440,1073725440
18733833,1073725440,1073725440
18963833,1073725440,1073725440
19193833,1073725440,1073725440
19423833,1073725440,1073725440
19653833,1073725440,1073725440
19883833,1073725440,1073725440
20113833,1073725440,1073725440
20343833,1073725440,1073725440
20573833,1073725440,1073725440
20803833,1073725440,1073725440
21033833,1073725440,1073725440
21267833,1073725440,1073725440
21499833,1073725440,1073725440
21731833,1073725440,1073725440
21962833,1073725440,1073725440
22193833,1073725440,1073725440
22427833,1073725440,1073725440
22660833,1073725440,1073725440
22892833,1073725440,1073725440
23123833,1073725440,1073725440
23354833,1073725440,1073725440
23585833,1073725440,1073725440
23816833,1073725440,1073725440
24050833,1073725440,1073725440
24286833,1073725440,1073725440
24547833,1073725440,1073725440
24797833,1073725440,1073725440
25034833,1073725440,1073725440
25266833,1073725440,1073725440
25497833,1073725440,1073725440
25727833,1073725440,1073725440
25957833,1073725440,1073725440
26187833,1073725440,1073725440
26417833,1073725440,1073725440
26650833,1073725440,1073725440
26882833,1073725440,1073725440
27112833,1073725440,1073725440
27342833,1073725440,1073725440
27572833,1073725440,1073725440
27802833,1073725440,1073725440
28032833,1073725440,1073725440
28262833,1073725440,1073725440
28492833,1073725440,1073725440
28722833,1073725440,1073725440
28954833,1073725440,1073725440
29185833,1073725440,1073725440
29416833,1073725440,1073725440
29647833,1073725440,1073725440
29877833,1073725440,1073725440
30107833,1073725440,1073725440
30337833,1073725440,1073725440
30567833,1073725440,1073725440
30800833,1073725440,1073725440
31032833,1073725440,1073725440
31264833,1073725440,1073725440
31495833,1073725440,1073725440
31726833,1073725440,1073725440
31957833,1073725440,1073725440
32188833,1073725440,1073725440
32418833,1073725440,1073725440
32661833,1073725440,1073725440
32900833,1073725440,1073725440
33137833,1073725440,1073725440
33372833,1073725440,1073725440
33606833,1073725440,1073725440
33839833,1073725440,1073725440
34071833,1073725440,1073725440
34302833,1073725440,1073725440
34533833,1073725440,1073725440
34763833,1073725440,1073725440
34993833,1073725440,1073725440
35223833,1073725440,1073725440
35460833,1073725440,1073725440
35699833,1073725440,1073725440
35948833,1073725440,1073725440
36193833,1073725440,1073725440
36437833,1073725440,1073725440
36672833,1073725440,1073725440
36904833,1073725440,1073725440
37170833,1073725440,1073725440
37450833,1073725440,1073725440
37799833,1073725440,1073725440
38122833,1073725440,1073725440
38433833,1073725440,1073725440
38695833,1073725440,1073725440
38944833,1073725440,1073725440
39184833,1073725440,1073725440
39419833,1073725440,1073725440
39651833,1073725440,1073725440
39882833,1073725440,1073725440
40119833,1073725440,1073725440
40352833,1073725440,1073725440
40591833,1073725440,1073725440
40827833,1073725440,1073725440
41062833,1073725440,1073725440
41298833,1073725440,1073725440
41531833,1073725440,1073725440
41763833,1073725440,1073725440
41997833,1073725440,1073725440
42229833,1073725440,1073725440
42460833,1073725440,1073725440
42691833,1073725440,1073725440
42932833,1073725440,1073725440
43174833,1073725440,1073725440
43409833,1073725440,1073725440
43642833,1073725440,1073725440
43874833,1073725440,1073725440
44105833,1073725440,1073725440
44336833,1073725440,1073725440
44566833,1073725440,1073725440
44799833,1073725440,1073725440
45030833,1073725440,1073725440
45274833,1073725440,1073725440
45509833,1073725440,1073725440
45741833,1073725440,1073725440
45972833,1073725440,1073725440
46203833,1073725440,1073725440
46433833,1073725440,1073725440
46663833,1073725440,1073725440
46893833,1073725440,1073725440
47124833,1073725440,1073725440
47355833,1073725440,1073725440
47587833,1073725440,1073725440
47818833,1073725440,1073725440
48049833,1073725440,1073725440
48289833,1073725440,1073725440
48526833,1073725440,1073725440
48760833,1073725440,1073725440
48993833,1073725440,1073725440
49225833,1073725440,1073725440
49457833,1073725440,1073725440
49690833,1073725440,1073725440
49922833,1073725440,1073725440
50157833,1073725440,1073725440
50390833,1073725440,1073725440
50628833,1073725440,1073725440
50863833,1073725440,1073725440
51097833,1073725440,1073725440
51330833,1073725440,1073725440
51562833,1073725440,1073725440
51799833,1073725440,1073725440
52033833,1073725440,1073725440
52266833,1073725440,1073725440
52502833,1073725440,1073725440
52739833,1073725440,1073725440
52977833,1073725440,1073725440
53233833,1073725440,1073725440
53475833,1073725440,1073725440
53731833,1073725440,1073725440
53975833,1073725440,1073725440
54211833,1073725440,1073725440
54445833,1073725440,1073725440
54677833,1073725440,1073725440
54913833,1073725440,1073725440
55146833,1073725440,1073725440
55377833,1073725440,1073725440
55608833,1073725440,1073725440
55840833,1073725440,1073725440
56071833,1073725440,1073725440
56302833,1073725440,1073725440
56532833,1073725440,1073725440
56762833,1073725440,1073725440
56992833,1073725440,1073725440
57222833,1073725440,1073725440
57452833,1073725440,1073725440
57684833,1073725440,1073725440
57915833,1073725440,1073725440
58146833,1073725440,1073725440
58376833,1073725440,1073725440
58606833,1073725440,1073725440
58846833,1073725440,1073725440
59081833,1073725440,1073725440
59313833,1073725440,1073725440
59544833,1073725440,1073725440
59774833,1073725440,1073725440
