timestamp,lastAckedSeq,highTxMark,availableTxBuffer,nextTxSeq,totalCwnd,unAckMeta
611833,5673,17017,1158,17017,11344,11344
611833,5673,17017,1158,17017,5270,11344
829833,11345,19853,1158,19853,5270,8508
1052833,19853,25525,1158,25525,6420,5672
1277833,25525,32615,1158,32615,7552,7090
1504833,32615,39705,1158,39705,8531,7090
1733833,39705,45377,1158,45377,5763,5672
1963833,45377,49631,1158,49631,5474,4254
2193833,49631,56721,1158,56721,7503,7090
2423833,56721,65229,1158,65229,9745,8508
2655833,65229,73737,1158,73737,8939,8508
2890833,75155,86499,1158,86499,11434,11344
3123833,86499,95007,1158,95007,9671,8508
3365833,95007,102097,1158,102097,8475,7090
3601833,102097,109187,1158,109187,7778,7090
3834833,109187,119113,1158,119113,10400,9926
4066833,120531,133293,2576,133293,14518,12762
4299833,134711,148891,2576,148891,17080,14180
4552833,148891,163071,1158,163071,14980,14180
4803833,164489,178669,1158,178669,14268,14180
5039833,178669,190013,1158,190013,12290,11344
5271833,190013,197103,1158,197103,8508,7090
5502833,197103,202775,1158,202775,7056,5672
5732833,202775,208447,1158,208447,6005,5672
5963833,208447,211283,1158,211283,3847,2836
6193833,211283,214119,1158,214119,3000,2836
6423833,214119,216955,1158,216955,3230,2836
6653833,216955,219791,1158,219791,3587,2836
6883833,219791,224045,1158,224045,4400,4254
7113833,224045,226881,1158,226881,3690,2836
7344833,226881,231135,1158,231135,4581,4254
7575833,231135,236807,1158,236807,6155,5672
7807833,236807,242479,1158,242479,6386,5672
8041833,242479,248151,1158,248151,6516,5672
8274833,248151,255241,1158,255241,8197,7090
8506833,255241,258077,1158,258077,4104,2836
8742833,258077,260913,1158,260913,4327,2836
8977833,262331,266585,1158,266585,4908,4254
9211833,266585,270839,1158,270839,5607,4254
9444833,270839,276511,1158,276511,6912,5672
9676833,276511,283601,1158,283601,7639,7090
9910833,283601,289273,1158,289273,6171,5672
10146833,289273,294945,1158,294945,6083,5672
10380833,294945,300617,1158,300617,7004,5672
10612833,300617,307707,1158,307707,7808,7090
10844833,307707,316215,1158,316215,9350,8508
11075833,316215,324723,1158,324723,9936,8508
11310833,324723,334649,1158,334649,11413,9926
11543833,334649,344575,1158,344575,10110,9926
11780833,345993,367263,1158,367263,21723,21270
12013833,358755,384279,1158,384279,24503,25524
12339833,381443,398459,1158,398459,16393,17016
12707833,405549,419729,1158,419729,14366,14180
12964833,419729,426819,1158,426819,8518,7090
13203833,428237,436745,1158,436745,9425,8508
13437833,436745,443835,1158,443835,8440,7090
13669833,443835,455179,1158,455179,12139,11344
13900833,455179,469359,1158,469359,14763,14180
14138833,469359,480703,1158,480703,11713,11344
14382833,482121,496301,1158,496301,14406,14180
14618833,496301,514735,1158,514735,19617,18434
14851833,511899,533169,1158,533169,22028,21270
15127833,528915,545931,1158,545931,16852,17016
15441833,545931,555857,1158,555857,11183,9926
15711833,558693,570037,1158,570037,12007,11344
15955833,570037,579963,1158,579963,10369,9926
16192833,579963,587053,1158,587053,8084,7090
16425833,588471,596979,1158,596979,9607,8508
16657833,596979,604069,1158,604069,7576,7090
16888833,604069,612577,1158,612577,8884,8508
17118833,612577,616831,2576,616831,6611,4254
17350833,616831,621085,1158,621085,4869,4254
17581833,621085,625339,1158,625339,5083,4254
17812833,625339,629593,1158,629593,4733,4254
18043833,629593,633847,1158,633847,5040,4254
18273833,633847,638101,1158,638101,5583,4254
18503833,638101,642355,1158,642355,4905,4254
18733833,642355,646609,1158,646609,4382,4254
18963833,646609,650863,1158,650863,5720,4254
19193833,650863,656535,1158,656535,6540,5672
19423833,656535,662207,1158,662207,6449,5672
19653833,662207,666461,1158,666461,5360,4254
19883833,666461,670715,1158,670715,4678,4254
20113833,670715,674969,1158,674969,4680,4254
20343833,674969,679223,1158,679223,4436,4254
20573833,679223,683477,1158,683477,4739,4254
20803833,683477,690567,1158,690567,7612,7090
21033833,690567,696239,1158,696239,6117,5672
21267833,696239,701911,1158,701911,6167,5672
21499833,701911,706165,1158,706165,5710,4254
21731833,706165,710419,1158,710419,5276,4254
21962833,710419,717509,1158,717509,7838,7090
22193833,717509,723181,1158,723181,6825,5672
22427833,723181,727435,1158,727435,4631,4254
22660833,727435,731689,1158,731689,5019,4254
22892833,731689,735943,1158,735943,5521,4254
23123833,735943,740197,1158,740197,4550,4254
23354833,740197,744451,1158,744451,5619,4254
23585833,744451,751541,1158,751541,7414,7090
23816833,751541,760049,1158,760049,9532,8508
24050833,760049,774229,1158,774229,14479,14180
24286833,775647,791245,1158,791245,16365,15598
24547833,791245,804007,1158,804007,13385,12762
24797833,804007,816769,1158,816769,13700,12762
25034833,818187,832367,1158,832367,15033,14180
25266833,832367,845129,1158,845129,13482,12762
25497833,845129,856473,1158,856473,12155,11344
25727833,856473,867817,1158,867817,12394,11344
25957833,867817,879161,1158,879161,12103,11344
26187833,879161,893341,1158,893341,15669,14180
26417833,893341,903267,2576,903267,12195,9926
26650833,903267,913193,1158,913193,10404,9926
26882833,914611,925955,1158,925955,12207,11344
27112833,925955,930209,2576,930209,5951,4254
27342833,930209,935881,1158,935881,6635,5672
27572833,935881,940135,1158,940135,5373,4254
27802833,940135,944389,1158,944389,5105,4254
28032833,944389,950061,1158,950061,6501,5672
28262833,950061,955733,1158,955733,6076,5672
28492833,955733,962823,1158,962823,7243,7090
28722833,962823,967077,1158,967077,4982,4254
28954833,967077,971331,1158,971331,4578,4254
29185833,972749,977003,2576,977003,6149,4254
29416833,977003,979839,1158,979839,3793,2836
29647833,979839,982675,1158,982675,3707,2836
29877833,982675,985511,1158,985511,4050,2836
30107833,985511,989765,1158,989765,5622,4254
30337833,989765,995437,1158,995437,6055,5672
30567833,995437,999691,1158,999691,5253,4254
30800833,999691,1003945,1158,1003945,5266,4254
31032833,1003945,1008199,1158,1008199,5625,4254
31264833,1008199,1013871,1158,1013871,6427,5672
31495833,1013871,1018125,1158,1018125,5016,4254
31726833,1018125,1022379,1158,1022379,4371,4254
31957833,1022379,1026633,1158,1026633,4524,4254
32188833,1026633,1035141,1158,1035141,8630,8508
32418833,1035141,1040813,1158,1040813,6994,5672
32661833,1040813,1045067,1158,1045067,4814,4254
32900833,1045067,1049321,1158,1049321,4982,4254
33137833,1049321,1053575,1158,1053575,4675,4254
33372833,1053575,1057829,1158,1057829,5093,4254
33606833,1057829,1062083,1158,1062083,4730,4254
33839833,1063501,1069173,1158,1069173,7096,5672
34071833,1069173,1074845,1158,1074845,6818,5672
34302833,1074845,1080517,1158,1080517,6645,5672
34533833,1080517,1086189,1158,1086189,6002,5672
34763833,1086189,1090443,1158,1090443,5143,4254
34993833,1090443,1096115,2576,1096115,8455,5672
35223833,1096115,1104623,1158,1104623,9234,8508
35460833,1106041,1117385,1158,1117385,12756,11344
35699833,1117385,1130147,1158,1130147,14002,12762
35948833,1131565,1145745,1158,1145745,15346,14180
36193833,1145745,1157089,1158,1157089,12104,11344
36437833,1157089,1168433,1158,1168433,11955,11344
36672833,1169851,1186867,1158,1186867,17837,17016
36904833,1184031,1202465,1158,1202465,18633,18434
37170833,1202465,1227989,1158,1227989,24220,25524
37450833,1219481,1240751,1158,1240751,20357,21270
37799833,1243587,1263439,1158,1263439,20963,19852
38122833,1264857,1276201,1158,1276201,12138,11344
38433833,1276201,1283291,1158,1283291,8546,7090
38695833,1283291,1290381,1158,1290381,7664,7090
38944833,1291799,1300307,1158,1300307,9403,8508
39184833,1300307,1308815,1158,1308815,9575,8508
39419833,1310233,1318741,1158,1318741,9915,8508
39651833,1318741,1328667,1158,1328667,11040,9926
39882833,1328667,1338593,1158,1338593,10659,9926
40119833,1338593,1349937,1158,1349937,11823,11344
40352833,1349937,1355609,1158,1355609,6159,5672
40591833,1355609,1359863,1158,1359863,5630,4254
40827833,1359863,1366953,1158,1366953,8522,7090
41062833,1368371,1374043,2576,1374043,7875,5672
41298833,1375461,1382551,1158,1382551,7806,7090
41531833,1382551,1391059,1158,1391059,9213,8508
41763833,1391059,1399567,1158,1399567,9868,8508
41997833,1399567,1405239,1158,1405239,6110,5672
42229833,1405239,1409493,1158,1409493,5390,4254
42460833,1409493,1418001,1158,1418001,8596,8508
42691833,1418001,1427927,1158,1427927,11356,9926
42932833,1427927,1437853,1158,1437853,10764,9926
43174833,1437853,1446361,1158,1446361,9917,8508
43409833,1446361,1453451,1158,1453451,7246,7090
43642833,1453451,1460541,1158,1460541,8076,7090
43874833,1460541,1467631,1158,1467631,7607,7090
44105833,1467631,1474721,1158,1474721,8585,7090
44336833,1476139,1484647,2576,1484647,10275,8508
44566833,1484647,1494573,1158,1494573,10592,9926
44799833,1495991,1508753,1158,1508753,13503,12762
45030833,1508753,1521515,1158,1521515,13494,12762
45274833,1521515,1530023,1158,1530023,9488,8508
45509833,1530023,1538531,1158,1538531,9787,8508
45741833,1538531,1545621,1158,1545621,7509,7090
45972833,1545621,1551293,1158,1551293,6004,5672
46203833,1551293,1555547,1158,1555547,4514,4254
46433833,1555547,1558383,1158,1558383,4014,2836
46663833,1558383,1562637,1158,1562637,4849,4254
46893833,1562637,1565473,1158,1565473,4018,2836
47124833,1565473,1569727,1158,1569727,5219,4254
47355833,1569727,1573981,1158,1573981,5386,4254
47587833,1573981,1578235,1158,1578235,5747,4254
47818833,1578235,1585325,1158,1585325,7266,7090
48049833,1585325,1590997,1158,1590997,7132,5672
48289833,1590997,1596669,1158,1596669,6573,5672
48526833,1596669,1599505,1158,1599505,3737,2836
48760833,1600923,1605177,1158,1605177,5057,4254
48993833,1605177,1609431,1158,1609431,4943,4254
49225833,1609431,1615103,1158,1615103,6262,5672
49457833,1615103,1620775,1158,1620775,5802,5672
49690833,1620775,1627865,1158,1627865,7498,7090
49922833,1627865,1633537,1158,1633537,7142,5672
50157833,1633537,1642045,1158,1642045,8716,8508
50390833,1642045,1647717,1158,1647717,7116,5672
50628833,1647717,1651971,1158,1651971,5614,4254
50863833,1651971,1656225,1158,1656225,4599,4254
51097833,1657643,1663315,1158,1663315,6048,5672
51330833,1663315,1671823,1158,1671823,8633,8508
51562833,1671823,1677495,1158,1677495,7119,5672
51799833,1677495,1683167,1158,1683167,7081,5672
52033833,1683167,1691675,1158,1691675,9627,8508
52266833,1691675,1701601,1158,1701601,11166,9926
52502833,1701601,1712945,1158,1712945,12474,11344
52739833,1714363,1728543,2576,1728543,17008,14180
52977833,1729961,1744141,2576,1744141,16204,14180
53233833,1745559,1762575,1158,1762575,18061,17016
53475833,1761157,1771083,1158,1771083,10889,9926
53731833,1772501,1781009,1158,1781009,9826,8508
53975833,1782427,1793771,1158,1793771,12745,11344
54211833,1793771,1805115,1158,1805115,12026,11344
54445833,1805115,1819295,1158,1819295,15530,14180
54677833,1819295,1830639,1158,1830639,11544,11344
54913833,1830639,1837729,1158,1837729,7863,7090
55146833,1837729,1844819,1158,1844819,7736,7090
55377833,1846237,1856163,1158,1856163,10371,9926
55608833,1856163,1863253,2576,1863253,9534,7090
55840833,1863253,1868925,1158,1868925,6799,5672
56071833,1870343,1876015,2576,1876015,7666,5672
56302833,1876015,1881687,1158,1881687,6222,5672
56532833,1881687,1887359,1158,1887359,6810,5672
56762833,1887359,1893031,1158,1893031,6923,5672
56992833,1893031,1900121,1158,1900121,8045,7090
57222833,1900121,1908629,1158,1908629,8914,8508
57452833,1908629,1917137,1158,1917137,9669,8508
57684833,1917137,1924227,1158,1924227,8100,7090
57915833,1924227,1931317,1158,1931317,8263,7090
58146833,1931317,1939825,1158,1939825,9224,8508
58376833,1939825,1951169,1158,1951169,12312,11344
58606833,1951169,1961095,1158,1961095,11365,9926
58846833,1962513,1972439,2576,1972439,12636,9926
59081833,1972439,1982365,1158,1982365,10156,9926
59313833,1982365,1988037,1158,1988037,6701,5672
59544833,1988037,1993709,1158,1993709,6833,5672
59774833,1993709,2000799,1158,2000799,8390,7090
