timestamp,cWnd0,cWnd1
611833,5672,5672
611833,8914,1500
829833,8914,1500
1052833,8841,1500
1284833,7002,1500
1520833,9210,1500
1753833,7126,1500
1986833,6639,1500
2217833,7725,1500
2448833,9609,1500
2679833,7415,1500
2912833,6731,1500
3144833,9519,1500
3375833,6279,1500
3609833,6875,1500
3841833,6848,1500
4072833,7254,1500
4303833,9821,1500
4534833,6902,1500
4767833,7554,1500
4999833,9566,1500
5231833,7479,1500
5464833,4929,1500
5695833,7432,1500
5926833,12497,1500
6160833,9395,1500
6410833,11000,1500
6649833,11339,1500
6883833,10691,1500
7114833,13261,1500
7345833,15490,1500
7585833,26503,1500
7830833,22698,1500
8178833,24063,1500
8565833,25545,1500
8946833,15218,1500
9368833,16541,1500
9641833,17285,1500
9906833,16556,1500
10186833,11912,1500
10451833,13263,1500
10693833,18775,1500
10926833,19743,1500
11213833,12295,1500
11517833,15053,1500
11779833,15583,1500
12022833,19255,1500
12261833,18970,1500
12548833,13917,1500
12852833,18851,1500
13113833,21470,1500
13412833,24739,1500
13752833,42375,1500
14143833,34228,1500
14717833,49173,1500
15311833,23533,1500
16104833,29619,1500
16584833,22038,1500
17060833,15762,1500
17378833,31127,1500
17659833,32816,1500
18081833,48193,1500
18604833,77995,1500
19335833,77355,1500
20432833,105812,1500
21720833,99057,1500
23479833,98473,1500
25125833,121287,1500
26771833,73820,1500
28798833,37655,1500
29425833,23368,1500
30044833,25978,1500
30465833,15040,1500
30893833,16558,1500
31163833,14512,1500
31426833,14481,1500
31669833,15566,1500
31908833,19272,1500
32146833,27986,1500
32431833,15940,1500
32811833,17694,1500
33131833,12508,1500
33423833,11955,1500
33669833,19110,1500
33905833,16621,1500
34214833,8254,1500
34491833,5912,1500
34745833,3332,1500
34989833,3988,1500
35230833,5036,1500
35468833,5266,1500
35703833,4811,1500
35936833,4659,1500
36168833,3293,1500
36399833,4799,1500
36630833,3556,1500
36861833,7781,1500
37092833,11426,1500
37330833,9077,1500
37593833,6931,1500
37838833,7052,1500
38077833,10318,1500
38312833,9278,1500
38553833,5363,1500
38788833,8566,1500
39022833,16185,1500
39259833,12413,1500
39551833,16529,1500
39807833,9271,1500
40070833,13118,1500
40315833,16894,1500
40555833,29838,1500
40812833,41842,1500
41169833,32827,1500
41675833,27870,1500
42261833,42418,1500
42757833,33136,1500
43433833,31001,1500
43967833,18881,1500
44423833,18937,1500
44744833,12489,1500
45055833,12557,1500
45306833,11532,1500
45542833,19026,1500
45774833,11910,1500
46075833,18134,1500
46345833,15742,1500
46634833,32696,1500
46903833,31579,1500
47316833,23611,1500
47838833,20537,1500
48207833,33495,1500
48549833,17051,1500
49047833,12850,1500
49353833,11234,1500
49603833,10228,1500
49841833,10624,1500
50074833,6094,1500
50305833,5676,1500
50536833,5841,1500
50766833,11279,1500
50996833,13386,1500
51237833,7797,1500
51493833,14853,1500
51737833,8808,1500
51992833,8279,1500
52233833,10793,1500
52468833,9208,1500
52701833,5878,1500
52932833,6692,1500
53163833,9612,1500
53393833,12198,1500
53626833,8681,1500
53866833,7564,1500
54100833,8225,1500
54332833,7793,1500
54563833,9447,1500
54794833,6491,1500
55024833,6944,1500
55254833,9132,1500
55484833,10231,1500
55720833,7446,1500
55957833,9765,1500
56190833,10392,1500
56421833,8619,1500
56652833,7039,1500
56882833,7736,1500
57112833,14844,1500
57343833,11433,1500
57607833,6922,1500
57849833,6470,1500
58086833,9133,1500
58320833,9894,1500
58553833,10328,1500
58784833,8768,1500
59017833,8268,1500
59248833,6324,1500
59479833,5690,1500
59709833,6990,1500
59939833,8668,1500
