timestamp,unAck0,unAck1
611833,5672,5672
611833,5672,5672
829833,8508,5672
1052833,8508,1418
1284833,5672,1418
1520833,8508,1418
1753833,7090,1418
1986833,5672,1418
2217833,7090,1418
2448833,8508,1418
2679833,7090,1418
2912833,5672,1418
3144833,8508,1418
3375833,5672,1418
3609833,5672,1418
3841833,5672,1418
4072833,7090,1418
4303833,8508,1418
4534833,5672,1418
4767833,7090,1418
4999833,8508,1418
5231833,7090,1418
5464833,4254,1418
5695833,7090,1418
5926833,11344,1418
6160833,8508,1418
6410833,9926,1418
6649833,9926,1418
6883833,9926,1418
7114833,12762,1418
7345833,14180,1418
7585833,25524,1418
7830833,22688,1418
8178833,22688,1418
8565833,25524,1418
8946833,14180,1418
9368833,15598,1418
9641833,15598,1418
9906833,15598,1418
10186833,11344,1418
10451833,12762,1418
10693833,18434,1418
10926833,18434,1418
11213833,11344,1418
11517833,14180,1418
11779833,14180,1418
12022833,18434,1418
12261833,18434,1418
12548833,12762,1418
12852833,18434,1418
13113833,21270,1418
13412833,24106,1418
13752833,41122,1418
14143833,34032,1418
14717833,48212,1418
15311833,22688,1418
16104833,28360,1418
16584833,21270,1418
17060833,15598,1418
17378833,29778,1418
17659833,32614,1418
18081833,46794,1418
18604833,77990,1418
19335833,76572,1418
20432833,103514,1418
21720833,97842,1418
23479833,97842,1418
25125833,120530,1418
26771833,73736,1418
28798833,36868,1418
29425833,22688,1418
30044833,25524,1418
30465833,14180,1418
30893833,15598,1418
31163833,14180,1418
31426833,14180,1418
31669833,14180,1418
31908833,18434,1418
32146833,26942,1418
32431833,15598,1418
32811833,17016,1418
33131833,11344,1418
33423833,11344,1418
33669833,18434,1418
33905833,15598,1418
34214833,7090,1418
34491833,5672,1418
34745833,2836,1418
34989833,2836,1418
35230833,4254,1418
35468833,4254,1418
35703833,4254,1418
35936833,4254,1418
36168833,2836,1418
36399833,4254,1418
36630833,2836,1418
36861833,7090,1418
37092833,11344,1418
37330833,8508,1418
37593833,5672,1418
37838833,5672,1418
38077833,9926,1418
38312833,8508,1418
38553833,4254,1418
38788833,7090,1418
39022833,15598,1418
39259833,9926,1418
39551833,15598,1418
39807833,8508,1418
40070833,12762,1418
40315833,15598,1418
40555833,29778,1418
40812833,41122,1418
41169833,32614,1418
41675833,26942,1418
42261833,41122,1418
42757833,32614,1418
43433833,29778,1418
43967833,18434,1418
44423833,18434,1418
44744833,11344,1418
45055833,11344,1418
45306833,11344,1418
45542833,18434,1418
45774833,11344,1418
46075833,17016,1418
46345833,15598,1418
46634833,32614,1418
46903833,31196,1418
47316833,22688,1418
47838833,19852,1418
48207833,32614,1418
48549833,17016,1418
49047833,12762,1418
49353833,8508,1418
49603833,9926,1418
49841833,9926,1418
50074833,5672,1418
50305833,5672,1418
50536833,5672,1418
50766833,8508,1418
50996833,12762,1418
51237833,7090,1418
51493833,14180,1418
51737833,8508,1418
51992833,7090,1418
52233833,9926,1418
52468833,8508,1418
52701833,5672,1418
52932833,5672,1418
53163833,8508,1418
53393833,11344,1418
53626833,8508,1418
53866833,7090,1418
54100833,7090,1418
54332833,7090,1418
54563833,8508,1418
54794833,5672,1418
55024833,4254,1418
55254833,8508,1418
55484833,9926,1418
55720833,7090,1418
55957833,8508,1418
56190833,9926,1418
56421833,8508,1418
56652833,5672,1418
56882833,7090,1418
57112833,14180,1418
57343833,11344,1418
57607833,5672,1418
57849833,5672,1418
58086833,8508,1418
58320833,8508,1418
58553833,9926,1418
58784833,8508,1418
59017833,7090,1418
59248833,5672,1418
59479833,5672,1418
59709833,5672,1418
59939833,8508,1418
