timestamp,availableTxBuffer0,availableTxBuffer1
611833,246472,246472
611833,246472,246472
829833,243636,246472
1052833,243636,250726
1284833,246472,250726
1520833,243636,250726
1753833,245054,250726
1986833,246472,250726
2217833,245054,250726
2448833,243636,250726
2679833,245054,250726
2912833,246472,250726
3144833,243636,250726
3375833,246472,250726
3609833,246472,250726
3841833,246472,250726
4072833,245054,250726
4303833,243636,250726
4534833,246472,250726
4767833,245054,250726
4999833,243636,250726
5231833,245054,250726
5464833,247890,250726
5695833,245054,250726
5926833,240800,250726
6160833,243636,250726
6410833,242218,250726
6649833,242218,250726
6883833,242218,250726
7114833,239382,250726
7345833,237964,250726
7585833,226620,250726
7830833,229456,250726
8178833,229456,250726
8565833,226620,250726
8946833,237964,250726
9368833,236546,250726
9641833,236546,250726
9906833,236546,250726
10186833,240800,250726
10451833,239382,250726
10693833,233710,250726
10926833,233710,250726
11213833,240800,250726
11517833,237964,250726
11779833,237964,250726
12022833,233710,250726
12261833,233710,250726
12548833,239382,250726
12852833,233710,250726
13113833,230874,250726
13412833,228038,250726
13752833,211022,250726
14143833,218112,250726
14717833,203932,250726
15311833,229456,250726
16104833,223784,250726
16584833,230874,250726
17060833,236546,250726
17378833,222366,250726
17659833,219530,250726
18081833,205350,250726
18604833,174154,250726
19335833,175572,250726
20432833,148630,250726
21720833,154302,250726
23479833,154302,250726
25125833,131614,250726
26771833,178408,250726
28798833,215276,250726
29425833,229456,250726
30044833,226620,250726
30465833,237964,250726
30893833,236546,250726
31163833,237964,250726
31426833,237964,250726
31669833,237964,250726
31908833,233710,250726
32146833,225202,250726
32431833,236546,250726
32811833,235128,250726
33131833,240800,250726
33423833,240800,250726
33669833,233710,250726
33905833,236546,250726
34214833,245054,250726
34491833,246472,250726
34745833,249308,250726
34989833,249308,250726
35230833,247890,250726
35468833,247890,250726
35703833,247890,250726
35936833,247890,250726
36168833,249308,250726
36399833,247890,250726
36630833,249308,250726
36861833,245054,250726
37092833,240800,250726
37330833,243636,250726
37593833,246472,250726
37838833,246472,250726
38077833,242218,250726
38312833,243636,250726
38553833,247890,250726
38788833,245054,250726
39022833,236546,250726
39259833,242218,250726
39551833,236546,250726
39807833,243636,250726
40070833,239382,250726
40315833,236546,250726
40555833,222366,250726
40812833,211022,250726
41169833,219530,250726
41675833,225202,250726
42261833,211022,250726
42757833,219530,250726
43433833,222366,250726
43967833,233710,250726
44423833,233710,250726
44744833,240800,250726
45055833,240800,250726
45306833,240800,250726
45542833,233710,250726
45774833,240800,250726
46075833,235128,250726
46345833,236546,250726
46634833,219530,250726
46903833,220948,250726
47316833,229456,250726
47838833,232292,250726
48207833,219530,250726
48549833,235128,250726
49047833,239382,250726
49353833,243636,250726
49603833,242218,250726
49841833,242218,250726
50074833,246472,250726
50305833,246472,250726
50536833,246472,250726
50766833,243636,250726
50996833,239382,250726
51237833,245054,250726
51493833,237964,250726
51737833,243636,250726
51992833,245054,250726
52233833,242218,250726
52468833,243636,250726
52701833,246472,250726
52932833,246472,250726
53163833,243636,250726
53393833,240800,250726
53626833,243636,250726
53866833,245054,250726
54100833,245054,250726
54332833,245054,250726
54563833,243636,250726
54794833,246472,250726
55024833,247890,250726
55254833,243636,250726
55484833,242218,250726
55720833,245054,250726
55957833,243636,250726
56190833,242218,250726
56421833,243636,250726
56652833,246472,250726
56882833,245054,250726
57112833,237964,250726
57343833,240800,250726
57607833,246472,250726
57849833,246472,250726
58086833,243636,250726
58320833,243636,250726
58553833,242218,250726
58784833,243636,250726
59017833,245054,250726
59248833,246472,250726
59479833,246472,250726
59709833,246472,250726
59939833,243636,250726
