timestamp,rWnd0,rWnd1
611833,1073725440,1073725440
611833,1073725440,1073725440
829833,1073725440,1073725440
1052833,1073725440,1073725440
1284833,1073725440,1073725440
1520833,1073725440,1073725440
1753833,1073725440,1073725440
1986833,1073725440,1073725440
2217833,1073725440,1073725440
2448833,1073725440,1073725440
2679833,1073725440,1073725440
2912833,1073725440,1073725440
3144833,1073725440,1073725440
3375833,1073725440,1073725440
3609833,1073725440,1073725440
3841833,1073725440,1073725440
4072833,1073725440,1073725440
4303833,1073725440,1073725440
4534833,1073725440,1073725440
4767833,1073725440,1073725440
4999833,1073725440,1073725440
5231833,1073725440,1073725440
5464833,1073725440,1073725440
5695833,1073725440,1073725440
5926833,1073725440,1073725440
6160833,1073725440,1073725440
6410833,1073725440,1073725440
6649833,1073725440,1073725440
6883833,1073725440,1073725440
7114833,1073725440,1073725440
7345833,1073725440,1073725440
7585833,1073725440,1073725440
7830833,1073725440,1073725440
8178833,1073725440,1073725440
8565833,1073725440,1073725440
8946833,1073725440,1073725440
9368833,1073725440,1073725440
9641833,1073725440,1073725440
9906833,1073725440,1073725440
10186833,1073725440,1073725440
10451833,1073725440,1073725440
10693833,1073725440,1073725440
10926833,1073725440,1073725440
11213833,1073725440,1073725440
11517833,1073725440,1073725440
11779833,1073725440,1073725440
12022833,1073725440,1073725440
12261833,1073725440,1073725440
12548833,1073725440,1073725440
12852833,1073725440,1073725440
13113833,1073725440,1073725440
13412833,1073725440,1073725440
13752833,1073725440,1073725440
14143833,1073725440,1073725440
14717833,1073725440,1073725440
15311833,1073725440,1073725440
16104833,1073725440,1073725440
16584833,1073725440,1073725440
17060833,1073725440,1073725440
17378833,1073725440,1073725440
17659833,1073725440,1073725440
18081833,1073725440,1073725440
18604833,1073725440,1073725440
19335833,1073725440,1073725440
20432833,1073725440,1073725440
21720833,1073725440,1073725440
23479833,1073725440,1073725440
25125833,1073725440,1073725440
26771833,1073725440,1073725440
28798833,1073725440,1073725440
29425833,1073725440,1073725440
30044833,1073725440,1073725440
30465833,1073725440,1073725440
30893833,1073725440,1073725440
31163833,1073725440,1073725440
31426833,1073725440,1073725440
31669833,1073725440,1073725440
31908833,1073725440,1073725440
32146833,1073725440,1073725440
32431833,1073725440,1073725440
32811833,1073725440,1073725440
33131833,1073725440,1073725440
33423833,1073725440,1073725440
33669833,1073725440,1073725440
33905833,1073725440,1073725440
34214833,1073725440,1073725440
34491833,1073725440,1073725440
34745833,1073725440,1073725440
34989833,1073725440,1073725440
35230833,1073725440,1073725440
35468833,1073725440,1073725440
35703833,1073725440,1073725440
35936833,1073725440,1073725440
36168833,1073725440,1073725440
36399833,1073725440,1073725440
36630833,1073725440,1073725440
36861833,1073725440,1073725440
37092833,1073725440,1073725440
37330833,1073725440,1073725440
37593833,1073725440,1073725440
37838833,1073725440,1073725440
38077833,1073725440,1073725440
38312833,1073725440,1073725440
38553833,1073725440,1073725440
38788833,1073725440,1073725440
39022833,1073725440,1073725440
39259833,1073725440,1073725440
39551833,1073725440,1073725440
39807833,1073725440,1073725440
40070833,1073725440,1073725440
40315833,1073725440,1073725440
40555833,1073725440,1073725440
40812833,1073725440,1073725440
41169833,1073725440,1073725440
41675833,1073725440,1073725440
42261833,1073725440,1073725440
42757833,1073725440,1073725440
43433833,1073725440,1073725440
43967833,1073725440,1073725440
44423833,1073725440,1073725440
44744833,1073725440,1073725440
45055833,1073725440,1073725440
45306833,1073725440,1073725440
45542833,1073725440,1073725440
45774833,1073725440,1073725440
46075833,1073725440,1073725440
46345833,1073725440,1073725440
46634833,1073725440,1073725440
46903833,1073725440,1073725440
47316833,1073725440,1073725440
47838833,1073725440,1073725440
48207833,1073725440,1073725440
48549833,1073725440,1073725440
49047833,1073725440,1073725440
49353833,1073725440,1073725440
49603833,1073725440,1073725440
49841833,1073725440,1073725440
50074833,1073725440,1073725440
50305833,1073725440,1073725440
50536833,1073725440,1073725440
50766833,1073725440,1073725440
50996833,1073725440,1073725440
51237833,1073725440,1073725440
51493833,1073725440,1073725440
51737833,1073725440,1073725440
51992833,1073725440,1073725440
52233833,1073725440,1073725440
52468833,1073725440,1073725440
52701833,1073725440,1073725440
52932833,1073725440,1073725440
53163833,1073725440,1073725440
53393833,1073725440,1073725440
53626833,1073725440,1073725440
53866833,1073725440,1073725440
54100833,1073725440,1073725440
54332833,1073725440,1073725440
54563833,1073725440,1073725440
54794833,1073725440,1073725440
55024833,1073725440,1073725440
55254833,1073725440,1073725440
55484833,1073725440,1073725440
55720833,1073725440,1073725440
55957833,1073725440,1073725440
56190833,1073725440,1073725440
56421833,1073725440,1073725440
56652833,1073725440,1073725440
56882833,1073725440,1073725440
57112833,1073725440,1073725440
57343833,1073725440,1073725440
57607833,1073725440,1073725440
57849833,1073725440,1073725440
58086833,1073725440,1073725440
58320833,1073725440,1073725440
58553833,1073725440,1073725440
58784833,1073725440,1073725440
59017833,1073725440,1073725440
59248833,1073725440,1073725440
59479833,1073725440,1073725440
59709833,1073725440,1073725440
59939833,1073725440,1073725440
