timestamp,rtt0,rtt1
611833,218,184
611833,218,184
829833,223,184
1052833,232,219
1284833,236,221
1520833,233,222
1753833,233,223
1986833,231,224
2217833,231,225
2448833,231,225
2679833,233,226
2912833,232,226
3144833,231,227
3375833,234,227
3609833,232,228
3841833,231,228
4072833,231,228
4303833,231,228
4534833,233,228
4767833,232,229
4999833,232,229
5231833,233,229
5464833,231,229
5695833,231,229
5926833,234,229
6160833,250,229
6410833,239,229
6649833,234,229
6883833,231,229
7114833,231,229
7345833,240,229
7585833,245,230
7830833,348,230
8178833,387,230
8565833,381,230
8946833,422,230
9368833,273,230
9641833,265,230
9906833,280,230
10186833,265,230
10451833,242,230
10693833,233,230
10926833,287,230
11213833,304,230
11517833,262,230
11779833,243,230
12022833,239,230
12261833,287,230
12548833,304,230
12852833,261,230
13113833,299,230
13412833,340,230
13752833,391,230
14143833,574,230
14717833,594,230
15311833,793,230
16104833,480,230
16584833,476,230
17060833,318,230
17378833,281,230
17659833,422,230
18081833,523,230
18604833,731,230
19335833,1097,230
20432833,1288,230
21720833,1759,230
23479833,1646,230
25125833,1646,230
26771833,2027,230
28798833,627,230
29425833,619,230
30044833,421,230
30465833,428,230
30893833,270,230
31163833,263,230
31426833,243,230
31669833,239,230
31908833,238,230
32146833,285,230
32431833,380,230
32811833,320,230
33131833,292,230
33423833,246,230
33669833,236,230
33905833,309,230
34214833,277,230
34491833,254,230
34745833,244,230
34989833,241,230
35230833,238,230
35468833,235,230
35703833,233,230
35936833,232,230
36168833,231,230
36399833,231,230
36630833,231,230
36861833,231,230
37092833,238,230
37330833,263,230
37593833,245,230
37838833,239,230
38077833,235,230
38312833,241,230
38553833,235,230
38788833,234,230
39022833,237,230
39259833,292,230
39551833,256,230
39807833,263,230
40070833,245,230
40315833,240,230
40555833,257,230
40812833,357,230
41169833,506,230
41675833,586,230
42261833,496,230
42757833,676,230
43433833,534,230
43967833,456,230
44423833,321,230
44744833,311,230
45055833,251,230
45306833,236,230
45542833,232,230
45774833,301,230
46075833,270,230
46345833,289,230
46634833,269,230
46903833,413,230
47316833,522,230
47838833,369,230
48207833,342,230
48549833,498,230
49047833,306,230
49353833,250,230
49603833,238,230
49841833,233,230
50074833,231,230
50305833,231,230
50536833,230,230
50766833,230,230
50996833,241,230
51237833,256,230
51493833,244,230
51737833,255,230
51992833,241,230
52233833,235,230
52468833,233,230
52701833,231,230
52932833,231,230
53163833,230,230
53393833,233,230
53626833,240,230
53866833,234,230
54100833,232,230
54332833,231,230
54563833,231,230
54794833,230,230
55024833,230,230
55254833,230,230
55484833,236,230
55720833,237,230
55957833,233,230
56190833,231,230
56421833,231,230
56652833,230,230
56882833,230,230
57112833,231,230
57343833,264,230
57607833,242,230
57849833,237,230
58086833,234,230
58320833,233,230
58553833,231,230
58784833,233,230
59017833,231,230
59248833,231,230
59479833,230,230
59709833,230,230
59939833,230,230
