timestamp,lastAckedSeq,highTxMark,availableTxBuffer,nextTxSeq,totalCwnd,unAckMeta
611833,5673,17017,1158,17017,11344,11344
611833,5673,17017,1158,17017,10414,11344
829833,11345,25525,1158,25525,10414,14180
1052833,25525,35451,1158,35451,10341,9926
1284833,35451,42541,1158,42541,8502,7090
1520833,43959,53885,1158,53885,10710,9926
1753833,53885,62393,1158,62393,8626,8508
1986833,62393,69483,1158,69483,8139,7090
2217833,69483,77991,1158,77991,9225,8508
2448833,77991,87917,1158,87917,11109,9926
2679833,87917,96425,1158,96425,8915,8508
2912833,96425,103515,1158,103515,8231,7090
3144833,103515,113441,1158,113441,11019,9926
3375833,113441,120531,1158,120531,7779,7090
3609833,120531,127621,1158,127621,8375,7090
3841833,127621,134711,1158,134711,8348,7090
4072833,134711,143219,1158,143219,8754,8508
4303833,143219,153145,1158,153145,11321,9926
4534833,153145,160235,1158,160235,8402,7090
4767833,160235,168743,1158,168743,9054,8508
4999833,168743,178669,1158,178669,11066,9926
5231833,178669,187177,1158,187177,8979,8508
5464833,187177,192849,1158,192849,6429,5672
5695833,192849,201357,1158,201357,8932,8508
5926833,201357,214119,1158,214119,13997,12762
6160833,214119,224045,1158,224045,10895,9926
6410833,225463,236807,1158,236807,12500,11344
6649833,236807,248151,1158,248151,12839,11344
6883833,248151,259495,1158,259495,12191,11344
7114833,259495,273675,1158,273675,14761,14180
7345833,273675,289273,1158,289273,16990,15598
7585833,289273,316215,1158,316215,28003,26942
7830833,306289,330395,1158,330395,24198,24106
8178833,327559,353083,1158,353083,25563,25524
8565833,353083,380025,1158,380025,27045,26942
8946833,377189,394205,1158,394205,16718,17016
9368833,406967,423983,1158,423983,18041,17016
9641833,425401,442417,2576,442417,18785,17016
9906833,442417,459433,1158,459433,18056,17016
10186833,459433,472195,1158,472195,13412,12762
10451833,473613,487793,1158,487793,14763,14180
10693833,489211,509063,1158,509063,20275,19852
10926833,504809,524661,1158,524661,21243,19852
11213833,523243,537423,1158,537423,13795,14180
11517833,541677,557275,1158,557275,16553,15598
11779833,558693,574291,1158,574291,17083,15598
12022833,574291,594143,1158,594143,20755,19852
12261833,589889,609741,1158,609741,20470,19852
12548833,608323,622503,1158,622503,15417,14180
12852833,626757,646609,1158,646609,20351,19852
13113833,643773,667879,1158,667879,22970,24106
13412833,662207,689149,1158,689149,26239,26942
13752833,686313,728853,1158,728853,43875,42540
14143833,709001,747287,1158,747287,35728,38286
14717833,747287,798335,1158,798335,50673,51048
15311833,784155,812515,1158,812515,25033,28360
16104833,838039,869235,1158,869235,31119,31196
16584833,870653,893341,1158,893341,23538,22688
17060833,901849,918865,1158,918865,17262,17016
17378833,923119,954315,1158,954315,32627,31196
17659833,938717,975585,1158,975585,34316,36868
18081833,967077,1016707,1158,1016707,49693,49630
18604833,999691,1083353,1158,1083353,79495,83662
19335833,1045067,1130147,1158,1130147,78855,85080
20432833,1117385,1227989,2576,1227989,107312,110604
21720833,1196793,1305979,1158,1305979,100557,109186
23479833,1313069,1420837,1158,1420837,99973,107768
25125833,1420837,1551293,1158,1551293,122787,130456
26771833,1525769,1612267,1158,1612267,75320,86498
28798833,1667569,1707273,1158,1707273,39155,39704
29425833,1708691,1734215,1158,1734215,24868,25524
30044833,1749813,1776755,1158,1776755,27478,26942
30465833,1778173,1793771,1158,1793771,16540,15598
30893833,1806533,1823549,1158,1823549,18058,17016
31163833,1823549,1839147,1158,1839147,16012,15598
31426833,1840565,1856163,1158,1856163,15981,15598
31669833,1856163,1871761,1158,1871761,17066,15598
31908833,1871761,1891613,1158,1891613,20772,19852
32146833,1887359,1915719,1158,1915719,29486,28360
32431833,1905793,1922809,1158,1922809,17440,17016
32811833,1931317,1949751,1158,1949751,19194,18434
33131833,1949751,1962513,1158,1962513,14008,12762
33423833,1966767,1979529,1158,1979529,13455,12762
33669833,1980947,2000799,1158,2000799,20610,19852
33905833,1995127,2013561,1158,2013561,18121,18434
34214833,2013561,2022069,1158,2022069,9754,8508
34491833,2022069,2029159,1158,2029159,7412,7090
34745833,2029159,2033413,1158,2033413,4832,4254
34989833,2033413,2037667,1158,2037667,5488,4254
35230833,2039085,2044757,1158,2044757,6536,5672
35468833,2044757,2050429,1158,2050429,6766,5672
35703833,2050429,2056101,1158,2056101,6311,5672
35936833,2056101,2061773,1158,2061773,6159,5672
36168833,2061773,2066027,1158,2066027,4793,4254
36399833,2066027,2071699,1158,2071699,6299,5672
36630833,2071699,2075953,1158,2075953,5056,4254
36861833,2075953,2084461,1158,2084461,9281,8508
37092833,2084461,2097223,1158,2097223,12926,12762
37330833,2097223,2107149,1158,2107149,10577,9926
37593833,2108567,2115657,1158,2115657,8431,7090
37838833,2115657,2122747,1158,2122747,8552,7090
38077833,2124165,2135509,1158,2135509,11818,11344
38312833,2135509,2145435,1158,2145435,10778,9926
38553833,2145435,2151107,1158,2151107,6863,5672
38788833,2152525,2161033,2576,2161033,10066,8508
39022833,2162451,2179467,1158,2179467,17685,17016
39259833,2178049,2189393,2576,2189393,13913,11344
39551833,2193647,2210663,1158,2210663,18029,17016
39807833,2210663,2220589,1158,2220589,10771,9926
40070833,2222007,2236187,1158,2236187,14618,14180
40315833,2237605,2254621,1158,2254621,18394,17016
40555833,2253203,2284399,1158,2284399,31338,31196
40812833,2267383,2311341,1158,2311341,43342,43958
41169833,2290071,2326939,1158,2326939,34327,36868
41675833,2325521,2355299,1158,2355299,29370,29778
42261833,2362389,2406347,1158,2406347,43918,43958
42757833,2395003,2430453,1158,2430453,34636,35450
43433833,2438961,2471575,1158,2471575,32501,32614
43967833,2475829,2497099,1158,2497099,20381,21270
44423833,2505607,2525459,1158,2525459,20437,19852
44744833,2526877,2539639,1158,2539639,13989,12762
45055833,2542475,2555237,1158,2555237,14057,12762
45306833,2556655,2569417,1158,2569417,13032,12762
45542833,2569417,2589269,1158,2589269,20526,19852
45774833,2583597,2596359,1158,2596359,13410,12762
46075833,2600613,2619047,1158,2619047,19634,18434
46345833,2619047,2637481,1158,2637481,17242,18434
46634833,2638899,2672931,1158,2672931,34196,34032
46903833,2654497,2688529,1158,2688529,33079,34032
47316833,2680021,2706963,1158,2706963,25111,26942
47838833,2715471,2738159,1158,2738159,22037,22688
48207833,2740995,2775027,1158,2775027,34995,34032
48549833,2760847,2782117,1158,2782117,18551,21270
49047833,2794879,2809059,1158,2809059,14350,14180
49353833,2810477,2820403,2576,2820403,12734,9926
49603833,2821821,2833165,1158,2833165,11728,11344
49841833,2834583,2845927,1158,2845927,12124,11344
50074833,2845927,2853017,1158,2853017,7594,7090
50305833,2853017,2860107,1158,2860107,7176,7090
50536833,2860107,2867197,1158,2867197,7341,7090
50766833,2867197,2877123,2576,2877123,12779,9926
50996833,2877123,2891303,1158,2891303,14886,14180
51237833,2891303,2899811,1158,2899811,9297,8508
51493833,2902647,2918245,1158,2918245,16353,15598
51737833,2918245,2928171,1158,2928171,10308,9926
51992833,2928171,2936679,1158,2936679,9779,8508
52233833,2938097,2949441,1158,2949441,12293,11344
52468833,2949441,2959367,1158,2959367,10708,9926
52701833,2959367,2966457,1158,2966457,7378,7090
52932833,2966457,2973547,1158,2973547,8192,7090
53163833,2973547,2983473,1158,2983473,11112,9926
53393833,2983473,2996235,1158,2996235,13698,12762
53626833,2996235,3006161,1158,3006161,10181,9926
53866833,3006161,3014669,1158,3014669,9064,8508
54100833,3014669,3023177,1158,3023177,9725,8508
54332833,3023177,3031685,1158,3031685,9293,8508
54563833,3033103,3043029,1158,3043029,10947,9926
54794833,3043029,3050119,1158,3050119,7991,7090
55024833,3050119,3055791,2576,3055791,8444,5672
55254833,3055791,3065717,1158,3065717,10632,9926
55484833,3065717,3077061,1158,3077061,11731,11344
55720833,3077061,3085569,1158,3085569,8946,8508
55957833,3086987,3096913,1158,3096913,11265,9926
56190833,3096913,3108257,1158,3108257,11892,11344
56421833,3108257,3118183,1158,3118183,10119,9926
56652833,3118183,3125273,1158,3125273,8539,7090
56882833,3125273,3133781,1158,3133781,9236,8508
57112833,3133781,3149379,1158,3149379,16344,15598
57343833,3147961,3160723,1158,3160723,12933,12762
57607833,3162141,3169231,1158,3169231,8422,7090
57849833,3169231,3176321,1158,3176321,7970,7090
58086833,3177739,3187665,1158,3187665,10633,9926
58320833,3187665,3197591,1158,3197591,11394,9926
58553833,3197591,3208935,1158,3208935,11828,11344
58784833,3208935,3218861,1158,3218861,10268,9926
59017833,3218861,3227369,1158,3227369,9768,8508
59248833,3227369,3234459,1158,3234459,7824,7090
59479833,3234459,3241549,1158,3241549,7190,7090
59709833,3241549,3248639,1158,3248639,8490,7090
59939833,3248639,3258565,1158,3258565,10168,9926
