timestamp,rtt0,rtt1
611833,218,184
611833,218,184
829833,223,184
1052833,261,219
1313833,259,221
1572833,240,222
1812833,234,223
2046833,231,224
2277833,243,225
2520833,235,225
2755833,294,226
3049833,255,227
3304833,240,227
3544833,233,227
3777833,231,228
4008833,231,228
4239833,230,228
4469833,230,229
4699833,230,229
4929833,232,229
5161833,302,229
5463833,356,229
5819833,413,229
6232833,306,229
6538833,289,229
6827833,341,229
7168833,305,229
7473833,270,230
7743833,260,230
8003833,245,230
8248833,257,230
8505833,349,230
8854833,320,230
9174833,283,230
9457833,251,230
9708833,243,230
9951833,236,230
10187833,238,230
10425833,235,230
10660833,233,230
10893833,232,230
11125833,231,230
11356833,230,230
11586833,230,230
11816833,230,230
12046833,230,230
12276833,230,230
12506833,230,230
12736833,233,230
12969833,243,230
13212833,237,230
13449833,235,230
13684833,233,230
13917833,232,230
14149833,233,230
14382833,251,230
14633833,240,230
14873833,235,230
15108833,232,230
15340833,234,230
15574833,232,230
15806833,247,230
16053833,297,230
16350833,341,230
16691833,286,230
16977833,252,230
17229833,243,230
17472833,239,230
17711833,235,230
17946833,232,230
18178833,235,230
18413833,232,230
18645833,231,230
18876833,231,230
19107833,230,230
19337833,231,230
19568833,255,230
19823833,243,230
20066833,238,230
20304833,238,230
20542833,242,230
20784833,235,230
21019833,232,230
21251833,231,230
21482833,230,230
21712833,230,230
21942833,230,230
22172833,240,230
22412833,258,230
22670833,239,230
22909833,233,230
23142833,251,230
23393833,274,230
23667833,253,230
23920833,240,230
24160833,277,230
24437833,342,230
24779833,439,230
25218833,408,230
25626833,367,230
25993833,565,230
26558833,577,230
27135833,705,230
27840833,443,230
28283833,451,230
28734833,516,230
29250833,429,230
29679833,276,230
29955833,266,230
30221833,332,230
30553833,271,230
30824833,244,230
31068833,236,230
31304833,286,230
31590833,332,230
31922833,353,230
32275833,309,230
32584833,422,230
33006833,467,230
33473833,475,230
33948833,291,230
34239833,268,230
34507833,250,230
34757833,239,230
34996833,237,230
35233833,233,230
35466833,275,230
35741833,360,230
36101833,309,230
36410833,256,230
36666833,260,230
36926833,296,230
37222833,306,230
37528833,327,230
37855833,260,230
38115833,240,230
38355833,235,230
38590833,232,230
38822833,243,230
39065833,246,230
39311833,249,230
39560833,331,230
39891833,356,230
40247833,294,230
40541833,330,230
40871833,275,230
41146833,357,230
41503833,326,230
41829833,249,230
42078833,238,230
42316833,237,230
42553833,232,230
42785833,258,230
43043833,362,230
43405833,411,230
43816833,426,230
44242833,585,230
44827833,679,230
45506833,334,230
45840833,272,230
46112833,241,230
46353833,234,230
46587833,252,230
46839833,241,230
47080833,287,230
47367833,256,230
47623833,243,230
47866833,234,230
48100833,270,230
48370833,281,230
48651833,336,230
48987833,319,230
49306833,404,230
49710833,571,230
50281833,704,230
50985833,525,230
51510833,504,230
52014833,523,230
52537833,451,230
52988833,323,230
53311833,252,230
53563833,239,230
53802833,233,230
54035833,244,230
54279833,235,230
54514833,244,230
54758833,237,230
54995833,234,230
55229833,232,230
55461833,235,230
55696833,236,230
55932833,233,230
56165833,231,230
56396833,231,230
56627833,231,230
56858833,230,230
57088833,232,230
57320833,234,230
57554833,233,230
57787833,238,230
58025833,234,230
58259833,232,230
58491833,231,230
58722833,230,230
58952833,230,230
59182833,275,230
59457833,249,230
59706833,242,230
59948833,238,230
