timestamp,availableTxBuffer0,availableTxBuffer1
611833,246472,246472
611833,246472,246472
829833,240800,246472
1052833,237964,250726
1313833,240800,250726
1572833,242218,250726
1812833,240800,250726
2046833,239382,250726
2277833,240800,250726
2520833,233710,250726
2755833,240800,250726
3049833,240800,250726
3304833,239382,250726
3544833,242218,250726
3777833,240800,250726
4008833,242218,250726
4239833,242218,250726
4469833,240800,250726
4699833,239382,250726
4929833,232292,250726
5161833,230874,250726
5463833,226620,250726
5819833,235128,250726
6232833,235128,250726
6538833,230874,252144
6827833,233710,250726
7168833,236546,250726
7473833,236546,250726
7743833,237964,250726
8003833,236546,250726
8248833,228038,250726
8505833,240800,250726
8854833,236546,250726
9174833,242218,250726
9457833,246472,250726
9708833,246472,250726
9951833,245054,250726
10187833,246472,250726
10425833,246472,250726
10660833,247890,250726
10893833,246472,250726
11125833,246472,250726
11356833,249308,250726
11586833,250726,250726
11816833,250726,250726
12046833,249308,250726
12276833,249308,250726
12506833,247890,250726
12736833,245054,250726
12969833,245054,250726
13212833,247890,250726
13449833,249308,250726
13684833,247890,250726
13917833,246472,250726
14149833,242218,250726
14382833,243636,250726
14633833,245054,250726
14873833,245054,250726
15108833,242218,250726
15340833,242218,250726
15574833,239382,250726
15806833,233710,250726
16053833,230874,250726
16350833,236546,250726
16691833,242218,250726
16977833,247890,250726
17229833,245054,250726
17472833,246472,250726
17711833,246472,250726
17946833,245054,250726
18178833,245054,250726
18413833,246472,250726
18645833,246472,250726
18876833,246472,250726
19107833,245054,250726
19337833,240800,250726
19568833,245054,250726
19823833,247890,250726
20066833,243636,250726
20304833,240800,250726
20542833,242218,250726
20784833,242218,250726
21019833,243636,250726
21251833,242218,250726
21482833,243636,250726
21712833,246472,250726
21942833,240800,250726
22172833,237964,250726
22412833,239382,250726
22670833,240800,250726
22909833,237964,250726
23142833,235128,250726
23393833,242218,250726
23667833,240800,250726
23920833,235128,250726
24160833,229456,250726
24437833,223784,250726
24779833,228038,250726
25218833,230874,250726
25626833,215276,250726
25993833,218112,250726
26558833,209604,250726
27135833,235128,250726
27840833,225202,250726
28283833,222366,250726
28734833,223784,250726
29250833,236546,250726
29679833,236546,250726
29955833,230874,250726
30221833,237964,250726
30553833,240800,250726
30824833,243636,250726
31068833,236546,250726
31304833,230874,250726
31590833,230874,250726
31922833,235128,250726
32275833,225202,250726
32584833,223784,250726
33006833,223784,250726
33473833,233710,250726
33948833,236546,250726
34239833,245054,250726
34507833,245054,250726
34757833,240800,250726
34996833,240800,250726
35233833,236546,250726
35466833,226620,250726
35741833,235128,250726
36101833,237964,250726
36410833,236546,250726
36666833,233710,250726
36926833,233710,250726
37222833,232292,250726
37528833,240800,250726
37855833,240800,250726
38115833,245054,250726
38355833,245054,250726
38590833,240800,250726
38822833,239382,250726
39065833,237964,250726
39311833,230874,252144
39560833,230874,250726
39891833,242218,250726
40247833,232292,250726
40541833,237964,250726
40871833,229456,250726
41146833,233710,250726
41503833,240800,250726
41829833,240800,250726
42078833,240800,250726
42316833,239382,250726
42553833,236546,250726
42785833,225202,250726
43043833,229456,250726
43405833,226620,250726
43816833,215276,250726
44242833,211022,250726
44827833,223784,250726
45506833,236546,250726
45840833,240800,250726
46112833,240800,250726
46353833,237964,250726
46587833,237964,250726
46839833,233710,250726
47080833,239382,250726
47367833,237964,250726
47623833,239382,250726
47866833,235128,250726
48100833,235128,250726
48370833,230874,250726
48651833,233710,250726
48987833,226620,250726
49306833,211022,250726
49710833,209604,250726
50281833,219530,250726
50985833,222366,250726
51510833,222366,250726
52014833,223784,250726
52537833,230874,250726
52988833,239382,250726
53311833,243636,252144
53563833,242218,250726
53802833,239382,250726
54035833,240800,250726
54279833,237964,250726
54514833,243636,250726
54758833,245054,250726
54995833,246472,250726
55229833,242218,250726
55461833,240800,250726
55696833,243636,250726
55932833,246472,250726
56165833,247890,250726
56396833,249308,250726
56627833,249308,250726
56858833,247890,250726
57088833,246472,250726
57320833,247890,250726
57554833,245054,250726
57787833,245054,250726
58025833,245054,250726
58259833,245054,250726
58491833,246472,250726
58722833,245054,250726
58952833,237964,250726
59182833,242218,250726
59457833,237964,250726
59706833,237964,250726
59948833,242218,250726
