timestamp,unAck0,unAck1
611833,5672,5672
611833,5672,5672
829833,11344,5672
1052833,14180,1418
1313833,11344,1418
1572833,9926,1418
1812833,11344,1418
2046833,12762,1418
2277833,11344,1418
2520833,18434,1418
2755833,11344,1418
3049833,11344,1418
3304833,12762,1418
3544833,9926,1418
3777833,11344,1418
4008833,9926,1418
4239833,9926,1418
4469833,11344,1418
4699833,12762,1418
4929833,19852,1418
5161833,21270,1418
5463833,25524,1418
5819833,17016,1418
6232833,17016,1418
6538833,21270,0
6827833,18434,1418
7168833,15598,1418
7473833,15598,1418
7743833,14180,1418
8003833,15598,1418
8248833,24106,1418
8505833,11344,1418
8854833,15598,1418
9174833,9926,1418
9457833,5672,1418
9708833,5672,1418
9951833,7090,1418
10187833,5672,1418
10425833,5672,1418
10660833,4254,1418
10893833,5672,1418
11125833,5672,1418
11356833,2836,1418
11586833,1418,1418
11816833,1418,1418
12046833,2836,1418
12276833,2836,1418
12506833,4254,1418
12736833,7090,1418
12969833,7090,1418
13212833,4254,1418
13449833,2836,1418
13684833,4254,1418
13917833,5672,1418
14149833,9926,1418
14382833,8508,1418
14633833,7090,1418
14873833,7090,1418
15108833,9926,1418
15340833,9926,1418
15574833,12762,1418
15806833,18434,1418
16053833,21270,1418
16350833,15598,1418
16691833,9926,1418
16977833,4254,1418
17229833,7090,1418
17472833,5672,1418
17711833,5672,1418
17946833,7090,1418
18178833,7090,1418
18413833,5672,1418
18645833,5672,1418
18876833,5672,1418
19107833,7090,1418
19337833,11344,1418
19568833,7090,1418
19823833,4254,1418
20066833,8508,1418
20304833,11344,1418
20542833,9926,1418
20784833,9926,1418
21019833,8508,1418
21251833,9926,1418
21482833,8508,1418
21712833,5672,1418
21942833,11344,1418
22172833,14180,1418
22412833,12762,1418
22670833,11344,1418
22909833,14180,1418
23142833,17016,1418
23393833,9926,1418
23667833,11344,1418
23920833,17016,1418
24160833,22688,1418
24437833,28360,1418
24779833,24106,1418
25218833,21270,1418
25626833,36868,1418
25993833,34032,1418
26558833,42540,1418
27135833,17016,1418
27840833,26942,1418
28283833,29778,1418
28734833,28360,1418
29250833,15598,1418
29679833,15598,1418
29955833,21270,1418
30221833,14180,1418
30553833,11344,1418
30824833,8508,1418
31068833,15598,1418
31304833,21270,1418
31590833,21270,1418
31922833,17016,1418
32275833,26942,1418
32584833,28360,1418
33006833,28360,1418
33473833,18434,1418
33948833,15598,1418
34239833,7090,1418
34507833,7090,1418
34757833,11344,1418
34996833,11344,1418
35233833,15598,1418
35466833,25524,1418
35741833,17016,1418
36101833,14180,1418
36410833,15598,1418
36666833,18434,1418
36926833,18434,1418
37222833,19852,1418
37528833,11344,1418
37855833,11344,1418
38115833,7090,1418
38355833,7090,1418
38590833,11344,1418
38822833,12762,1418
39065833,14180,1418
39311833,21270,0
39560833,21270,1418
39891833,9926,1418
40247833,19852,1418
40541833,14180,1418
40871833,22688,1418
41146833,18434,1418
41503833,11344,1418
41829833,11344,1418
42078833,11344,1418
42316833,12762,1418
42553833,15598,1418
42785833,26942,1418
43043833,22688,1418
43405833,25524,1418
43816833,36868,1418
44242833,41122,1418
44827833,28360,1418
45506833,15598,1418
45840833,11344,1418
46112833,11344,1418
46353833,14180,1418
46587833,14180,1418
46839833,18434,1418
47080833,12762,1418
47367833,14180,1418
47623833,12762,1418
47866833,17016,1418
48100833,17016,1418
48370833,21270,1418
48651833,18434,1418
48987833,25524,1418
49306833,41122,1418
49710833,42540,1418
50281833,32614,1418
50985833,29778,1418
51510833,29778,1418
52014833,28360,1418
52537833,21270,1418
52988833,12762,1418
53311833,8508,0
53563833,9926,1418
53802833,12762,1418
54035833,11344,1418
54279833,14180,1418
54514833,8508,1418
54758833,7090,1418
54995833,5672,1418
55229833,9926,1418
55461833,11344,1418
55696833,8508,1418
55932833,5672,1418
56165833,4254,1418
56396833,2836,1418
56627833,2836,1418
56858833,4254,1418
57088833,5672,1418
57320833,4254,1418
57554833,7090,1418
57787833,7090,1418
58025833,7090,1418
58259833,7090,1418
58491833,5672,1418
58722833,7090,1418
58952833,14180,1418
59182833,9926,1418
59457833,14180,1418
59706833,14180,1418
59948833,9926,1418
