timestamp,rWnd0,rWnd1
611833,1073725440,1073725440
611833,1073725440,1073725440
829833,1073725440,1073725440
1052833,1073725440,1073725440
1313833,1073725440,1073725440
1572833,1073725440,1073725440
1812833,1073725440,1073725440
2046833,1073725440,1073725440
2277833,1073725440,1073725440
2520833,1073725440,1073725440
2755833,1073725440,1073725440
3049833,1073725440,1073725440
3304833,1073725440,1073725440
3544833,1073725440,1073725440
3777833,1073725440,1073725440
4008833,1073725440,1073725440
4239833,1073725440,1073725440
4469833,1073725440,1073725440
4699833,1073725440,1073725440
4929833,1073725440,1073725440
5161833,1073725440,1073725440
5463833,1073725440,1073725440
5819833,1073725440,1073725440
6232833,1073725440,1073725440
6538833,1073725440,1073725440
6827833,1073725440,1073725440
7168833,1073725440,1073725440
7473833,1073725440,1073725440
7743833,1073725440,1073725440
8003833,1073725440,1073725440
8248833,1073725440,1073725440
8505833,1073725440,1073725440
8854833,1073725440,1073725440
9174833,1073725440,1073725440
9457833,1073725440,1073725440
9708833,1073725440,1073725440
9951833,1073725440,1073725440
10187833,1073725440,1073725440
10425833,1073725440,1073725440
10660833,1073725440,1073725440
10893833,1073725440,1073725440
11125833,1073725440,1073725440
11356833,1073725440,1073725440
11586833,1073725440,1073725440
11816833,1073725440,1073725440
12046833,1073725440,1073725440
12276833,1073725440,1073725440
12506833,1073725440,1073725440
12736833,1073725440,1073725440
12969833,1073725440,1073725440
13212833,1073725440,1073725440
13449833,1073725440,1073725440
13684833,1073725440,1073725440
13917833,1073725440,1073725440
14149833,1073725440,1073725440
14382833,1073725440,1073725440
14633833,1073725440,1073725440
14873833,1073725440,1073725440
15108833,1073725440,1073725440
15340833,1073725440,1073725440
15574833,1073725440,1073725440
15806833,1073725440,1073725440
16053833,1073725440,1073725440
16350833,1073725440,1073725440
16691833,1073725440,1073725440
16977833,1073725440,1073725440
17229833,1073725440,1073725440
17472833,1073725440,1073725440
17711833,1073725440,1073725440
17946833,1073725440,1073725440
18178833,1073725440,1073725440
18413833,1073725440,1073725440
18645833,1073725440,1073725440
18876833,1073725440,1073725440
19107833,1073725440,1073725440
19337833,1073725440,1073725440
19568833,1073725440,1073725440
19823833,1073725440,1073725440
20066833,1073725440,1073725440
20304833,1073725440,1073725440
20542833,1073725440,1073725440
20784833,1073725440,1073725440
21019833,1073725440,1073725440
21251833,1073725440,1073725440
21482833,1073725440,1073725440
21712833,1073725440,1073725440
21942833,1073725440,1073725440
22172833,1073725440,1073725440
22412833,1073725440,1073725440
22670833,1073725440,1073725440
22909833,1073725440,1073725440
23142833,1073725440,1073725440
23393833,1073725440,1073725440
23667833,1073725440,1073725440
23920833,1073725440,1073725440
24160833,1073725440,1073725440
24437833,1073725440,1073725440
24779833,1073725440,1073725440
25218833,1073725440,1073725440
25626833,1073725440,1073725440
25993833,1073725440,1073725440
26558833,1073725440,1073725440
27135833,1073725440,1073725440
27840833,1073725440,1073725440
28283833,1073725440,1073725440
28734833,1073725440,1073725440
29250833,1073725440,1073725440
29679833,1073725440,1073725440
29955833,1073725440,1073725440
30221833,1073725440,1073725440
30553833,1073725440,1073725440
30824833,1073725440,1073725440
31068833,1073725440,1073725440
31304833,1073725440,1073725440
31590833,1073725440,1073725440
31922833,1073725440,1073725440
32275833,1073725440,1073725440
32584833,1073725440,1073725440
33006833,1073725440,1073725440
33473833,1073725440,1073725440
33948833,1073725440,1073725440
34239833,1073725440,1073725440
34507833,1073725440,1073725440
34757833,1073725440,1073725440
34996833,1073725440,1073725440
35233833,1073725440,1073725440
35466833,1073725440,1073725440
35741833,1073725440,1073725440
36101833,1073725440,1073725440
36410833,1073725440,1073725440
36666833,1073725440,1073725440
36926833,1073725440,1073725440
37222833,1073725440,1073725440
37528833,1073725440,1073725440
37855833,1073725440,1073725440
38115833,1073725440,1073725440
38355833,1073725440,1073725440
38590833,1073725440,1073725440
38822833,1073725440,1073725440
39065833,1073725440,1073725440
39311833,1073725440,1073725440
39560833,1073725440,1073725440
39891833,1073725440,1073725440
40247833,1073725440,1073725440
40541833,1073725440,1073725440
40871833,1073725440,1073725440
41146833,1073725440,1073725440
41503833,1073725440,1073725440
41829833,1073725440,1073725440
42078833,1073725440,1073725440
42316833,1073725440,1073725440
42553833,1073725440,1073725440
42785833,1073725440,1073725440
43043833,1073725440,1073725440
43405833,1073725440,1073725440
43816833,1073725440,1073725440
44242833,1073725440,1073725440
44827833,1073725440,1073725440
45506833,1073725440,1073725440
45840833,1073725440,1073725440
46112833,1073725440,1073725440
46353833,1073725440,1073725440
46587833,1073725440,1073725440
46839833,1073725440,1073725440
47080833,1073725440,1073725440
47367833,1073725440,1073725440
47623833,1073725440,1073725440
47866833,1073725440,1073725440
48100833,1073725440,1073725440
48370833,1073725440,1073725440
48651833,1073725440,1073725440
48987833,1073725440,1073725440
49306833,1073725440,1073725440
49710833,1073725440,1073725440
50281833,1073725440,1073725440
50985833,1073725440,1073725440
51510833,1073725440,1073725440
52014833,1073725440,1073725440
52537833,1073725440,1073725440
52988833,1073725440,1073725440
53311833,1073725440,1073725440
53563833,1073725440,1073725440
53802833,1073725440,1073725440
54035833,1073725440,1073725440
54279833,1073725440,1073725440
54514833,1073725440,1073725440
54758833,1073725440,1073725440
54995833,1073725440,1073725440
55229833,1073725440,1073725440
55461833,1073725440,1073725440
55696833,1073725440,1073725440
55932833,1073725440,1073725440
56165833,1073725440,1073725440
56396833,1073725440,1073725440
56627833,1073725440,1073725440
56858833,1073725440,1073725440
57088833,1073725440,1073725440
57320833,1073725440,1073725440
57554833,1073725440,1073725440
57787833,1073725440,1073725440
58025833,1073725440,1073725440
58259833,1073725440,1073725440
58491833,1073725440,1073725440
58722833,1073725440,1073725440
58952833,1073725440,1073725440
59182833,1073725440,1073725440
59457833,1073725440,1073725440
59706833,1073725440,1073725440
59948833,1073725440,1073725440
