timestamp,cWnd0,cWnd1
611833,5672,5672
611833,12403,1500
829833,12403,1500
1052833,14593,1500
1313833,12056,1500
1572833,11147,1500
1812833,12484,1500
2046833,13442,1500
2277833,12614,1500
2520833,18471,1500
2755833,11916,1500
3049833,11642,1500
3304833,12867,1500
3544833,10124,1500
3777833,12745,1500
4008833,11004,1500
4239833,10131,1500
4469833,11750,1500
4699833,14177,1500
4929833,20249,1500
5161833,24085,1500
5463833,26478,1500
5819833,17088,1500
6232833,17534,1500
6538833,22355,1500
6827833,18855,1500
7168833,16712,1500
7473833,16959,1500
7743833,15217,1500
8003833,16454,1500
8248833,24402,1500
8505833,12328,1500
8854833,16493,1500
9174833,10546,1500
9457833,7061,1500
9708833,6717,1500
9951833,7546,1500
10187833,6519,1500
10425833,5968,1500
10660833,5629,1500
10893833,5728,1500
11125833,5950,1500
11356833,3789,1500
11586833,3911,1500
11816833,2593,1500
12046833,2900,1500
12276833,4057,1500
12506833,4718,1500
12736833,7175,1500
12969833,7292,1500
13212833,4857,1500
13449833,3604,1500
13684833,4343,1500
13917833,6569,1500
14149833,10950,1500
14382833,8978,1500
14633833,7478,1500
14873833,7154,1500
15108833,11212,1500
15340833,10182,1500
15574833,14057,1500
15806833,19475,1500
16053833,22311,1500
16350833,15797,1500
16691833,10300,1500
16977833,4965,1500
17229833,7656,1500
17472833,5884,1500
17711833,5820,1500
17946833,7643,1500
18178833,8038,1500
18413833,6083,1500
18645833,5768,1500
18876833,5737,1500
19107833,8055,1500
19337833,12236,1500
19568833,7139,1500
19823833,4354,1500
20066833,9341,1500
20304833,12247,1500
20542833,10897,1500
20784833,10903,1500
21019833,8882,1500
21251833,10942,1500
21482833,9085,1500
21712833,8326,1500
21942833,11565,1500
22172833,14509,1500
22412833,13955,1500
22670833,12464,1500
22909833,14312,1500
23142833,17855,1500
23393833,11090,1500
23667833,12216,1500
23920833,17116,1500
24160833,22928,1500
24437833,29088,1500
24779833,24626,1500
25218833,21931,1500
25626833,37674,1500
25993833,35334,1500
26558833,43562,1500
27135833,18031,1500
27840833,28312,1500
28283833,31699,1500
28734833,29158,1500
29250833,17014,1500
29679833,16960,1500
29955833,21960,1500
30221833,15480,1500
30553833,11857,1500
30824833,8843,1500
31068833,15850,1500
31304833,21374,1500
31590833,21393,1500
31922833,17574,1500
32275833,28178,1500
32584833,29048,1500
33006833,29432,1500
33473833,18876,1500
33948833,15709,1500
34239833,7882,1500
34507833,7816,1500
34757833,11600,1500
34996833,12385,1500
35233833,16944,1500
35466833,25914,1500
35741833,18330,1500
36101833,15087,1500
36410833,16640,1500
36666833,19652,1500
36926833,19049,1500
37222833,20071,1500
37528833,11465,1500
37855833,11794,1500
38115833,7460,1500
38355833,7774,1500
38590833,12055,1500
38822833,12936,1500
39065833,14653,1500
39311833,22717,1500
39560833,22261,1500
39891833,9989,1500
40247833,19949,1500
40541833,14223,1500
40871833,22815,1500
41146833,18933,1500
41503833,12033,1500
41829833,12327,1500
42078833,13901,1500
42316833,13035,1500
42553833,16410,1500
42785833,27439,1500
43043833,25206,1500
43405833,26393,1500
43816833,38132,1500
44242833,41698,1500
44827833,28547,1500
45506833,16789,1500
45840833,12054,1500
46112833,12488,1500
46353833,15547,1500
46587833,15515,1500
46839833,19490,1500
47080833,13752,1500
47367833,15510,1500
47623833,13281,1500
47866833,18323,1500
48100833,18316,1500
48370833,21928,1500
48651833,19595,1500
48987833,25964,1500
49306833,41579,1500
49710833,42963,1500
50281833,32907,1500
50985833,30445,1500
51510833,31225,1500
52014833,28426,1500
52537833,21648,1500
52988833,13940,1500
53311833,10765,1500
53563833,10366,1500
53802833,12809,1500
54035833,12278,1500
54279833,14493,1500
54514833,8722,1500
54758833,8498,1500
54995833,7084,1500
55229833,10756,1500
55461833,11554,1500
55696833,9908,1500
55932833,6038,1500
56165833,4938,1500
56396833,3408,1500
56627833,2876,1500
56858833,4459,1500
57088833,6210,1500
57320833,4780,1500
57554833,7485,1500
57787833,7511,1500
58025833,7343,1500
58259833,7610,1500
58491833,8066,1500
58722833,7732,1500
58952833,14187,1500
59182833,10862,1500
59457833,14899,1500
59706833,15061,1500
59948833,11069,1500
