timestamp,lastAckedSeq,highTxMark,availableTxBuffer,nextTxSeq,totalCwnd,unAckMeta
611833,5673,17017,1158,17017,11344,11344
611833,5673,17017,1158,17017,13903,11344
829833,11345,28361,1158,28361,13903,17016
1052833,28361,43959,1158,43959,16093,15598
1313833,43959,56721,1158,56721,13556,12762
1572833,56721,68065,1158,68065,12647,11344
1812833,69483,82245,1158,82245,13984,12762
2046833,82245,96425,1158,96425,14942,14180
2277833,96425,109187,1158,109187,14114,12762
2520833,109187,129039,1158,129039,19971,19852
2755833,124785,137547,1158,137547,13416,12762
3049833,143219,155981,1158,155981,13142,12762
3304833,157399,171579,1158,171579,14367,14180
3544833,171579,182923,1158,182923,11624,11344
3777833,182923,195685,1158,195685,14245,12762
4008833,195685,207029,1158,207029,12504,11344
4239833,207029,218373,1158,218373,11631,11344
4469833,218373,231135,1158,231135,13250,12762
4699833,231135,245315,1158,245315,15677,14180
4929833,245315,266585,1158,266585,21749,21270
5161833,259495,283601,2576,283601,25585,24106
5463833,277929,306289,1158,306289,27978,28360
5819833,302035,320469,1158,320469,18588,18434
6232833,328977,347411,1158,347411,19034,18434
6538833,348829,371517,1158,371517,23855,22688
6827833,367263,388533,1158,388533,20355,21270
7168833,391369,408385,1158,408385,18212,17016
7473833,409803,426819,1158,426819,18459,17016
7743833,429655,445253,2576,445253,16717,15598
8003833,446671,463687,1158,463687,17954,17016
8248833,462269,487793,1158,487793,25902,25524
8505833,477867,492047,1158,492047,13828,14180
8854833,497719,514735,1158,514735,17993,17016
9174833,516153,527497,1158,527497,12046,11344
9457833,527497,534587,1158,534587,8561,7090
9708833,534587,541677,1158,541677,8217,7090
9951833,543095,551603,1158,551603,9046,8508
10187833,551603,558693,1158,558693,8019,7090
10425833,558693,565783,1158,565783,7468,7090
10660833,565783,571455,1158,571455,7129,5672
10893833,572873,579963,1158,579963,7228,7090
11125833,579963,587053,1158,587053,7450,7090
11356833,587053,591307,1158,591307,5289,4254
11586833,591307,594143,2576,594143,5411,2836
11816833,594143,596979,1158,596979,4093,2836
12046833,596979,601233,1158,601233,4400,4254
12276833,601233,605487,1158,605487,5557,4254
12506833,605487,611159,1158,611159,6218,5672
12736833,611159,619667,1158,619667,8675,8508
12969833,619667,628175,1158,628175,8792,8508
13212833,628175,633847,1158,633847,6357,5672
13449833,633847,638101,1158,638101,5104,4254
13684833,639519,645191,1158,645191,5843,5672
13917833,645191,652281,1158,652281,8069,7090
14149833,652281,663625,1158,663625,12450,11344
14382833,663625,673551,1158,673551,10478,9926
14633833,673551,682059,1158,682059,8978,8508
14873833,682059,690567,1158,690567,8654,8508
15108833,691985,703329,1158,703329,12712,11344
15340833,703329,714673,1158,714673,11682,11344
15574833,714673,728853,1158,728853,15557,14180
15806833,728853,748705,1158,748705,20975,19852
16053833,744451,767139,1158,767139,23811,22688
16350833,764303,781319,1158,781319,17297,17016
16691833,782737,794081,1158,794081,11800,11344
16977833,794081,799753,1158,799753,6465,5672
17229833,801171,809679,1158,809679,9156,8508
17472833,809679,816769,1158,816769,7384,7090
17711833,816769,823859,1158,823859,7320,7090
17946833,825277,833785,1158,833785,9143,8508
18178833,833785,842293,1158,842293,9538,8508
18413833,842293,849383,1158,849383,7583,7090
18645833,849383,856473,1158,856473,7268,7090
18876833,856473,863563,1158,863563,7237,7090
19107833,863563,872071,1158,872071,9555,8508
19337833,872071,884833,1158,884833,13736,12762
19568833,884833,893341,1158,893341,8639,8508
19823833,893341,899013,1158,899013,5854,5672
20066833,900431,910357,1158,910357,10841,9926
20304833,910357,923119,1158,923119,13747,12762
20542833,923119,934463,1158,934463,12397,11344
20784833,934463,945807,1158,945807,12403,11344
21019833,945807,955733,1158,955733,10382,9926
21251833,957151,968495,1158,968495,12442,11344
21482833,968495,978421,1158,978421,10585,9926
21712833,978421,985511,2576,985511,9826,7090
21942833,985511,998273,1158,998273,13065,12762
22172833,998273,1013871,1158,1013871,16009,15598
22412833,1013871,1028051,1158,1028051,15455,14180
22670833,1028051,1040813,1158,1040813,13964,12762
22909833,1042231,1057829,1158,1057829,15812,15598
23142833,1057829,1076263,1158,1076263,19355,18434
23393833,1073427,1084771,1158,1084771,12590,11344
23667833,1087607,1101787,1158,1101787,13716,14180
23920833,1103205,1121639,1158,1121639,18616,18434
24160833,1117385,1142909,1158,1142909,24428,25524
24437833,1134401,1165597,1158,1165597,30588,31196
24779833,1157089,1184031,1158,1184031,26126,26942
25218833,1186867,1209555,1158,1209555,23431,22688
25626833,1212391,1252095,1158,1252095,39174,39704
25993833,1236497,1273365,1158,1273365,36834,36868
26558833,1271947,1318741,1158,1318741,45062,46794
27135833,1308815,1330085,1158,1330085,19531,21270
27840833,1357027,1386805,1158,1386805,29812,29778
28283833,1386805,1419419,2576,1419419,33199,32614
28734833,1415165,1446361,1158,1446361,30658,31196
29250833,1450615,1467631,1158,1467631,18514,17016
29679833,1478975,1495991,1158,1495991,18460,17016
29955833,1497409,1520097,1158,1520097,23460,22688
30221833,1514425,1530023,1158,1530023,16980,15598
30553833,1532859,1545621,1158,1545621,13357,12762
30824833,1547039,1556965,1158,1556965,10343,9926
31068833,1558383,1575399,1158,1575399,17350,17016
31304833,1573981,1596669,1158,1596669,22874,22688
31590833,1590997,1615103,1158,1615103,22893,24106
31922833,1613685,1632119,1158,1632119,19074,18434
32275833,1636373,1666151,1158,1666151,29678,29778
32584833,1656225,1687421,1158,1687421,30548,31196
33006833,1683167,1714363,1158,1714363,30932,31196
33473833,1714363,1735633,1158,1735633,20376,21270
33948833,1746977,1763993,1158,1763993,17209,17016
34239833,1763993,1772501,1158,1772501,9382,8508
34507833,1772501,1781009,1158,1781009,9316,8508
34757833,1782427,1795189,1158,1795189,13100,12762
34996833,1796607,1809369,1158,1809369,13885,12762
35233833,1809369,1826385,1158,1826385,18444,17016
35466833,1824967,1851909,1158,1851909,27414,26942
35741833,1841983,1860417,1158,1860417,19830,18434
36101833,1866089,1881687,1158,1881687,16587,15598
36410833,1885941,1902957,1158,1902957,18140,17016
36666833,1902957,1922809,1158,1922809,21152,19852
36926833,1919973,1939825,1158,1939825,20549,19852
37222833,1938407,1961095,1158,1961095,21571,22688
37528833,1958259,1972439,1158,1972439,12965,14180
37855833,1975275,1988037,1158,1988037,13294,12762
38115833,1988037,1996545,1158,1996545,8960,8508
38355833,1996545,2005053,1158,2005053,9274,8508
38590833,2006471,2019233,1158,2019233,13555,12762
38822833,2019233,2033413,1158,2033413,14436,14180
39065833,2033413,2049011,1158,2049011,16153,15598
39311833,2050429,2073117,2576,2073117,24217,22688
39560833,2066027,2090133,1158,2090133,23761,24106
39891833,2087297,2100059,1158,2100059,11489,12762
40247833,2107149,2128419,1158,2128419,21449,21270
40541833,2125583,2142599,1158,2142599,15723,17016
40871833,2148271,2172377,1158,2172377,24315,24106
41146833,2166705,2186557,1158,2186557,20433,19852
41503833,2187975,2200737,1158,2200737,13533,12762
41829833,2206409,2219171,1158,2219171,13827,12762
42078833,2220589,2233351,2576,2233351,15401,12762
42316833,2234769,2248949,1158,2248949,14535,14180
42553833,2248949,2265965,1158,2265965,17910,17016
42785833,2264547,2292907,1158,2292907,28939,28360
43043833,2280145,2305669,2576,2305669,26706,25524
43405833,2304251,2332611,1158,2332611,27893,28360
43816833,2331193,2370897,1158,2370897,39632,39704
44242833,2358135,2402093,1158,2402093,43198,43958
44827833,2395003,2427617,1158,2427617,30047,32614
45506833,2443215,2460231,1158,2460231,18289,17016
45840833,2461649,2474411,1158,2474411,13554,12762
46112833,2477247,2490009,1158,2490009,13988,12762
46353833,2490009,2505607,1158,2505607,17047,15598
46587833,2505607,2521205,1158,2521205,17015,15598
46839833,2521205,2541057,1158,2541057,20990,19852
47080833,2536803,2550983,1158,2550983,15252,14180
47367833,2555237,2572253,1158,2572253,17010,17016
47623833,2572253,2586433,1158,2586433,14781,14180
47866833,2587851,2606285,1158,2606285,19823,18434
48100833,2602031,2621883,1158,2621883,19816,19852
48370833,2620465,2643153,1158,2643153,23428,22688
48651833,2637481,2658751,1158,2658751,21095,21270
48987833,2660169,2687111,1158,2687111,27464,26942
49306833,2680021,2723979,1158,2723979,43079,43958
49710833,2704127,2750921,1158,2750921,44463,46794
50281833,2742413,2779281,1158,2779281,34407,36868
50985833,2790625,2823239,1158,2823239,31945,32614
51510833,2824657,2857271,2576,2857271,32725,32614
52014833,2857271,2888467,1158,2888467,29926,31196
52537833,2892721,2915409,1158,2915409,23148,22688
52988833,2921081,2935261,1158,2935261,15440,14180
53311833,2939515,2948023,3994,2948023,12265,8508
53563833,2950859,2962203,1158,2962203,11866,11344
53802833,2963621,2977801,1158,2977801,14309,14180
54035833,2977801,2990563,1158,2990563,13778,12762
54279833,2990563,3006161,1158,3006161,15993,15598
54514833,3006161,3016087,1158,3016087,10222,9926
54758833,3016087,3024595,1158,3024595,9998,8508
54995833,3024595,3031685,1158,3031685,8584,7090
55229833,3033103,3044447,1158,3044447,12256,11344
55461833,3044447,3057209,1158,3057209,13054,12762
55696833,3057209,3067135,1158,3067135,11408,9926
55932833,3067135,3074225,1158,3074225,7538,7090
56165833,3074225,3079897,1158,3079897,6438,5672
56396833,3079897,3084151,1158,3084151,4908,4254
56627833,3084151,3088405,1158,3088405,4376,4254
56858833,3088405,3094077,1158,3094077,5959,5672
57088833,3094077,3101167,1158,3101167,7710,7090
57320833,3101167,3106839,1158,3106839,6280,5672
57554833,3106839,3115347,1158,3115347,8985,8508
57787833,3115347,3123855,1158,3123855,9011,8508
58025833,3123855,3132363,1158,3132363,8843,8508
58259833,3132363,3140871,1158,3140871,9110,8508
58491833,3142289,3149379,2576,3149379,9566,7090
58722833,3149379,3157887,1158,3157887,9232,8508
58952833,3157887,3173485,1158,3173485,15687,15598
59182833,3173485,3184829,1158,3184829,12362,11344
59457833,3187665,3203263,1158,3203263,16399,15598
59706833,3203263,3218861,1158,3218861,16561,15598
59948833,3218861,3230205,1158,3230205,12569,11344
