timestamp,rtt0,rtt1
611833,218,184
611833,218,184
829833,223,184
1052833,277,219
1329833,254,221
1583833,240,222
1823833,233,223
2056833,234,224
2290833,232,225
2522833,231,225
2753833,278,226
3031833,282,227
3313833,320,227
3633833,262,227
3895833,243,228
4138833,237,228
4375833,234,228
4609833,232,228
4841833,234,229
5075833,273,229
5348833,245,229
5593833,235,229
5828833,290,229
6118833,252,229
6370833,240,229
6610833,238,229
6848833,287,230
7135833,274,230
7409833,282,230
7691833,267,230
7958833,281,230
8239833,319,230
8558833,262,230
8820833,241,230
9061833,235,230
9296833,232,230
9528833,231,230
9759833,233,230
9992833,288,230
10280833,317,230
10597833,258,230
10855833,238,230
11093833,263,230
11356833,261,230
11617833,326,230
11943833,399,230
12342833,425,230
12767833,364,230
13131833,357,230
13488833,532,230
14020833,367,230
14387833,298,230
14685833,254,230
14939833,304,230
15243833,342,230
15585833,282,230
15867833,267,230
16134833,247,230
16381833,237,230
16618833,252,230
16870833,236,230
17106833,244,230
17350833,300,230
17650833,343,230
17993833,270,230
18263833,242,230
18505833,235,230
18740833,233,230
18973833,231,230
19204833,232,230
19436833,234,230
19670833,232,230
19902833,233,230
20135833,238,230
20373833,283,230
20656833,268,230
20924833,299,230
21223833,289,230
21512833,340,230
21852833,423,230
22275833,366,230
22641833,421,230
23062833,427,230
23489833,491,230
23980833,316,230
24296833,265,230
24561833,245,230
24806833,257,230
25063833,364,230
25427833,459,230
25886833,363,230
26249833,440,230
26689833,366,230
27055833,379,230
27434833,264,230
27698833,244,230
27942833,235,230
28177833,232,230
28409833,235,230
28644833,279,230
28923833,282,230
29205833,250,230
29455833,339,230
29794833,318,230
30112833,252,230
30364833,238,230
30602833,241,230
30843833,236,230
31079833,233,230
31312833,231,230
31543833,231,230
31774833,231,230
32005833,242,230
32247833,234,230
32481833,245,230
32726833,236,230
32962833,238,230
33200833,254,230
33454833,351,230
33805833,458,230
34263833,386,230
34649833,423,230
35072833,595,230
35667833,486,230
36153833,477,230
36630833,316,230
36946833,287,230
37233833,262,230
37495833,240,230
37735833,234,230
37969833,232,230
38201833,231,230
38432833,230,230
38662833,231,230
38893833,290,230
39183833,332,230
39515833,388,230
39903833,350,230
40253833,397,230
40650833,303,230
40953833,327,230
41280833,283,230
41563833,304,230
41867833,260,230
42127833,260,230
42387833,279,230
42666833,317,230
42983833,268,230
43251833,242,230
43493833,264,230
43757833,244,230
44001833,239,230
44240833,302,230
44542833,272,230
44814833,248,230
45062833,237,230
45299833,232,230
45531833,233,230
45764833,231,230
45995833,231,230
46226833,230,230
46456833,230,230
46686833,230,230
46916833,231,230
47147833,239,230
47386833,255,230
47641833,240,230
47881833,245,230
48126833,347,230
48473833,385,230
48858833,267,230
49125833,262,230
49387833,280,230
49667833,248,230
49915833,240,230
50155833,238,230
50393833,233,230
50626833,268,230
50894833,281,230
51175833,250,230
51425833,294,230
51719833,323,230
52042833,263,230
52305833,242,230
52547833,277,230
52824833,331,230
53155833,264,230
53419833,246,230
53665833,321,230
53986833,432,230
54418833,515,230
54933833,482,230
55415833,784,230
56199833,410,230
56609833,368,230
56977833,461,230
57438833,379,230
57817833,269,230
58086833,246,230
58332833,250,230
58582833,274,230
58856833,248,230
59104833,236,230
59340833,281,230
59621833,267,230
59888833,243,230
