timestamp,unAck0,unAck1
611833,5672,5672
611833,5672,5672
829833,12762,5672
1052833,11344,1418
1329833,9926,1418
1583833,9926,1418
1823833,11344,1418
2056833,9926,1418
2290833,11344,1418
2522833,15598,1418
2753833,17016,1418
3031833,19852,1418
3313833,12762,1418
3633833,9926,1418
3895833,5672,1418
4138833,8508,1418
4375833,5672,1418
4609833,8508,1418
4841833,14180,1418
5075833,11344,1418
5348833,11344,1418
5593833,17016,0
5828833,14180,1418
6118833,14180,1418
6370833,14180,1418
6610833,18434,1418
6848833,15598,1418
7135833,17016,1418
7409833,15598,1418
7691833,17016,1418
7958833,19852,1418
8239833,11344,1418
8558833,11344,1418
8820833,7090,1418
9061833,8508,1418
9296833,7090,1418
9528833,9926,1418
9759833,15598,1418
9992833,19852,1418
10280833,14180,1418
10597833,12762,1418
10855833,15598,1418
11093833,15598,1418
11356833,21270,1418
11617833,25524,1418
11943833,25524,1418
12342833,21270,1418
12767833,21270,1418
13131833,35450,1418
13488833,19852,1418
14020833,18434,1418
14387833,12762,1418
14685833,18434,1418
14939833,21270,1418
15243833,11344,1418
15585833,15598,1418
15867833,8508,1418
16134833,8508,1418
16381833,12762,1418
16618833,12762,1418
16870833,14180,1418
17106833,19852,1418
17350833,21270,1418
17650833,11344,1418
17993833,9926,1418
18263833,8508,1418
18505833,7090,1418
18740833,5672,1418
18973833,8508,1418
19204833,9926,1418
19436833,5672,1418
19670833,7090,1418
19902833,9926,1418
20135833,15598,1418
20373833,15598,1418
20656833,18434,1418
20924833,17016,1418
21223833,21270,1418
21512833,26942,1418
21852833,19852,1418
22275833,25524,1418
22641833,25524,1418
23062833,29778,1418
23489833,21270,1418
23980833,15598,1418
24296833,14180,1418
24561833,15598,1418
24806833,32614,1418
25063833,21270,1418
25427833,17016,1418
25886833,26942,1418
26249833,19852,1418
26689833,22688,0
27055833,11344,1418
27434833,9926,1418
27698833,8508,1418
27942833,8508,1418
28177833,9926,1418
28409833,15598,1418
28644833,17016,1418
28923833,12762,1418
29205833,22688,1418
29455833,18434,1418
29794833,14180,1418
30112833,11344,1418
30364833,12762,1418
30602833,7090,1418
30843833,5672,1418
31079833,7090,1418
31312833,7090,1418
31543833,8508,1418
31774833,12762,1418
32005833,9926,1418
32247833,14180,1418
32481833,11344,1418
32726833,14180,1418
32962833,15598,1418
33200833,25524,1418
33454833,29778,1418
33805833,18434,1418
34263833,25524,1418
34649833,38286,1418
35072833,26942,1418
35667833,28360,1418
36153833,19852,1418
36630833,17016,1418
36946833,15598,1418
37233833,11344,1418
37495833,11344,1418
37735833,9926,1418
37969833,5672,1418
38201833,5672,1418
38432833,7090,1418
38662833,15598,1418
38893833,21270,1418
39183833,24106,1418
39515833,19852,1418
39903833,24106,1418
40253833,14180,1418
40650833,19852,1418
40953833,15598,1418
41280833,18434,1418
41563833,12762,1418
41867833,15598,1418
42127833,17016,1418
42387833,19852,1418
42666833,15598,1418
42983833,12762,1418
43251833,15598,1418
43493833,14180,1418
43757833,14180,1418
44001833,19852,1418
44240833,14180,1418
44542833,8508,1418
44814833,11344,1418
45062833,9926,1418
45299833,11344,1418
45531833,9926,1418
45764833,9926,1418
45995833,8508,1418
46226833,7090,1418
46456833,4254,1418
46686833,5672,1418
46916833,8508,1418
47147833,12762,1418
47386833,11344,1418
47641833,14180,1418
47881833,26942,1418
48126833,21270,0
48473833,14180,1418
48858833,15598,1418
49125833,17016,1418
49387833,12762,1418
49667833,14180,1418
49915833,14180,1418
50155833,12762,1418
50393833,17016,1418
50626833,17016,1418
50894833,14180,1418
51175833,18434,1418
51425833,19852,1418
51719833,11344,1418
52042833,11344,1418
52305833,15598,1418
52547833,21270,1418
52824833,14180,1418
53155833,14180,1418
53419833,21270,1418
53665833,34032,1418
53986833,29778,1418
54418833,28360,1418
54933833,51048,1418
55415833,25524,1418
56199833,21270,1418
56609833,28360,1418
56977833,24106,1418
57438833,15598,1418
57817833,11344,1418
58086833,14180,1418
58332833,17016,1418
58582833,14180,1418
58856833,12762,1418
59104833,17016,1418
59340833,15598,1418
59621833,11344,1418
59888833,8508,1418
