timestamp,rWnd0,rWnd1
611833,1073725440,1073725440
611833,1073725440,1073725440
829833,1073725440,1073725440
1052833,1073725440,1073725440
1329833,1073725440,1073725440
1583833,1073725440,1073725440
1823833,1073725440,1073725440
2056833,1073725440,1073725440
2290833,1073725440,1073725440
2522833,1073725440,1073725440
2753833,1073725440,1073725440
3031833,1073725440,1073725440
3313833,1073725440,1073725440
3633833,1073725440,1073725440
3895833,1073725440,1073725440
4138833,1073725440,1073725440
4375833,1073725440,1073725440
4609833,1073725440,1073725440
4841833,1073725440,1073725440
5075833,1073725440,1073725440
5348833,1073725440,1073725440
5593833,1073725440,1073725440
5828833,1073725440,1073725440
6118833,1073725440,1073725440
6370833,1073725440,1073725440
6610833,1073725440,1073725440
6848833,1073725440,1073725440
7135833,1073725440,1073725440
7409833,1073725440,1073725440
7691833,1073725440,1073725440
7958833,1073725440,1073725440
8239833,1073725440,1073725440
8558833,1073725440,1073725440
8820833,1073725440,1073725440
9061833,1073725440,1073725440
9296833,1073725440,1073725440
9528833,1073725440,1073725440
9759833,1073725440,1073725440
9992833,1073725440,1073725440
10280833,1073725440,1073725440
10597833,1073725440,1073725440
10855833,1073725440,1073725440
11093833,1073725440,1073725440
11356833,1073725440,1073725440
11617833,1073725440,1073725440
11943833,1073725440,1073725440
12342833,1073725440,1073725440
12767833,1073725440,1073725440
13131833,1073725440,1073725440
13488833,1073725440,1073725440
14020833,1073725440,1073725440
14387833,1073725440,1073725440
14685833,1073725440,1073725440
14939833,1073725440,1073725440
15243833,1073725440,1073725440
15585833,1073725440,1073725440
15867833,1073725440,1073725440
16134833,1073725440,1073725440
16381833,1073725440,1073725440
16618833,1073725440,1073725440
16870833,1073725440,1073725440
17106833,1073725440,1073725440
17350833,1073725440,1073725440
17650833,1073725440,1073725440
17993833,1073725440,1073725440
18263833,1073725440,1073725440
18505833,1073725440,1073725440
18740833,1073725440,1073725440
18973833,1073725440,1073725440
19204833,1073725440,1073725440
19436833,1073725440,1073725440
19670833,1073725440,1073725440
19902833,1073725440,1073725440
20135833,1073725440,1073725440
20373833,1073725440,1073725440
20656833,1073725440,1073725440
20924833,1073725440,1073725440
21223833,1073725440,1073725440
21512833,1073725440,1073725440
21852833,1073725440,1073725440
22275833,1073725440,1073725440
22641833,1073725440,1073725440
23062833,1073725440,1073725440
23489833,1073725440,1073725440
23980833,1073725440,1073725440
24296833,1073725440,1073725440
24561833,1073725440,1073725440
24806833,1073725440,1073725440
25063833,1073725440,1073725440
25427833,1073725440,1073725440
25886833,1073725440,1073725440
26249833,1073725440,1073725440
26689833,1073725440,1073725440
27055833,1073725440,1073725440
27434833,1073725440,1073725440
27698833,1073725440,1073725440
27942833,1073725440,1073725440
28177833,1073725440,1073725440
28409833,1073725440,1073725440
28644833,1073725440,1073725440
28923833,1073725440,1073725440
29205833,1073725440,1073725440
29455833,1073725440,1073725440
29794833,1073725440,1073725440
30112833,1073725440,1073725440
30364833,1073725440,1073725440
30602833,1073725440,1073725440
30843833,1073725440,1073725440
31079833,1073725440,1073725440
31312833,1073725440,1073725440
31543833,1073725440,1073725440
31774833,1073725440,1073725440
32005833,1073725440,1073725440
32247833,1073725440,1073725440
32481833,1073725440,1073725440
32726833,1073725440,1073725440
32962833,1073725440,1073725440
33200833,1073725440,1073725440
33454833,1073725440,1073725440
33805833,1073725440,1073725440
34263833,1073725440,1073725440
34649833,1073725440,1073725440
35072833,1073725440,1073725440
35667833,1073725440,1073725440
36153833,1073725440,1073725440
36630833,1073725440,1073725440
36946833,1073725440,1073725440
37233833,1073725440,1073725440
37495833,1073725440,1073725440
37735833,1073725440,1073725440
37969833,1073725440,1073725440
38201833,1073725440,1073725440
38432833,1073725440,1073725440
38662833,1073725440,1073725440
38893833,1073725440,1073725440
39183833,1073725440,1073725440
39515833,1073725440,1073725440
39903833,1073725440,1073725440
40253833,1073725440,1073725440
40650833,1073725440,1073725440
40953833,1073725440,1073725440
41280833,1073725440,1073725440
41563833,1073725440,1073725440
41867833,1073725440,1073725440
42127833,1073725440,1073725440
42387833,1073725440,1073725440
42666833,1073725440,1073725440
42983833,1073725440,1073725440
43251833,1073725440,1073725440
43493833,1073725440,1073725440
43757833,1073725440,1073725440
44001833,1073725440,1073725440
44240833,1073725440,1073725440
44542833,1073725440,1073725440
44814833,1073725440,1073725440
45062833,1073725440,1073725440
45299833,1073725440,1073725440
45531833,1073725440,1073725440
45764833,1073725440,1073725440
45995833,1073725440,1073725440
46226833,1073725440,1073725440
46456833,1073725440,1073725440
46686833,1073725440,1073725440
46916833,1073725440,1073725440
47147833,1073725440,1073725440
47386833,1073725440,1073725440
47641833,1073725440,1073725440
47881833,1073725440,1073725440
48126833,1073725440,1073725440
48473833,1073725440,1073725440
48858833,1073725440,1073725440
49125833,1073725440,1073725440
49387833,1073725440,1073725440
49667833,1073725440,1073725440
49915833,1073725440,1073725440
50155833,1073725440,1073725440
50393833,1073725440,1073725440
50626833,1073725440,1073725440
50894833,1073725440,1073725440
51175833,1073725440,1073725440
51425833,1073725440,1073725440
51719833,1073725440,1073725440
52042833,1073725440,1073725440
52305833,1073725440,1073725440
52547833,1073725440,1073725440
52824833,1073725440,1073725440
53155833,1073725440,1073725440
53419833,1073725440,1073725440
53665833,1073725440,1073725440
53986833,1073725440,1073725440
54418833,1073725440,1073725440
54933833,1073725440,1073725440
55415833,1073725440,1073725440
56199833,1073725440,1073725440
56609833,1073725440,1073725440
56977833,1073725440,1073725440
57438833,1073725440,1073725440
57817833,1073725440,1073725440
58086833,1073725440,1073725440
58332833,1073725440,1073725440
58582833,1073725440,1073725440
58856833,1073725440,1073725440
59104833,1073725440,1073725440
59340833,1073725440,1073725440
59621833,1073725440,1073725440
59888833,1073725440,1073725440
