timestamp,availableTxBuffer0,availableTxBuffer1
611833,246472,246472
611833,246472,246472
829833,239382,246472
1052833,240800,250726
1329833,242218,250726
1583833,242218,250726
1823833,240800,250726
2056833,242218,250726
2290833,240800,250726
2522833,236546,250726
2753833,235128,250726
3031833,232292,250726
3313833,239382,250726
3633833,242218,250726
3895833,246472,250726
4138833,243636,250726
4375833,246472,250726
4609833,243636,250726
4841833,237964,250726
5075833,240800,250726
5348833,240800,250726
5593833,235128,252144
5828833,237964,250726
6118833,237964,250726
6370833,237964,250726
6610833,233710,250726
6848833,236546,250726
7135833,235128,250726
7409833,236546,250726
7691833,235128,250726
7958833,232292,250726
8239833,240800,250726
8558833,240800,250726
8820833,245054,250726
9061833,243636,250726
9296833,245054,250726
9528833,242218,250726
9759833,236546,250726
9992833,232292,250726
10280833,237964,250726
10597833,239382,250726
10855833,236546,250726
11093833,236546,250726
11356833,230874,250726
11617833,226620,250726
11943833,226620,250726
12342833,230874,250726
12767833,230874,250726
13131833,216694,250726
13488833,232292,250726
14020833,233710,250726
14387833,239382,250726
14685833,233710,250726
14939833,230874,250726
15243833,240800,250726
15585833,236546,250726
15867833,243636,250726
16134833,243636,250726
16381833,239382,250726
16618833,239382,250726
16870833,237964,250726
17106833,232292,250726
17350833,230874,250726
17650833,240800,250726
17993833,242218,250726
18263833,243636,250726
18505833,245054,250726
18740833,246472,250726
18973833,243636,250726
19204833,242218,250726
19436833,246472,250726
19670833,245054,250726
19902833,242218,250726
20135833,236546,250726
20373833,236546,250726
20656833,233710,250726
20924833,235128,250726
21223833,230874,250726
21512833,225202,250726
21852833,232292,250726
22275833,226620,250726
22641833,226620,250726
23062833,222366,250726
23489833,230874,250726
23980833,236546,250726
24296833,237964,250726
24561833,236546,250726
24806833,219530,250726
25063833,230874,250726
25427833,235128,250726
25886833,225202,250726
26249833,232292,250726
26689833,229456,252144
27055833,240800,250726
27434833,242218,250726
27698833,243636,250726
27942833,243636,250726
28177833,242218,250726
28409833,236546,250726
28644833,235128,250726
28923833,239382,250726
29205833,229456,250726
29455833,233710,250726
29794833,237964,250726
30112833,240800,250726
30364833,239382,250726
30602833,245054,250726
30843833,246472,250726
31079833,245054,250726
31312833,245054,250726
31543833,243636,250726
31774833,239382,250726
32005833,242218,250726
32247833,237964,250726
32481833,240800,250726
32726833,237964,250726
32962833,236546,250726
33200833,226620,250726
33454833,222366,250726
33805833,233710,250726
34263833,226620,250726
34649833,213858,250726
35072833,225202,250726
35667833,223784,250726
36153833,232292,250726
36630833,235128,250726
36946833,236546,250726
37233833,240800,250726
37495833,240800,250726
37735833,242218,250726
37969833,246472,250726
38201833,246472,250726
38432833,245054,250726
38662833,236546,250726
38893833,230874,250726
39183833,228038,250726
39515833,232292,250726
39903833,228038,250726
40253833,237964,250726
40650833,232292,250726
40953833,236546,250726
41280833,233710,250726
41563833,239382,250726
41867833,236546,250726
42127833,235128,250726
42387833,232292,250726
42666833,236546,250726
42983833,239382,250726
43251833,236546,250726
43493833,237964,250726
43757833,237964,250726
44001833,232292,250726
44240833,237964,250726
44542833,243636,250726
44814833,240800,250726
45062833,242218,250726
45299833,240800,250726
45531833,242218,250726
45764833,242218,250726
45995833,243636,250726
46226833,245054,250726
46456833,247890,250726
46686833,246472,250726
46916833,243636,250726
47147833,239382,250726
47386833,240800,250726
47641833,237964,250726
47881833,225202,250726
48126833,230874,252144
48473833,237964,250726
48858833,236546,250726
49125833,235128,250726
49387833,239382,250726
49667833,237964,250726
49915833,237964,250726
50155833,239382,250726
50393833,235128,250726
50626833,235128,250726
50894833,237964,250726
51175833,233710,250726
51425833,232292,250726
51719833,240800,250726
52042833,240800,250726
52305833,236546,250726
52547833,230874,250726
52824833,237964,250726
53155833,237964,250726
53419833,230874,250726
53665833,218112,250726
53986833,222366,250726
54418833,223784,250726
54933833,201096,250726
55415833,226620,250726
56199833,230874,250726
56609833,223784,250726
56977833,228038,250726
57438833,236546,250726
57817833,240800,250726
58086833,237964,250726
58332833,235128,250726
58582833,237964,250726
58856833,239382,250726
59104833,235128,250726
59340833,236546,250726
59621833,240800,250726
59888833,243636,250726
