timestamp,cWnd0,cWnd1
611833,5672,5672
611833,13448,1500
829833,13448,1500
1052833,11969,1500
1329833,11175,1500
1583833,10843,1500
1823833,11697,1500
2056833,11102,1500
2290833,12460,1500
2522833,16514,1500
2753833,17420,1500
3031833,20825,1500
3313833,12921,1500
3633833,10024,1500
3895833,6807,1500
4138833,9430,1500
4375833,6028,1500
4609833,8517,1500
4841833,14204,1500
5075833,11490,1500
5348833,11756,1500
5593833,17204,1500
5828833,15258,1500
6118833,15054,1500
6370833,15497,1500
6610833,19125,1500
6848833,15823,1500
7135833,17560,1500
7409833,15962,1500
7691833,17770,1500
7958833,21124,1500
8239833,12744,1500
8558833,12366,1500
8820833,8225,1500
9061833,9518,1500
9296833,7771,1500
9528833,10717,1500
9759833,16313,1500
9992833,20831,1500
10280833,14685,1500
10597833,14101,1500
10855833,16273,1500
11093833,16113,1500
11356833,21441,1500
11617833,26179,1500
11943833,26568,1500
12342833,22243,1500
12767833,21990,1500
13131833,35747,1500
13488833,20266,1500
14020833,19678,1500
14387833,13854,1500
14685833,18756,1500
14939833,22307,1500
15243833,11870,1500
15585833,15668,1500
15867833,9211,1500
16134833,8687,1500
16381833,13837,1500
16618833,13056,1500
16870833,14437,1500
17106833,19949,1500
17350833,21629,1500
17650833,12176,1500
17993833,10919,1500
18263833,10885,1500
18505833,7492,1500
18740833,6776,1500
18973833,9717,1500
19204833,11142,1500
19436833,5976,1500
19670833,7619,1500
19902833,10579,1500
20135833,15728,1500
20373833,15740,1500
20656833,19686,1500
20924833,17970,1500
21223833,22486,1500
21512833,27225,1500
21852833,20872,1500
22275833,26859,1500
22641833,26163,1500
23062833,31165,1500
23489833,21464,1500
23980833,16227,1500
24296833,15185,1500
24561833,16052,1500
24806833,32753,1500
25063833,22403,1500
25427833,17149,1500
25886833,27339,1500
26249833,20530,1500
26689833,23435,1500
27055833,12737,1500
27434833,11314,1500
27698833,9583,1500
27942833,8948,1500
28177833,11161,1500
28409833,16073,1500
28644833,17362,1500
28923833,12994,1500
29205833,22771,1500
29455833,18692,1500
29794833,14373,1500
30112833,11719,1500
30364833,13450,1500
30602833,7968,1500
30843833,6039,1500
31079833,7411,1500
31312833,7105,1500
31543833,9043,1500
31774833,13340,1500
32005833,10008,1500
32247833,14233,1500
32481833,11360,1500
32726833,15407,1500
32962833,16536,1500
33200833,26236,1500
33454833,30559,1500
33805833,19245,1500
34263833,26935,1500
34649833,38416,1500
35072833,27639,1500
35667833,29078,1500
36153833,19923,1500
36630833,17503,1500
36946833,15815,1500
37233833,13034,1500
37495833,12209,1500
37735833,10946,1500
37969833,6417,1500
38201833,5746,1500
38432833,7507,1500
38662833,16231,1500
38893833,21520,1500
39183833,24230,1500
39515833,20017,1500
39903833,24713,1500
40253833,15357,1500
40650833,20534,1500
40953833,16011,1500
41280833,18996,1500
41563833,13759,1500
41867833,16187,1500
42127833,17851,1500
42387833,20188,1500
42666833,15706,1500
42983833,13947,1500
43251833,16715,1500
43493833,15523,1500
43757833,14505,1500
44001833,20717,1500
44240833,14858,1500
44542833,9423,1500
44814833,12252,1500
45062833,10707,1500
45299833,11765,1500
45531833,10056,1500
45764833,9991,1500
45995833,9142,1500
46226833,7176,1500
46456833,5449,1500
46686833,5981,1500
46916833,8839,1500
47147833,13752,1500
47386833,11390,1500
47641833,14658,1500
47881833,27043,1500
48126833,22395,1500
48473833,14353,1500
48858833,16976,1500
49125833,17283,1500
49387833,12899,1500
49667833,14849,1500
49915833,15239,1500
50155833,13986,1500
50393833,17219,1500
50626833,18333,1500
50894833,14499,1500
51175833,18963,1500
51425833,20970,1500
51719833,12324,1500
52042833,12513,1500
52305833,15851,1500
52547833,21968,1500
52824833,14683,1500
53155833,14940,1500
53419833,21642,1500
53665833,34997,1500
53986833,30527,1500
54418833,28799,1500
54933833,52452,1500
55415833,26504,1500
56199833,21943,1500
56609833,29295,1500
56977833,24748,1500
57438833,16037,1500
57817833,12275,1500
58086833,15123,1500
58332833,17653,1500
58582833,14559,1500
58856833,13048,1500
59104833,18230,1500
59340833,15980,1500
59621833,11682,1500
59888833,9673,1500
