timestamp,lastAckedSeq,highTxMark,availableTxBuffer,nextTxSeq,totalCwnd,unAckMeta
611833,5673,17017,1158,17017,11344,11344
611833,5673,17017,1158,17017,14948,11344
829833,11345,29779,1158,29779,14948,18434
1052833,29779,42541,1158,42541,13469,12762
1329833,42541,53885,1158,53885,12675,11344
1583833,53885,65229,1158,65229,12343,11344
1823833,66647,79409,1158,79409,13197,12762
2056833,79409,90753,1158,90753,12602,11344
2290833,90753,103515,1158,103515,13960,12762
2522833,103515,120531,1158,120531,18014,17016
2753833,119113,137547,1158,137547,18920,18434
3031833,136129,158817,1158,158817,22325,22688
3313833,154563,170161,1158,170161,14421,15598
3633833,171579,182923,1158,182923,11524,11344
3895833,182923,190013,1158,190013,8307,7090
4138833,191431,201357,1158,201357,10930,9926
4375833,201357,208447,1158,208447,7528,7090
4609833,208447,218373,1158,218373,10017,9926
4841833,218373,233971,1158,233971,15704,15598
5075833,233971,246733,1158,246733,12990,12762
5348833,246733,259495,1158,259495,13256,12762
5593833,260913,279347,1158,279347,18704,18434
5828833,276511,292109,1158,292109,16758,15598
6118833,296363,311961,1158,311961,16554,15598
6370833,313379,328977,1158,328977,16997,15598
6610833,328977,348829,1158,348829,20625,19852
6848833,343157,361591,1158,361591,17323,18434
7135833,363009,381443,1158,381443,19060,18434
7409833,380025,397041,1158,397041,17462,17016
7691833,398459,416893,1158,416893,19270,18434
7958833,415475,436745,1158,436745,22624,21270
8239833,433909,448089,1158,448089,14244,14180
8558833,450925,463687,1158,463687,13866,12762
8820833,463687,472195,1158,472195,9725,8508
9061833,473613,483539,1158,483539,11018,9926
9296833,483539,492047,1158,492047,9271,8508
9528833,492047,503391,1158,503391,12217,11344
9759833,503391,520407,1158,520407,17813,17016
9992833,518989,540259,1158,540259,22331,21270
10280833,537423,553021,1158,553021,16185,15598
10597833,557275,571455,1158,571455,15601,14180
10855833,572873,589889,1158,589889,17773,17016
11093833,588471,605487,1158,605487,17613,17016
11356833,605487,628175,1158,628175,22941,22688
11617833,621085,649445,1158,649445,27679,28360
11943833,642355,670715,1158,670715,28068,28360
12342833,669297,693403,1158,693403,23743,24106
12767833,697657,721763,1158,721763,23490,24106
13131833,721763,758631,1158,758631,37247,36868
13488833,743033,767139,1158,767139,21766,24106
14020833,779901,799753,1158,799753,21178,19852
14387833,804007,818187,1158,818187,15354,14180
14685833,821023,840875,1158,840875,20256,19852
14939833,838039,860727,1158,860727,23807,22688
15243833,857891,870653,1158,870653,13370,12762
15585833,876325,894759,1158,894759,17168,18434
15867833,894759,904685,1158,904685,10711,9926
16134833,904685,914611,1158,914611,10187,9926
16381833,916029,930209,1158,930209,15337,14180
16618833,930209,944389,1158,944389,14556,14180
16870833,945807,961405,1158,961405,15937,15598
17106833,961405,982675,1158,982675,21449,21270
17350833,977003,999691,1158,999691,23129,22688
17650833,996855,1009617,1158,1009617,13676,12762
17993833,1013871,1025215,1158,1025215,12419,11344
18263833,1028051,1037977,2576,1037977,12385,9926
18505833,1037977,1046485,1158,1046485,8992,8508
18740833,1046485,1053575,1158,1053575,8276,7090
18973833,1054993,1064919,1158,1064919,11217,9926
19204833,1064919,1076263,1158,1076263,12642,11344
19436833,1076263,1083353,1158,1083353,7476,7090
19670833,1083353,1091861,1158,1091861,9119,8508
19902833,1091861,1103205,1158,1103205,12079,11344
20135833,1103205,1120221,1158,1120221,17228,17016
20373833,1118803,1135819,1158,1135819,17240,17016
20656833,1137237,1157089,1158,1157089,21186,19852
20924833,1154253,1172687,1158,1172687,19470,18434
21223833,1172687,1196793,1158,1196793,23986,24106
21512833,1191121,1220899,1158,1220899,28725,29778
21852833,1213809,1236497,1158,1236497,22372,22688
22275833,1240751,1269111,1158,1269111,28359,28360
22641833,1266275,1294635,1158,1294635,27663,28360
23062833,1291799,1324413,1158,1324413,32665,32614
23489833,1320159,1344265,1158,1344265,22964,24106
23980833,1354191,1371207,1158,1371207,17727,17016
24296833,1374043,1389641,1158,1389641,16685,15598
24561833,1391059,1409493,1158,1409493,17552,18434
24806833,1406657,1442107,1158,1442107,34253,35450
25063833,1423673,1447779,1158,1447779,23903,24106
25427833,1447779,1466213,1158,1466213,18649,18434
25886833,1477557,1507335,1158,1507335,28839,29778
26249833,1501663,1524351,1158,1524351,22030,22688
26689833,1530023,1554129,1158,1554129,24935,24106
27055833,1555547,1568309,1158,1568309,14237,12762
27434833,1573981,1585325,1158,1585325,12814,11344
27698833,1585325,1595251,1158,1595251,11083,9926
27942833,1596669,1606595,1158,1606595,10448,9926
28177833,1606595,1617939,1158,1617939,12661,11344
28409833,1617939,1634955,1158,1634955,17573,17016
28644833,1633537,1651971,1158,1651971,18862,18434
28923833,1651971,1666151,1158,1666151,14494,14180
29205833,1668987,1693093,1158,1693093,24271,24106
29455833,1684585,1704437,1158,1704437,20192,19852
29794833,1707273,1722871,1158,1722871,15873,15598
30112833,1725707,1738469,1158,1738469,13219,12762
30364833,1739887,1754067,1158,1754067,14950,14180
30602833,1754067,1762575,1158,1762575,9468,8508
30843833,1762575,1769665,1158,1769665,7539,7090
31079833,1771083,1779591,1158,1779591,8911,8508
31312833,1779591,1788099,1158,1788099,8605,8508
31543833,1788099,1798025,1158,1798025,10543,9926
31774833,1798025,1812205,1158,1812205,14840,14180
32005833,1812205,1823549,1158,1823549,11508,11344
32247833,1823549,1839147,1158,1839147,15733,15598
32481833,1839147,1851909,1158,1851909,12860,12762
32726833,1851909,1867507,1158,1867507,16907,15598
32962833,1867507,1884523,1158,1884523,18036,17016
33200833,1883105,1910047,1158,1910047,27736,26942
33454833,1900121,1931317,1158,1931317,32059,31196
33805833,1922809,1944079,1158,1944079,20745,21270
34263833,1952587,1980947,1158,1980947,28435,28360
34649833,1978111,2017815,1158,2017815,39916,39704
35072833,2003635,2034831,1158,2034831,29139,31196
35667833,2044757,2075953,1158,2075953,30578,31196
36153833,2075953,2098641,1158,2098641,21423,22688
36630833,2107149,2127001,1158,2127001,19003,19852
36946833,2128419,2145435,1158,2145435,17315,17016
37233833,2146853,2159615,2576,2159615,14534,12762
37495833,2161033,2173795,1158,2173795,13709,12762
37735833,2173795,2185139,1158,2185139,12446,11344
37969833,2185139,2192229,1158,2192229,7917,7090
38201833,2192229,2199319,1158,2199319,7246,7090
38432833,2199319,2207827,1158,2207827,9007,8508
38662833,2207827,2224843,1158,2224843,17731,17016
38893833,2223425,2246113,1158,2246113,23020,22688
39183833,2241859,2268801,1158,2268801,25730,26942
39515833,2263129,2285817,1158,2285817,21517,22688
39903833,2288653,2315595,1158,2315595,26213,26942
40253833,2311341,2328357,1158,2328357,16857,17016
40650833,2336865,2359553,1158,2359553,22034,22688
40953833,2358135,2375151,1158,2375151,17511,17016
41280833,2379405,2399257,1158,2399257,20496,19852
41563833,2397839,2413437,1158,2413437,15259,15598
41867833,2417691,2434707,1158,2434707,17687,17016
42127833,2434707,2453141,1158,2453141,19351,18434
42387833,2450305,2471575,1158,2471575,21688,21270
42666833,2468739,2485755,1158,2485755,17206,17016
42983833,2490009,2504189,1158,2504189,15447,14180
43251833,2505607,2522623,1158,2522623,18215,17016
43493833,2521205,2536803,1158,2536803,17023,15598
43757833,2538221,2553819,1158,2553819,16005,15598
44001833,2555237,2576507,1158,2576507,22217,21270
44240833,2569417,2586433,1158,2586433,16358,17016
44542833,2586433,2596359,1158,2596359,10923,9926
44814833,2599195,2611957,1158,2611957,13752,12762
45062833,2611957,2623301,1158,2623301,12207,11344
45299833,2624719,2637481,1158,2637481,13265,12762
45531833,2637481,2648825,1158,2648825,11556,11344
45764833,2648825,2660169,1158,2660169,11491,11344
45995833,2660169,2670095,1158,2670095,10642,9926
46226833,2670095,2678603,1158,2678603,8676,8508
46456833,2678603,2684275,1158,2684275,6949,5672
46686833,2684275,2691365,1158,2691365,7481,7090
46916833,2691365,2701291,1158,2701291,10339,9926
47147833,2701291,2715471,1158,2715471,15252,14180
47386833,2715471,2728233,1158,2728233,12890,12762
47641833,2729651,2745249,1158,2745249,16158,15598
47881833,2745249,2773609,1158,2773609,28543,28360
48126833,2760847,2783535,1158,2783535,23895,22688
48473833,2784953,2800551,1158,2800551,15853,15598
48858833,2809059,2827493,1158,2827493,18476,18434
49125833,2827493,2845927,1158,2845927,18783,18434
49387833,2844509,2858689,1158,2858689,14399,14180
49667833,2861525,2877123,1158,2877123,16349,15598
49915833,2877123,2892721,1158,2892721,16739,15598
50155833,2892721,2906901,1158,2906901,15486,14180
50393833,2908319,2926753,1158,2926753,18719,18434
50626833,2922499,2940933,1158,2940933,19833,18434
50894833,2940933,2956531,1158,2956531,15999,15598
51175833,2957949,2977801,1158,2977801,20463,19852
51425833,2974965,2996235,1158,2996235,22470,21270
51719833,2993399,3007579,1158,3007579,13824,14180
52042833,3010415,3023177,1158,3023177,14013,12762
52305833,3026013,3043029,1158,3043029,17351,17016
52547833,3041611,3064299,1158,3064299,23468,22688
52824833,3060045,3075643,1158,3075643,16183,15598
53155833,3081315,3096913,1158,3096913,16440,15598
53419833,3099749,3122437,1158,3122437,23142,22688
53665833,3113929,3150797,1158,3150797,36497,36868
53986833,3133781,3166395,1158,3166395,32027,32614
54418833,3162141,3193337,1158,3193337,30299,31196
54933833,3196173,3250057,1158,3250057,53952,53884
55415833,3224533,3255729,1158,3255729,28004,31196
56199833,3279835,3302523,1158,3302523,23443,22688
56609833,3305359,3336555,1158,3336555,30795,31196
56977833,3330883,3357825,1158,3357825,26248,26942
57438833,3360661,3379095,1158,3379095,17537,18434
57817833,3383349,3396111,1158,3396111,13775,12762
58086833,3398947,3414545,1158,3414545,16623,15598
58332833,3414545,3432979,1158,3432979,19153,18434
58582833,3430143,3445741,1158,3445741,16059,15598
58856833,3448577,3462757,1158,3462757,14548,14180
59104833,3464175,3482609,1158,3482609,19730,18434
59340833,3478355,3496789,1158,3496789,17480,18434
59621833,3496789,3509551,1158,3509551,13182,12762
59888833,3509551,3519477,1158,3519477,11173,9926
