timestamp,rWnd0,rWnd1
611833,1073725440,1073725440
611833,1073725440,1073725440
829833,1073725440,1073725440
1052833,1073725440,1073725440
1329833,1073725440,1073725440
1581833,1073725440,1073725440
1819833,1073725440,1073725440
2052833,1073725440,1073725440
2313833,1073725440,1073725440
2555833,1073725440,1073725440
2861833,1073725440,1073725440
3189833,1073725440,1073725440
3445833,1073725440,1073725440
3687833,1073725440,1073725440
3921833,1073725440,1073725440
4174833,1073725440,1073725440
4479833,1073725440,1073725440
4762833,1073725440,1073725440
5008833,1073725440,1073725440
5244833,1073725440,1073725440
5478833,1073725440,1073725440
5710833,1073725440,1073725440
5953833,1073725440,1073725440
6197833,1073725440,1073725440
6442833,1073725440,1073725440
6681833,1073725440,1073725440
6916833,1073725440,1073725440
7150833,1073725440,1073725440
7383833,1073725440,1073725440
7616833,1073725440,1073725440
7862833,1073725440,1073725440
8098833,1073725440,1073725440
8331833,1073725440,1073725440
8562833,1073725440,1073725440
8797833,1073725440,1073725440
9029833,1073725440,1073725440
9264833,1073725440,1073725440
9496833,1073725440,1073725440
9727833,1073725440,1073725440
9968833,1073725440,1073725440
10212833,1073725440,1073725440
10499833,1073725440,1073725440
10872833,1073725440,1073725440
11212833,1073725440,1073725440
11529833,1073725440,1073725440
11796833,1073725440,1073725440
12178833,1073725440,1073725440
12553833,1073725440,1073725440
12817833,1073725440,1073725440
13064833,1073725440,1073725440
13303833,1073725440,1073725440
13559833,1073725440,1073725440
13799833,1073725440,1073725440
14090833,1073725440,1073725440
14393833,1073725440,1073725440
14665833,1073725440,1073725440
14912833,1073725440,1073725440
15150833,1073725440,1073725440
15383833,1073725440,1073725440
15632833,1073725440,1073725440
15870833,1073725440,1073725440
16103833,1073725440,1073725440
16334833,1073725440,1073725440
16565833,1073725440,1073725440
16798833,1073725440,1073725440
17029833,1073725440,1073725440
17260833,1073725440,1073725440
17490833,1073725440,1073725440
17720833,1073725440,1073725440
17950833,1073725440,1073725440
18180833,1073725440,1073725440
18410833,1073725440,1073725440
18640833,1073725440,1073725440
18875833,1073725440,1073725440
19111833,1073725440,1073725440
19344833,1073725440,1073725440
19575833,1073725440,1073725440
19807833,1073725440,1073725440
20038833,1073725440,1073725440
20268833,1073725440,1073725440
20509833,1073725440,1073725440
20742833,1073725440,1073725440
21005833,1073725440,1073725440
21249833,1073725440,1073725440
21484833,1073725440,1073725440
21716833,1073725440,1073725440
21985833,1073725440,1073725440
22267833,1073725440,1073725440
22517833,1073725440,1073725440
22828833,1073725440,1073725440
23139833,1073725440,1073725440
23448833,1073725440,1073725440
23739833,1073725440,1073725440
24081833,1073725440,1073725440
24487833,1073725440,1073725440
24951833,1073725440,1073725440
25563833,1073725440,1073725440
26424833,1073725440,1073725440
27486833,1073725440,1073725440
28175833,1073725440,1073725440
28866833,1073725440,1073725440
29556833,1073725440,1073725440
30247833,1073725440,1073725440
31008833,1073725440,1073725440
31664833,1073725440,1073725440
32354833,1073725440,1073725440
32975833,1073725440,1073725440
33594833,1073725440,1073725440
34213833,1073725440,1073725440
34583833,1073725440,1073725440
34941833,1073725440,1073725440
35412833,1073725440,1073725440
35829833,1073725440,1073725440
36225833,1073725440,1073725440
36543833,1073725440,1073725440
36801833,1073725440,1073725440
37061833,1073725440,1073725440
37400833,1073725440,1073725440
37856833,1073725440,1073725440
38263833,1073725440,1073725440
38579833,1073725440,1073725440
38909833,1073725440,1073725440
39298833,1073725440,1073725440
39720833,1073725440,1073725440
40010833,1073725440,1073725440
40261833,1073725440,1073725440
40562833,1073725440,1073725440
40821833,1073725440,1073725440
41061833,1073725440,1073725440
41297833,1073725440,1073725440
41617833,1073725440,1073725440
41949833,1073725440,1073725440
42233833,1073725440,1073725440
42592833,1073725440,1073725440
42969833,1073725440,1073725440
43330833,1073725440,1073725440
43708833,1073725440,1073725440
44052833,1073725440,1073725440
44303833,1073725440,1073725440
44540833,1073725440,1073725440
44817833,1073725440,1073725440
45080833,1073725440,1073725440
45323833,1073725440,1073725440
45562833,1073725440,1073725440
45886833,1073725440,1073725440
46298833,1073725440,1073725440
46708833,1073725440,1073725440
47053833,1073725440,1073725440
47310833,1073725440,1073725440
47551833,1073725440,1073725440
47786833,1073725440,1073725440
48018833,1073725440,1073725440
48249833,1073725440,1073725440
48481833,1073725440,1073725440
48712833,1073725440,1073725440
48942833,1073725440,1073725440
49177833,1073725440,1073725440
49410833,1073725440,1073725440
49642833,1073725440,1073725440
49873833,1073725440,1073725440
50103833,1073725440,1073725440
50337833,1073725440,1073725440
50600833,1073725440,1073725440
50877833,1073725440,1073725440
51160833,1073725440,1073725440
51405833,1073725440,1073725440
51644833,1073725440,1073725440
51915833,1073725440,1073725440
52244833,1073725440,1073725440
52529833,1073725440,1073725440
52945833,1073725440,1073725440
53382833,1073725440,1073725440
54051833,1073725440,1073725440
54412833,1073725440,1073725440
54666833,1073725440,1073725440
54907833,1073725440,1073725440
55210833,1073725440,1073725440
55554833,1073725440,1073725440
55819833,1073725440,1073725440
56062833,1073725440,1073725440
56301833,1073725440,1073725440
56654833,1073725440,1073725440
57174833,1073725440,1073725440
57700833,1073725440,1073725440
58186833,1073725440,1073725440
58515833,1073725440,1073725440
58786833,1073725440,1073725440
59031833,1073725440,1073725440
59274833,1073725440,1073725440
59607833,1073725440,1073725440
59937833,1073725440,1073725440
