timestamp,rtt0,rtt1
611833,218,184
611833,218,184
829833,223,184
1052833,277,219
1329833,252,221
1581833,238,222
1819833,233,223
2052833,261,224
2313833,242,225
2555833,306,226
2861833,328,226
3189833,256,227
3445833,242,227
3687833,234,227
3921833,253,228
4174833,305,228
4479833,283,228
4762833,246,228
5008833,236,229
5244833,234,229
5478833,232,229
5710833,243,229
5953833,244,229
6197833,245,229
6442833,239,229
6681833,235,229
6916833,234,229
7150833,233,229
7383833,233,229
7616833,246,229
7862833,236,229
8098833,233,230
8331833,231,230
8562833,235,230
8797833,232,230
9029833,235,230
9264833,232,230
9496833,231,230
9727833,241,230
9968833,244,230
10212833,287,230
10499833,373,230
10872833,340,230
11212833,317,230
11529833,267,230
11796833,382,230
12178833,375,230
12553833,264,230
12817833,247,230
13064833,239,230
13303833,256,230
13559833,240,230
13799833,291,230
14090833,303,230
14393833,272,230
14665833,247,230
14912833,238,230
15150833,233,230
15383833,249,230
15632833,238,230
15870833,233,230
16103833,231,230
16334833,231,230
16565833,233,230
16798833,231,230
17029833,231,230
17260833,230,230
17490833,230,230
17720833,230,230
17950833,230,230
18180833,230,230
18410833,230,230
18640833,235,230
18875833,236,230
19111833,233,230
19344833,231,230
19575833,232,230
19807833,231,230
20038833,230,230
20268833,241,230
20509833,233,230
20742833,263,230
21005833,244,230
21249833,235,230
21484833,232,230
21716833,269,230
21985833,282,230
22267833,250,230
22517833,311,230
22828833,311,230
23139833,309,230
23448833,291,230
23739833,342,230
24081833,406,230
24487833,464,230
24951833,612,230
25563833,861,230
26424833,1062,230
27486833,689,230
28175833,691,230
28866833,690,230
29556833,691,230
30247833,761,230
31008833,656,230
31664833,690,230
32354833,621,230
32975833,619,230
33594833,619,230
34213833,370,230
34583833,358,230
34941833,471,230
35412833,417,230
35829833,396,230
36225833,318,230
36543833,258,230
36801833,260,230
37061833,339,230
37400833,456,230
37856833,407,230
38263833,316,230
38579833,330,230
38909833,389,230
39298833,422,230
39720833,290,230
40010833,251,230
40261833,301,230
40562833,259,230
40821833,240,230
41061833,236,230
41297833,320,230
41617833,332,230
41949833,284,230
42233833,359,230
42592833,377,230
42969833,361,230
43330833,378,230
43708833,344,230
44052833,251,230
44303833,237,230
44540833,277,230
44817833,263,230
45080833,243,230
45323833,239,230
45562833,324,230
45886833,412,230
46298833,410,230
46708833,345,230
47053833,257,230
47310833,241,230
47551833,235,230
47786833,232,230
48018833,231,230
48249833,232,230
48481833,231,230
48712833,230,230
48942833,235,230
49177833,233,230
49410833,232,230
49642833,231,230
49873833,230,230
50103833,234,230
50337833,263,230
50600833,277,230
50877833,283,230
51160833,245,230
51405833,239,230
51644833,271,230
51915833,329,230
52244833,285,230
52529833,416,230
52945833,437,230
53382833,669,230
54051833,361,230
54412833,254,230
54666833,241,230
54907833,303,230
55210833,344,230
55554833,265,230
55819833,243,230
56062833,239,230
56301833,353,230
56654833,520,230
57174833,526,230
57700833,486,230
58186833,329,230
58515833,271,230
58786833,245,230
59031833,243,230
59274833,333,230
59607833,330,230
59937833,260,230
