timestamp,unAck0,unAck1
611833,5672,5672
611833,5672,5672
829833,12762,5672
1052833,12762,1418
1329833,11344,1418
1581833,9926,1418
1819833,14180,1418
2052833,12762,1418
2313833,19852,1418
2555833,19852,1418
2861833,12762,1418
3189833,14180,1418
3445833,12762,1418
3687833,15598,1418
3921833,19852,1418
4174833,15598,1418
4479833,11344,1418
4762833,9926,1418
5008833,5672,1418
5244833,4254,1418
5478833,9926,1418
5710833,11344,1418
5953833,12762,1418
6197833,4254,1418
6442833,5672,1418
6681833,2836,1418
6916833,2836,1418
7150833,5672,1418
7383833,9926,1418
7616833,9926,1418
7862833,9926,1418
8098833,5672,1418
8331833,9926,1418
8562833,7090,1418
8797833,9926,1418
9029833,9926,1418
9264833,9926,1418
9496833,12762,1418
9727833,14180,1418
9968833,18434,1418
10212833,25524,1418
10499833,9926,0
10872833,18434,1418
11212833,14180,0
11529833,25524,1418
11796833,21270,1418
12178833,12762,1418
12553833,7090,1418
12817833,5672,1418
13064833,11344,1418
13303833,11344,1418
13559833,17016,1418
13799833,18434,1418
14090833,15598,1418
14393833,9926,1418
14665833,8508,1418
14912833,8508,1418
15150833,11344,1418
15383833,9926,1418
15632833,9926,1418
15870833,9926,1418
16103833,9926,1418
16334833,9926,1418
16565833,11344,1418
16798833,8508,1418
17029833,8508,1418
17260833,8508,1418
17490833,7090,1418
17720833,5672,1418
17950833,7090,1418
18180833,7090,1418
18410833,9926,1418
18640833,11344,1418
18875833,8508,1418
19111833,8508,1418
19344833,11344,1418
19575833,9926,1418
19807833,9926,1418
20038833,12762,1418
20268833,12762,1418
20509833,15598,1418
20742833,11344,1418
21005833,12762,1418
21249833,11344,1418
21484833,17016,1418
21716833,17016,1418
21985833,14180,1418
22267833,19852,0
22517833,18434,1418
22828833,18434,1418
23139833,17016,1418
23448833,21270,1418
23739833,25524,1418
24081833,28360,1418
24487833,38286,1418
24951833,55302,1418
25563833,63810,1418
26424833,36868,1418
27486833,41122,1418
28175833,41122,1418
28866833,41122,1418
29556833,45376,1418
30247833,36868,1418
31008833,41122,1418
31664833,36868,1418
32354833,36868,1418
32975833,36868,1418
33594833,22688,1418
34213833,21270,1418
34583833,29778,1418
34941833,24106,1418
35412833,24106,1418
35829833,19852,1418
36225833,14180,1418
36543833,15598,1418
36801833,22688,1418
37061833,32614,1418
37400833,24106,1418
37856833,17016,1418
38263833,19852,0
38579833,24106,1418
38909833,24106,1418
39298833,18434,1418
39720833,12762,1418
40010833,18434,1418
40261833,12762,1418
40562833,9926,1418
40821833,11344,1418
41061833,19852,1418
41297833,19852,1418
41617833,15598,1418
41949833,22688,1418
42233833,22688,1418
42592833,21270,1418
42969833,22688,1418
43330833,21270,1418
43708833,14180,1418
44052833,12762,1418
44303833,17016,1418
44540833,15598,1418
44817833,14180,1418
45080833,14180,1418
45323833,22688,1418
45562833,26942,1418
45886833,24106,1418
46298833,19852,1418
46708833,9926,1418
47053833,8508,1418
47310833,8508,1418
47551833,7090,1418
47786833,8508,1418
48018833,9926,1418
48249833,7090,1418
48481833,5672,1418
48712833,8508,1418
48942833,5672,1418
49177833,5672,1418
49410833,7090,1418
49642833,5672,1418
49873833,8508,1418
50103833,14180,1418
50337833,17016,1418
50600833,17016,1418
50877833,12762,1418
51160833,14180,1418
51405833,17016,1418
51644833,21270,1418
51915833,14180,1418
52244833,28360,1418
52529833,25524,1418
52945833,45376,1418
53382833,28360,0
54051833,14180,1418
54412833,14180,1418
54666833,19852,1418
54907833,21270,1418
55210833,12762,1418
55554833,14180,1418
55819833,14180,1418
56062833,32614,1418
56301833,32614,1418
56654833,29778,1418
57174833,29778,1418
57700833,22688,1418
58186833,15598,1418
58515833,11344,1418
58786833,11344,1418
59031833,22688,1418
59274833,18434,1418
59607833,11344,1418
59937833,5672,1418
