timestamp,availableTxBuffer0,availableTxBuffer1
611833,246472,246472
611833,246472,246472
829833,239382,246472
1052833,239382,250726
1329833,240800,250726
1581833,242218,250726
1819833,237964,250726
2052833,239382,250726
2313833,232292,250726
2555833,232292,250726
2861833,239382,250726
3189833,237964,250726
3445833,239382,250726
3687833,236546,250726
3921833,232292,250726
4174833,236546,250726
4479833,240800,250726
4762833,242218,250726
5008833,246472,250726
5244833,247890,250726
5478833,242218,250726
5710833,240800,250726
5953833,239382,250726
6197833,247890,250726
6442833,246472,250726
6681833,249308,250726
6916833,249308,250726
7150833,246472,250726
7383833,242218,250726
7616833,242218,250726
7862833,242218,250726
8098833,246472,250726
8331833,242218,250726
8562833,245054,250726
8797833,242218,250726
9029833,242218,250726
9264833,242218,250726
9496833,239382,250726
9727833,237964,250726
9968833,233710,250726
10212833,226620,250726
10499833,242218,252144
10872833,233710,250726
11212833,237964,252144
11529833,226620,250726
11796833,230874,250726
12178833,239382,250726
12553833,245054,250726
12817833,246472,250726
13064833,240800,250726
13303833,240800,250726
13559833,235128,250726
13799833,233710,250726
14090833,236546,250726
14393833,242218,250726
14665833,243636,250726
14912833,243636,250726
15150833,240800,250726
15383833,242218,250726
15632833,242218,250726
15870833,242218,250726
16103833,242218,250726
16334833,242218,250726
16565833,240800,250726
16798833,243636,250726
17029833,243636,250726
17260833,243636,250726
17490833,245054,250726
17720833,246472,250726
17950833,245054,250726
18180833,245054,250726
18410833,242218,250726
18640833,240800,250726
18875833,243636,250726
19111833,243636,250726
19344833,240800,250726
19575833,242218,250726
19807833,242218,250726
20038833,239382,250726
20268833,239382,250726
20509833,236546,250726
20742833,240800,250726
21005833,239382,250726
21249833,240800,250726
21484833,235128,250726
21716833,235128,250726
21985833,237964,250726
22267833,232292,252144
22517833,233710,250726
22828833,233710,250726
23139833,235128,250726
23448833,230874,250726
23739833,226620,250726
24081833,223784,250726
24487833,213858,250726
24951833,196842,250726
25563833,188334,250726
26424833,215276,250726
27486833,211022,250726
28175833,211022,250726
28866833,211022,250726
29556833,206768,250726
30247833,215276,250726
31008833,211022,250726
31664833,215276,250726
32354833,215276,250726
32975833,215276,250726
33594833,229456,250726
34213833,230874,250726
34583833,222366,250726
34941833,228038,250726
35412833,228038,250726
35829833,232292,250726
36225833,237964,250726
36543833,236546,250726
36801833,229456,250726
37061833,219530,250726
37400833,228038,250726
37856833,235128,250726
38263833,232292,252144
38579833,228038,250726
38909833,228038,250726
39298833,233710,250726
39720833,239382,250726
40010833,233710,250726
40261833,239382,250726
40562833,242218,250726
40821833,240800,250726
41061833,232292,250726
41297833,232292,250726
41617833,236546,250726
41949833,229456,250726
42233833,229456,250726
42592833,230874,250726
42969833,229456,250726
43330833,230874,250726
43708833,237964,250726
44052833,239382,250726
44303833,235128,250726
44540833,236546,250726
44817833,237964,250726
45080833,237964,250726
45323833,229456,250726
45562833,225202,250726
45886833,228038,250726
46298833,232292,250726
46708833,242218,250726
47053833,243636,250726
47310833,243636,250726
47551833,245054,250726
47786833,243636,250726
48018833,242218,250726
48249833,245054,250726
48481833,246472,250726
48712833,243636,250726
48942833,246472,250726
49177833,246472,250726
49410833,245054,250726
49642833,246472,250726
49873833,243636,250726
50103833,237964,250726
50337833,235128,250726
50600833,235128,250726
50877833,239382,250726
51160833,237964,250726
51405833,235128,250726
51644833,230874,250726
51915833,237964,250726
52244833,223784,250726
52529833,226620,250726
52945833,206768,250726
53382833,223784,252144
54051833,237964,250726
54412833,237964,250726
54666833,232292,250726
54907833,230874,250726
55210833,239382,250726
55554833,237964,250726
55819833,237964,250726
56062833,219530,250726
56301833,219530,250726
56654833,222366,250726
57174833,222366,250726
57700833,229456,250726
58186833,236546,250726
58515833,240800,250726
58786833,240800,250726
59031833,229456,250726
59274833,233710,250726
59607833,240800,250726
59937833,246472,250726
