timestamp,cWnd0,cWnd1
611833,5672,5672
611833,13455,1500
829833,13455,1500
1052833,12813,1500
1329833,12042,1500
1581833,10886,1500
1819833,15328,1500
2052833,13792,1500
2313833,20675,1500
2555833,20884,1500
2861833,13418,1500
3189833,15535,1500
3445833,13472,1500
3687833,16707,1500
3921833,20901,1500
4174833,16121,1500
4479833,11372,1500
4762833,10355,1500
5008833,5693,1500
5244833,5322,1500
5478833,11030,1500
5710833,11970,1500
5953833,13277,1500
6197833,5032,1500
6442833,5915,1500
6681833,3745,1500
6916833,3706,1500
7150833,6024,1500
7383833,10077,1500
7616833,10192,1500
7862833,10287,1500
8098833,6730,1500
8331833,10584,1500
8562833,8206,1500
8797833,10087,1500
9029833,11260,1500
9264833,10261,1500
9496833,12787,1500
9727833,15531,1500
9968833,18508,1500
10212833,26224,1500
10499833,10643,1500
10872833,19391,1500
11212833,15551,1500
11529833,25890,1500
11796833,21507,1500
12178833,13454,1500
12553833,7618,1500
12817833,6498,1500
13064833,12339,1500
13303833,12607,1500
13559833,17339,1500
13799833,19191,1500
14090833,16566,1500
14393833,11261,1500
14665833,9252,1500
14912833,9830,1500
15150833,12039,1500
15383833,10088,1500
15632833,10579,1500
15870833,10835,1500
16103833,10974,1500
16334833,12372,1500
16565833,12126,1500
16798833,9730,1500
17029833,9911,1500
17260833,8642,1500
17490833,7539,1500
17720833,6735,1500
17950833,7273,1500
18180833,7433,1500
18410833,10130,1500
18640833,12137,1500
18875833,8542,1500
19111833,9213,1500
19344833,11691,1500
19575833,11194,1500
19807833,11020,1500
20038833,14127,1500
20268833,14027,1500
20509833,16644,1500
20742833,12073,1500
21005833,13864,1500
21249833,12707,1500
21484833,17258,1500
21716833,18267,1500
21985833,14286,1500
22267833,19953,1500
22517833,18612,1500
22828833,19247,1500
23139833,17608,1500
23448833,21992,1500
23739833,25792,1500
24081833,28561,1500
24487833,38452,1500
24951833,56520,1500
25563833,65201,1500
26424833,39235,1500
27486833,42200,1500
28175833,42255,1500
28866833,42208,1500
29556833,46495,1500
30247833,37881,1500
31008833,41534,1500
31664833,37711,1500
32354833,37547,1500
32975833,37995,1500
33594833,23402,1500
34213833,22658,1500
34583833,30118,1500
34941833,24898,1500
35412833,24949,1500
35829833,21003,1500
36225833,15469,1500
36543833,16644,1500
36801833,23421,1500
37061833,32847,1500
37400833,24664,1500
37856833,17964,1500
38263833,20363,1500
38579833,24812,1500
38909833,25953,1500
39298833,19833,1500
39720833,13833,1500
40010833,19645,1500
40261833,13176,1500
40562833,11260,1500
40821833,12136,1500
41061833,20430,1500
41297833,19913,1500
41617833,16595,1500
41949833,23848,1500
42233833,22743,1500
42592833,22571,1500
42969833,23523,1500
43330833,21359,1500
43708833,14516,1500
44052833,12974,1500
44303833,17243,1500
44540833,17003,1500
44817833,15025,1500
45080833,14669,1500
45323833,22762,1500
45562833,26977,1500
45886833,25163,1500
46298833,20945,1500
46708833,10655,1500
47053833,8596,1500
47310833,9072,1500
47551833,8502,1500
47786833,9347,1500
48018833,9941,1500
48249833,7671,1500
48481833,6349,1500
48712833,8874,1500
48942833,7588,1500
49177833,6078,1500
49410833,7325,1500
49642833,7020,1500
49873833,9279,1500
50103833,14437,1500
50337833,18073,1500
50600833,17201,1500
50877833,13711,1500
51160833,14745,1500
51405833,17857,1500
51644833,22486,1500
51915833,15302,1500
52244833,29153,1500
52529833,26651,1500
52945833,45516,1500
53382833,29319,1500
54051833,15439,1500
54412833,15250,1500
54666833,20471,1500
54907833,22297,1500
55210833,12957,1500
55554833,15351,1500
55819833,14908,1500
56062833,33563,1500
56301833,33393,1500
56654833,32049,1500
57174833,30644,1500
57700833,23027,1500
58186833,16555,1500
58515833,12675,1500
58786833,12805,1500
59031833,22729,1500
59274833,18443,1500
59607833,12004,1500
59937833,8239,1500
