timestamp,lastAckedSeq,highTxMark,availableTxBuffer,nextTxSeq,totalCwnd,unAckMeta
611833,5673,17017,1158,17017,11344,11344
611833,5673,17017,1158,17017,14955,11344
829833,11345,29779,1158,29779,14955,18434
1052833,29779,43959,1158,43959,14313,14180
1329833,43959,56721,1158,56721,13542,12762
1581833,56721,68065,1158,68065,12386,11344
1819833,69483,85081,1158,85081,16828,15598
2052833,85081,99261,1158,99261,15292,14180
2313833,100679,123367,1158,123367,22175,22688
2555833,116277,138965,1158,138965,22384,22688
2861833,136129,151727,1158,151727,14918,15598
3189833,157399,172997,1158,172997,17035,15598
3445833,172997,187177,1158,187177,14972,14180
3687833,188595,205611,1158,205611,18207,17016
3921833,204193,225463,1158,225463,22401,21270
4174833,219791,236807,1158,236807,17621,17016
4479833,238225,250987,1158,250987,12872,12762
4762833,252405,263749,1158,263749,11855,11344
5008833,263749,270839,1158,270839,7193,7090
5244833,270839,276511,1158,276511,6822,5672
5478833,277929,289273,1158,289273,12530,11344
5710833,289273,302035,1158,302035,13470,12762
5953833,302035,316215,1158,316215,14777,14180
6197833,316215,321887,1158,321887,6532,5672
6442833,323305,330395,1158,330395,7415,7090
6681833,330395,334649,1158,334649,5245,4254
6916833,334649,338903,1158,338903,5206,4254
7150833,340321,347411,1158,347411,7524,7090
7383833,347411,358755,1158,358755,11577,11344
7616833,358755,370099,1158,370099,11692,11344
7862833,370099,381443,1158,381443,11787,11344
8098833,381443,388533,1158,388533,8230,7090
8331833,389951,401295,1158,401295,12084,11344
8562833,401295,409803,1158,409803,9706,8508
8797833,409803,421147,1158,421147,11587,11344
9029833,421147,432491,1158,432491,12760,11344
9264833,432491,443835,1158,443835,11761,11344
9496833,443835,458015,1158,458015,14287,14180
9727833,458015,473613,1158,473613,17031,15598
9968833,473613,493465,1158,493465,20008,19852
10212833,489211,516153,1158,516153,27724,26942
10499833,507645,518989,1158,518989,12143,11344
10872833,528915,548767,1158,548767,20891,19852
11212833,550185,565783,1158,565783,17051,15598
11529833,571455,599815,1158,599815,27390,28360
11796833,588471,612577,1158,612577,23007,24106
12178833,613995,628175,1158,628175,14954,14180
12553833,631011,639519,1158,639519,9118,8508
12817833,639519,646609,1158,646609,7998,7090
13064833,648027,660789,1158,660789,13839,12762
13303833,660789,673551,1158,673551,14107,12762
13559833,676387,694821,1158,694821,18839,18434
13799833,691985,711837,1158,711837,20691,19852
14090833,710419,728853,1158,728853,18066,18434
14393833,728853,740197,1158,740197,12761,11344
14665833,740197,750123,1158,750123,10752,9926
14912833,750123,760049,1158,760049,11330,9926
15150833,761467,774229,1158,774229,13539,12762
15383833,774229,785573,1158,785573,11588,11344
15632833,785573,796917,1158,796917,12079,11344
15870833,796917,808261,1158,808261,12335,11344
16103833,808261,819605,1158,819605,12474,11344
16334833,821023,832367,2576,832367,13872,11344
16565833,832367,845129,1158,845129,13626,12762
16798833,845129,855055,1158,855055,11230,9926
17029833,855055,864981,1158,864981,11411,9926
17260833,864981,874907,1158,874907,10142,9926
17490833,874907,883415,1158,883415,9039,8508
17720833,883415,890505,1158,890505,8235,7090
17950833,890505,899013,1158,899013,8773,8508
18180833,899013,907521,1158,907521,8933,8508
18410833,907521,918865,1158,918865,11630,11344
18640833,918865,931627,1158,931627,13637,12762
18875833,931627,941553,1158,941553,10042,9926
19111833,941553,951479,1158,951479,10713,9926
19344833,952897,965659,1158,965659,13191,12762
19575833,965659,977003,1158,977003,12694,11344
19807833,977003,988347,1158,988347,12520,11344
20038833,988347,1002527,1158,1002527,15627,14180
20268833,1002527,1016707,1158,1016707,15527,14180
20509833,1016707,1033723,1158,1033723,18144,17016
20742833,1032305,1045067,1158,1045067,13573,12762
21005833,1046485,1060665,1158,1060665,15364,14180
21249833,1060665,1073427,1158,1073427,14207,12762
21484833,1074845,1093279,1158,1093279,18758,18434
21716833,1089025,1107459,1158,1107459,19767,18434
21985833,1107459,1123057,1158,1123057,15786,15598
22267833,1124475,1145745,1158,1145745,21453,21270
22517833,1141491,1162761,1158,1162761,20112,21270
22828833,1162761,1182613,1158,1182613,20747,19852
23139833,1182613,1201047,1158,1201047,19108,18434
23448833,1202465,1225153,1158,1225153,23492,22688
23739833,1220899,1249259,1158,1249259,27292,28360
24081833,1242169,1273365,1158,1273365,30061,31196
24487833,1269111,1310233,1158,1310233,39952,41122
24951833,1298889,1358445,1158,1358445,58020,59556
25563833,1335757,1405239,1158,1405239,66701,69482
26424833,1392477,1436435,2576,1436435,40735,43958
27486833,1463377,1508753,1158,1508753,43700,45376
28175833,1508753,1554129,1158,1554129,43755,45376
28866833,1554129,1599505,1158,1599505,43708,45376
29556833,1599505,1649135,1158,1649135,47995,49630
30247833,1644881,1686003,1158,1686003,39381,41122
31008833,1694511,1739887,1158,1739887,43034,45376
31664833,1737051,1778173,1158,1778173,39211,41122
32354833,1782427,1823549,1158,1823549,39047,41122
32975833,1823549,1863253,1158,1863253,39495,39704
33594833,1864671,1890195,1158,1890195,24902,25524
34213833,1905793,1929899,1158,1929899,24158,24106
34583833,1929899,1961095,1158,1961095,31618,31196
34941833,1951169,1979529,1158,1979529,26398,28360
35412833,1983783,2010725,1158,2010725,26449,26942
35829833,2012143,2033413,1158,2033413,22503,21270
36225833,2037667,2053265,1158,2053265,16969,15598
36543833,2057519,2074535,1158,2074535,18144,17016
36801833,2074535,2098641,1158,2098641,24921,24106
37061833,2091551,2125583,1158,2125583,34347,34032
37400833,2112821,2139763,1158,2139763,26164,26942
37856833,2144017,2162451,1158,2162451,19464,18434
38263833,2169541,2190811,1158,2190811,21863,21270
38579833,2190811,2217753,1158,2217753,26312,26942
38909833,2213499,2239023,3994,2239023,27453,25524
39298833,2237605,2258875,1158,2258875,21333,21270
39720833,2265965,2280145,1158,2280145,15333,14180
40010833,2282981,2302833,1158,2302833,21145,19852
40261833,2299997,2314177,1158,2314177,14676,14180
40562833,2314177,2325521,1158,2325521,12760,11344
40821833,2328357,2341119,1158,2341119,13636,12762
41061833,2341119,2362389,1158,2362389,21930,21270
41297833,2356717,2377987,1158,2377987,21413,21270
41617833,2376569,2395003,1158,2395003,18095,18434
41949833,2399257,2423363,1158,2423363,25348,24106
42233833,2417691,2441797,1158,2441797,24243,24106
42592833,2440379,2464485,1158,2464485,24071,24106
42969833,2465903,2490009,1158,2490009,25023,24106
43330833,2488591,2512697,1158,2512697,22859,24106
43708833,2514115,2529713,1158,2529713,16016,15598
44052833,2536803,2550983,1158,2550983,14474,14180
44303833,2550983,2569417,1158,2569417,18743,18434
44540833,2566581,2583597,1158,2583597,18503,17016
44817833,2585015,2600613,1158,2600613,16525,15598
45080833,2602031,2617629,1158,2617629,16169,15598
45323833,2617629,2641735,1158,2641735,24262,24106
45562833,2633227,2661587,1158,2661587,28477,28360
45886833,2654497,2681439,1158,2681439,26663,26942
46298833,2681439,2702709,1158,2702709,22445,21270
46708833,2704127,2715471,1158,2715471,12155,11344
47053833,2722561,2732487,1158,2732487,10096,9926
47310833,2733905,2743831,1158,2743831,10572,9926
47551833,2743831,2752339,1158,2752339,10002,8508
47786833,2753757,2763683,1158,2763683,10847,9926
48018833,2763683,2775027,1158,2775027,11441,11344
48249833,2775027,2783535,1158,2783535,9171,8508
48481833,2783535,2790625,1158,2790625,7849,7090
48712833,2790625,2800551,1158,2800551,10374,9926
48942833,2800551,2807641,2576,2807641,9088,7090
49177833,2807641,2814731,1158,2814731,7578,7090
49410833,2816149,2824657,1158,2824657,8825,8508
49642833,2824657,2831747,1158,2831747,8520,7090
49873833,2831747,2841673,1158,2841673,10779,9926
50103833,2841673,2857271,1158,2857271,15937,15598
50337833,2855853,2874287,1158,2874287,19573,18434
50600833,2872869,2891303,1158,2891303,18701,18434
50877833,2891303,2905483,1158,2905483,15211,14180
51160833,2908319,2923917,1158,2923917,16245,15598
51405833,2923917,2942351,1158,2942351,19357,18434
51644833,2939515,2962203,1158,2962203,23986,22688
51915833,2957949,2973547,1158,2973547,16802,15598
52244833,2979219,3010415,1158,3010415,30653,31196
52529833,2996235,3024595,1158,3024595,28151,28360
52945833,3024595,3072807,1158,3072807,47016,48212
53382833,3050119,3082733,1158,3082733,30819,32614
54051833,3096913,3112511,1158,3112511,16939,15598
54412833,3121019,3136617,1158,3136617,16750,15598
54666833,3138035,3159305,1158,3159305,21971,21270
54907833,3152215,3176321,1158,3176321,23797,24106
55210833,3173485,3187665,1158,3187665,14457,14180
55554833,3194755,3210353,1158,3210353,16851,15598
55819833,3213189,3228787,1158,3228787,16408,15598
56062833,3228787,3262819,1158,3262819,35063,34032
56301833,3242967,3278417,1158,3278417,34893,35450
56654833,3265655,3298269,2576,3298269,33549,32614
57174833,3298269,3330883,1158,3330883,32144,32614
57700833,3333719,3359243,1158,3359243,24527,25524
58186833,3367751,3384767,1158,3384767,18055,17016
58515833,3386185,3398947,1158,3398947,14175,12762
58786833,3401783,3414545,2576,3414545,14305,12762
59031833,3415963,3440069,1158,3440069,24229,24106
59274833,3431561,3451413,1158,3451413,19943,19852
59607833,3452831,3465593,1158,3465593,13504,12762
59937833,3467011,3474101,2576,3474101,9739,7090
