timestamp,unAck0,unAck1
611833,5672,5672
611833,5672,5672
829833,11344,5672
1052833,12762,1418
1313833,9926,1418
1560833,18434,1418
1796833,15598,1418
2101833,15598,1418
2376833,14180,1418
2640833,17016,1418
2884833,15598,1418
3159833,11344,1418
3424833,11344,1418
3666833,9926,1418
3900833,8508,1418
4132833,12762,1418
4363833,17016,1418
4605833,24106,1418
4888833,31196,1418
5250833,18434,1418
5725833,12762,1418
6030833,17016,1418
6289833,19852,1418
6570833,19852,1418
6889833,8508,1418
7237833,8508,1418
7521833,11344,1418
7775833,11344,1418
8022833,7090,1418
8258833,9926,1418
8491833,22688,1418
8725833,14180,1418
9056833,15598,1418
9346833,11344,1418
9614833,11344,1418
9856833,11344,1418
10090833,18434,1418
10321833,29778,1418
10622833,22688,1418
11026833,19852,1418
11426833,22688,1418
11778833,18434,1418
12154833,29778,1418
12484833,26942,1418
12949833,49630,1418
13408833,32614,1418
14152833,42540,1418
14809833,29778,1418
15522833,39704,1418
16109833,19852,1418
16773833,25524,1418
17211833,15598,1418
17661833,21270,1418
17990833,14180,1418
18342833,12762,1418
18596833,9926,1418
18834833,12762,1418
19067833,18434,1418
19299833,9926,1418
19588833,7090,1418
19858833,7090,1418
20108833,8508,0
20347833,8508,1418
20581833,8508,1418
20813833,8508,1418
21043833,7090,1418
21273833,7090,1418
21503833,12762,1418
21733833,29778,1418
21976833,19852,1418
22326833,18434,1418
22737833,18434,1418
23056833,18434,1418
23366833,25524,1418
23675833,26942,1418
24074833,17016,1418
24517833,15598,1418
24806833,18434,1418
25074833,17016,0
25373833,14180,1418
25656833,19852,1418
25909833,22688,1418
26219833,18434,1418
26579833,21270,1418
26904833,12762,1418
27256833,17016,1418
27532833,9926,1418
27815833,8508,1418
28066833,7090,1418
28305833,8508,1418
28540833,12762,1418
28772833,11344,1418
29020833,11344,1418
29257833,11344,1418
29489833,9926,1418
29720833,9926,1418
29950833,8508,1418
30180833,8508,1418
30410833,11344,1418
30640833,8508,1418
30871833,7090,1418
31101833,5672,1418
31331833,5672,1418
31561833,8508,1418
31791833,11344,1418
32022833,8508,1418
32260833,11344,1418
32494833,14180,1418
32726833,9926,1418
32974833,12762,1418
33211833,8508,1418
33447833,9926,1418
33680833,5672,1418
33911833,5672,1418
34142833,2836,1418
34373833,2836,1418
34603833,2836,1418
34833833,2836,1418
35063833,2836,1418
35293833,2836,1418
35523833,5672,1418
35753833,8508,1418
35987833,14180,1418
36230833,19852,1418
36505833,24106,1418
36819833,24106,1418
37199833,34032,1418
37600833,38286,1418
38138833,34032,1418
38768833,32614,1418
39335833,25524,1418
39883833,21270,1418
40282833,19852,1418
40637833,14180,1418
40961833,8508,1418
41221833,8508,1418
41463833,8508,1418
41699833,8508,1418
41941833,9926,1418
42176833,11344,1418
42409833,9926,1418
42649833,8508,1418
42883833,11344,1418
43115833,11344,1418
43347833,8508,1418
43577833,8508,1418
43807833,9926,1418
44037833,11344,1418
44268833,15598,1418
44509833,15598,1418
44790833,14180,1418
45056833,14180,1418
45302833,19852,1418
45559833,19852,1418
45869833,24106,1418
46198833,18434,1418
46585833,22688,1418
46926833,19852,1418
47300833,15598,1418
47623833,15598,1418
47895833,17016,1418
48159833,17016,1418
48439833,25524,1418
48740833,28360,1418
49131833,22688,0
49589833,24106,1418
49987833,19852,1418
50390833,29778,1418
50742833,21270,1418
51218833,36868,1418
51631833,35450,1418
52222833,34032,1418
52819833,29778,1418
53382833,26942,1418
53873833,24106,1418
54316833,24106,1418
54724833,24106,1418
55129833,21270,1418
55533833,11344,1418
55880833,12762,1418
56151833,18434,1418
56405833,19852,1418
56700833,26942,1418
57023833,18434,1418
57437833,12762,1418
57742833,11344,1418
57990833,9926,1418
58226833,14180,1418
58458833,14180,1418
58709833,18434,1418
58950833,19852,1418
59238833,14180,1418
59559833,17016,1418
59829833,22688,1418
