timestamp,availableTxBuffer0,availableTxBuffer1
611833,246472,246472
611833,246472,246472
829833,240800,246472
1052833,239382,250726
1313833,242218,250726
1560833,233710,250726
1796833,236546,250726
2101833,236546,250726
2376833,237964,250726
2640833,235128,250726
2884833,236546,250726
3159833,240800,250726
3424833,240800,250726
3666833,242218,250726
3900833,243636,250726
4132833,239382,250726
4363833,235128,250726
4605833,228038,250726
4888833,220948,250726
5250833,233710,250726
5725833,239382,250726
6030833,235128,250726
6289833,232292,250726
6570833,232292,250726
6889833,243636,250726
7237833,243636,250726
7521833,240800,250726
7775833,240800,250726
8022833,245054,250726
8258833,242218,250726
8491833,229456,250726
8725833,237964,250726
9056833,236546,250726
9346833,240800,250726
9614833,240800,250726
9856833,240800,250726
10090833,233710,250726
10321833,222366,250726
10622833,229456,250726
11026833,232292,250726
11426833,229456,250726
11778833,233710,250726
12154833,222366,250726
12484833,225202,250726
12949833,202514,250726
13408833,219530,250726
14152833,209604,250726
14809833,222366,250726
15522833,212440,250726
16109833,232292,250726
16773833,226620,250726
17211833,236546,250726
17661833,230874,250726
17990833,237964,250726
18342833,239382,250726
18596833,242218,250726
18834833,239382,250726
19067833,233710,250726
19299833,242218,250726
19588833,245054,250726
19858833,245054,250726
20108833,243636,252144
20347833,243636,250726
20581833,243636,250726
20813833,243636,250726
21043833,245054,250726
21273833,245054,250726
21503833,239382,250726
21733833,222366,250726
21976833,232292,250726
22326833,233710,250726
22737833,233710,250726
23056833,233710,250726
23366833,226620,250726
23675833,225202,250726
24074833,235128,250726
24517833,236546,250726
24806833,233710,250726
25074833,235128,252144
25373833,237964,250726
25656833,232292,250726
25909833,229456,250726
26219833,233710,250726
26579833,230874,250726
26904833,239382,250726
27256833,235128,250726
27532833,242218,250726
27815833,243636,250726
28066833,245054,250726
28305833,243636,250726
28540833,239382,250726
28772833,240800,250726
29020833,240800,250726
29257833,240800,250726
29489833,242218,250726
29720833,242218,250726
29950833,243636,250726
30180833,243636,250726
30410833,240800,250726
30640833,243636,250726
30871833,245054,250726
31101833,246472,250726
31331833,246472,250726
31561833,243636,250726
31791833,240800,250726
32022833,243636,250726
32260833,240800,250726
32494833,237964,250726
32726833,242218,250726
32974833,239382,250726
33211833,243636,250726
33447833,242218,250726
33680833,246472,250726
33911833,246472,250726
34142833,249308,250726
34373833,249308,250726
34603833,249308,250726
34833833,249308,250726
35063833,249308,250726
35293833,249308,250726
35523833,246472,250726
35753833,243636,250726
35987833,237964,250726
36230833,232292,250726
36505833,228038,250726
36819833,228038,250726
37199833,218112,250726
37600833,213858,250726
38138833,218112,250726
38768833,219530,250726
39335833,226620,250726
39883833,230874,250726
40282833,232292,250726
40637833,237964,250726
40961833,243636,250726
41221833,243636,250726
41463833,243636,250726
41699833,243636,250726
41941833,242218,250726
42176833,240800,250726
42409833,242218,250726
42649833,243636,250726
42883833,240800,250726
43115833,240800,250726
43347833,243636,250726
43577833,243636,250726
43807833,242218,250726
44037833,240800,250726
44268833,236546,250726
44509833,236546,250726
44790833,237964,250726
45056833,237964,250726
45302833,232292,250726
45559833,232292,250726
45869833,228038,250726
46198833,233710,250726
46585833,229456,250726
46926833,232292,250726
47300833,236546,250726
47623833,236546,250726
47895833,235128,250726
48159833,235128,250726
48439833,226620,250726
48740833,223784,250726
49131833,229456,252144
49589833,228038,250726
49987833,232292,250726
50390833,222366,250726
50742833,230874,250726
51218833,215276,250726
51631833,216694,250726
52222833,218112,250726
52819833,222366,250726
53382833,225202,250726
53873833,228038,250726
54316833,228038,250726
54724833,228038,250726
55129833,230874,250726
55533833,240800,250726
55880833,239382,250726
56151833,233710,250726
56405833,232292,250726
56700833,225202,250726
57023833,233710,250726
57437833,239382,250726
57742833,240800,250726
57990833,242218,250726
58226833,237964,250726
58458833,237964,250726
58709833,233710,250726
58950833,232292,250726
59238833,237964,250726
59559833,235128,250726
59829833,229456,250726
