timestamp,rWnd0,rWnd1
611833,1073725440,1073725440
611833,1073725440,1073725440
829833,1073725440,1073725440
1052833,1073725440,1073725440
1313833,1073725440,1073725440
1560833,1073725440,1073725440
1796833,1073725440,1073725440
2101833,1073725440,1073725440
2376833,1073725440,1073725440
2640833,1073725440,1073725440
2884833,1073725440,1073725440
3159833,1073725440,1073725440
3424833,1073725440,1073725440
3666833,1073725440,1073725440
3900833,1073725440,1073725440
4132833,1073725440,1073725440
4363833,1073725440,1073725440
4605833,1073725440,1073725440
4888833,1073725440,1073725440
5250833,1073725440,1073725440
5725833,1073725440,1073725440
6030833,1073725440,1073725440
6289833,1073725440,1073725440
6570833,1073725440,1073725440
6889833,1073725440,1073725440
7237833,1073725440,1073725440
7521833,1073725440,1073725440
7775833,1073725440,1073725440
8022833,1073725440,1073725440
8258833,1073725440,1073725440
8491833,1073725440,1073725440
8725833,1073725440,1073725440
9056833,1073725440,1073725440
9346833,1073725440,1073725440
9614833,1073725440,1073725440
9856833,1073725440,1073725440
10090833,1073725440,1073725440
10321833,1073725440,1073725440
10622833,1073725440,1073725440
11026833,1073725440,1073725440
11426833,1073725440,1073725440
11778833,1073725440,1073725440
12154833,1073725440,1073725440
12484833,1073725440,1073725440
12949833,1073725440,1073725440
13408833,1073725440,1073725440
14152833,1073725440,1073725440
14809833,1073725440,1073725440
15522833,1073725440,1073725440
16109833,1073725440,1073725440
16773833,1073725440,1073725440
17211833,1073725440,1073725440
17661833,1073725440,1073725440
17990833,1073725440,1073725440
18342833,1073725440,1073725440
18596833,1073725440,1073725440
18834833,1073725440,1073725440
19067833,1073725440,1073725440
19299833,1073725440,1073725440
19588833,1073725440,1073725440
19858833,1073725440,1073725440
20108833,1073725440,1073725440
20347833,1073725440,1073725440
20581833,1073725440,1073725440
20813833,1073725440,1073725440
21043833,1073725440,1073725440
21273833,1073725440,1073725440
21503833,1073725440,1073725440
21733833,1073725440,1073725440
21976833,1073725440,1073725440
22326833,1073725440,1073725440
22737833,1073725440,1073725440
23056833,1073725440,1073725440
23366833,1073725440,1073725440
23675833,1073725440,1073725440
24074833,1073725440,1073725440
24517833,1073725440,1073725440
24806833,1073725440,1073725440
25074833,1073725440,1073725440
25373833,1073725440,1073725440
25656833,1073725440,1073725440
25909833,1073725440,1073725440
26219833,1073725440,1073725440
26579833,1073725440,1073725440
26904833,1073725440,1073725440
27256833,1073725440,1073725440
27532833,1073725440,1073725440
27815833,1073725440,1073725440
28066833,1073725440,1073725440
28305833,1073725440,1073725440
28540833,1073725440,1073725440
28772833,1073725440,1073725440
29020833,1073725440,1073725440
29257833,1073725440,1073725440
29489833,1073725440,1073725440
29720833,1073725440,1073725440
29950833,1073725440,1073725440
30180833,1073725440,1073725440
30410833,1073725440,1073725440
30640833,1073725440,1073725440
30871833,1073725440,1073725440
31101833,1073725440,1073725440
31331833,1073725440,1073725440
31561833,1073725440,1073725440
31791833,1073725440,1073725440
32022833,1073725440,1073725440
32260833,1073725440,1073725440
32494833,1073725440,1073725440
32726833,1073725440,1073725440
32974833,1073725440,1073725440
33211833,1073725440,1073725440
33447833,1073725440,1073725440
33680833,1073725440,1073725440
33911833,1073725440,1073725440
34142833,1073725440,1073725440
34373833,1073725440,1073725440
34603833,1073725440,1073725440
34833833,1073725440,1073725440
35063833,1073725440,1073725440
35293833,1073725440,1073725440
35523833,1073725440,1073725440
35753833,1073725440,1073725440
35987833,1073725440,1073725440
36230833,1073725440,1073725440
36505833,1073725440,1073725440
36819833,1073725440,1073725440
37199833,1073725440,1073725440
37600833,1073725440,1073725440
38138833,1073725440,1073725440
38768833,1073725440,1073725440
39335833,1073725440,1073725440
39883833,1073725440,1073725440
40282833,1073725440,1073725440
40637833,1073725440,1073725440
40961833,1073725440,1073725440
41221833,1073725440,1073725440
41463833,1073725440,1073725440
41699833,1073725440,1073725440
41941833,1073725440,1073725440
42176833,1073725440,1073725440
42409833,1073725440,1073725440
42649833,1073725440,1073725440
42883833,1073725440,1073725440
43115833,1073725440,1073725440
43347833,1073725440,1073725440
43577833,1073725440,1073725440
43807833,1073725440,1073725440
44037833,1073725440,1073725440
44268833,1073725440,1073725440
44509833,1073725440,1073725440
44790833,1073725440,1073725440
45056833,1073725440,1073725440
45302833,1073725440,1073725440
45559833,1073725440,1073725440
45869833,1073725440,1073725440
46198833,1073725440,1073725440
46585833,1073725440,1073725440
46926833,1073725440,1073725440
47300833,1073725440,1073725440
47623833,1073725440,1073725440
47895833,1073725440,1073725440
48159833,1073725440,1073725440
48439833,1073725440,1073725440
48740833,1073725440,1073725440
49131833,1073725440,1073725440
49589833,1073725440,1073725440
49987833,1073725440,1073725440
50390833,1073725440,1073725440
50742833,1073725440,1073725440
51218833,1073725440,1073725440
51631833,1073725440,1073725440
52222833,1073725440,1073725440
52819833,1073725440,1073725440
53382833,1073725440,1073725440
53873833,1073725440,1073725440
54316833,1073725440,1073725440
54724833,1073725440,1073725440
55129833,1073725440,1073725440
55533833,1073725440,1073725440
55880833,1073725440,1073725440
56151833,1073725440,1073725440
56405833,1073725440,1073725440
56700833,1073725440,1073725440
57023833,1073725440,1073725440
57437833,1073725440,1073725440
57742833,1073725440,1073725440
57990833,1073725440,1073725440
58226833,1073725440,1073725440
58458833,1073725440,1073725440
58709833,1073725440,1073725440
58950833,1073725440,1073725440
59238833,1073725440,1073725440
59559833,1073725440,1073725440
59829833,1073725440,1073725440
