timestamp,cWnd0,cWnd1
611833,5672,5672
611833,12562,1500
829833,12562,1500
1052833,12795,1500
1313833,11008,1500
1560833,18823,1500
1796833,16981,1500
2101833,16810,1500
2376833,15109,1500
2640833,18044,1500
2884833,15705,1500
3159833,11765,1500
3424833,11536,1500
3666833,10275,1500
3900833,9070,1500
4132833,12845,1500
4363833,17389,1500
4605833,24356,1500
4888833,32370,1500
5250833,19300,1500
5725833,12933,1500
6030833,18369,1500
6289833,20126,1500
6570833,21639,1500
6889833,9459,1500
7237833,8522,1500
7521833,12505,1500
7775833,11460,1500
8022833,7870,1500
8258833,10732,1500
8491833,23190,1500
8725833,15549,1500
9056833,16541,1500
9346833,11642,1500
9614833,11774,1500
9856833,11907,1500
10090833,19428,1500
10321833,30126,1500
10622833,23042,1500
11026833,20840,1500
11426833,23251,1500
11778833,19407,1500
12154833,30789,1500
12484833,27888,1500
12949833,50971,1500
13408833,32738,1500
14152833,43581,1500
14809833,30603,1500
15522833,39795,1500
16109833,20697,1500
16773833,27621,1500
17211833,16569,1500
17661833,22412,1500
17990833,15415,1500
18342833,12993,1500
18596833,10459,1500
18834833,13991,1500
19067833,19031,1500
19299833,11342,1500
19588833,7601,1500
19858833,9797,1500
20108833,8593,1500
20347833,8965,1500
20581833,9652,1500
20813833,8639,1500
21043833,7671,1500
21273833,8086,1500
21503833,13795,1500
21733833,30280,1500
21976833,21041,1500
22326833,19554,1500
22737833,19664,1500
23056833,18507,1500
23366833,26622,1500
23675833,27249,1500
24074833,17655,1500
24517833,15833,1500
24806833,19740,1500
25074833,18398,1500
25373833,14469,1500
25656833,21067,1500
25909833,23914,1500
26219833,18573,1500
26579833,21451,1500
26904833,13738,1500
27256833,17900,1500
27532833,10743,1500
27815833,9907,1500
28066833,8257,1500
28305833,8563,1500
28540833,13188,1500
28772833,11898,1500
29020833,12466,1500
29257833,11627,1500
29489833,11336,1500
29720833,9977,1500
29950833,8740,1500
30180833,9862,1500
30410833,12474,1500
30640833,8887,1500
30871833,8122,1500
31101833,5942,1500
31331833,6231,1500
31561833,8646,1500
31791833,12330,1500
32022833,9696,1500
32260833,12319,1500
32494833,15393,1500
32726833,11117,1500
32974833,14072,1500
33211833,8788,1500
33447833,11099,1500
33680833,7615,1500
33911833,5882,1500
34142833,4087,1500
34373833,3242,1500
34603833,2984,1500
34833833,3279,1500
35063833,2940,1500
35293833,4195,1500
35523833,6073,1500
35753833,9006,1500
35987833,14572,1500
36230833,20319,1500
36505833,25359,1500
36819833,24928,1500
37199833,34261,1500
37600833,38574,1500
38138833,35153,1500
38768833,33164,1500
39335833,26115,1500
39883833,22512,1500
40282833,19880,1500
40637833,14960,1500
40961833,9170,1500
41221833,9299,1500
41463833,10391,1500
41699833,9303,1500
41941833,10327,1500
42176833,12008,1500
42409833,10698,1500
42649833,8769,1500
42883833,11486,1500
43115833,11516,1500
43347833,9080,1500
43577833,9651,1500
43807833,10031,1500
44037833,12925,1500
44268833,17787,1500
44509833,16468,1500
44790833,14458,1500
45056833,15882,1500
45302833,20127,1500
45559833,21250,1500
45869833,25467,1500
46198833,19488,1500
46585833,23615,1500
46926833,20053,1500
47300833,16054,1500
47623833,15992,1500
47895833,17580,1500
48159833,19715,1500
48439833,26077,1500
48740833,29027,1500
49131833,23076,1500
49589833,25195,1500
49987833,20762,1500
50390833,29974,1500
50742833,22376,1500
51218833,37451,1500
51631833,35548,1500
52222833,34660,1500
52819833,30140,1500
53382833,27788,1500
53873833,24716,1500
54316833,24414,1500
54724833,25505,1500
55129833,21611,1500
55533833,12718,1500
55880833,14926,1500
56151833,19122,1500
56405833,21040,1500
56700833,27429,1500
57023833,19006,1500
57437833,13011,1500
57742833,12374,1500
57990833,11244,1500
58226833,14922,1500
58458833,15409,1500
58709833,19480,1500
58950833,20642,1500
59238833,15182,1500
59559833,18117,1500
59829833,23637,1500
