timestamp,rtt0,rtt1
611833,218,184
611833,218,184
829833,223,184
1052833,261,219
1313833,247,221
1560833,236,222
1796833,305,223
2101833,275,224
2376833,264,225
2640833,244,226
2884833,275,226
3159833,265,227
3424833,242,227
3666833,234,227
3900833,232,228
4132833,231,228
4363833,242,228
4605833,283,228
4888833,362,229
5250833,475,229
5725833,305,229
6030833,259,229
6289833,281,229
6570833,319,229
6889833,348,229
7237833,284,229
7521833,254,230
7775833,247,230
8022833,236,230
8258833,233,230
8491833,234,230
8725833,331,230
9056833,290,230
9346833,268,230
9614833,242,230
9856833,234,230
10090833,231,230
10321833,301,230
10622833,404,230
11026833,400,230
11426833,352,230
11778833,376,230
12154833,330,230
12484833,465,230
12949833,459,230
13408833,744,230
14152833,657,230
14809833,713,230
15522833,587,230
16109833,664,230
16773833,438,230
17211833,450,230
17661833,329,230
17990833,352,230
18342833,254,230
18596833,238,230
18834833,233,230
19067833,232,230
19299833,289,230
19588833,270,230
19858833,250,230
20108833,239,230
20347833,234,230
20581833,232,230
20813833,230,230
21043833,230,230
21273833,230,230
21503833,230,230
21733833,243,230
21976833,350,230
22326833,411,230
22737833,319,230
23056833,310,230
23366833,309,230
23675833,399,230
24074833,443,230
24517833,289,230
24806833,268,230
25074833,299,230
25373833,283,230
25656833,253,230
25909833,310,230
26219833,360,230
26579833,325,230
26904833,352,230
27256833,276,230
27532833,283,230
27815833,251,230
28066833,239,230
28305833,235,230
28540833,232,230
28772833,248,230
29020833,237,230
29257833,232,230
29489833,231,230
29720833,230,230
29950833,230,230
30180833,230,230
30410833,230,230
30640833,231,230
30871833,230,230
31101833,230,230
31331833,230,230
31561833,230,230
31791833,231,230
32022833,238,230
32260833,234,230
32494833,232,230
32726833,248,230
32974833,237,230
33211833,236,230
33447833,233,230
33680833,231,230
33911833,231,230
34142833,231,230
34373833,230,230
34603833,230,230
34833833,230,230
35063833,230,230
35293833,230,230
35523833,230,230
35753833,234,230
35987833,243,230
36230833,275,230
36505833,314,230
36819833,380,230
37199833,401,230
37600833,538,230
38138833,630,230
38768833,567,230
39335833,548,230
39883833,399,230
40282833,355,230
40637833,324,230
40961833,260,230
41221833,242,230
41463833,236,230
41699833,242,230
41941833,235,230
42176833,233,230
42409833,240,230
42649833,234,230
42883833,232,230
43115833,232,230
43347833,230,230
43577833,230,230
43807833,230,230
44037833,231,230
44268833,241,230
44509833,281,230
44790833,266,230
45056833,246,230
45302833,257,230
45559833,310,230
45869833,329,230
46198833,387,230
46585833,341,230
46926833,374,230
47300833,323,230
47623833,272,230
47895833,264,230
48159833,280,230
48439833,301,230
48740833,391,230
49131833,458,230
49589833,398,230
49987833,403,230
50390833,352,230
50742833,476,230
51218833,413,230
51631833,591,230
52222833,597,230
52819833,563,230
53382833,491,230
53873833,443,230
54316833,408,230
54724833,405,230
55129833,404,230
55533833,347,230
55880833,271,230
56151833,254,230
56405833,295,230
56700833,323,230
57023833,414,230
57437833,305,230
57742833,248,230
57990833,236,230
58226833,232,230
58458833,251,230
58709833,241,230
58950833,288,230
59238833,321,230
59559833,270,230
59829833,282,230
