timestamp,lastAckedSeq,highTxMark,availableTxBuffer,nextTxSeq,totalCwnd,unAckMeta
611833,5673,17017,1158,17017,11344,11344
611833,5673,17017,1158,17017,14062,11344
829833,11345,28361,1158,28361,14062,17016
1052833,28361,42541,1158,42541,14295,14180
1313833,42541,53885,1158,53885,12508,11344
1560833,55303,75155,1158,75155,20323,19852
1796833,70901,87917,1158,87917,18481,17016
2101833,90753,109187,1158,109187,18310,18434
2376833,109187,124785,1158,124785,16609,15598
2640833,126203,144637,1158,144637,19544,18434
2884833,143219,160235,1158,160235,17205,17016
3159833,160235,172997,1158,172997,13265,12762
3424833,172997,185759,1158,185759,13036,12762
3666833,185759,197103,1158,197103,11775,11344
3900833,197103,207029,1158,207029,10570,9926
4132833,208447,222627,1158,222627,14345,14180
4363833,222627,241061,1158,241061,18889,18434
4605833,238225,263749,1158,263749,25856,25524
4888833,256659,289273,1158,289273,33870,32614
5250833,279347,300617,1158,300617,20800,21270
5725833,310543,324723,1158,324723,14433,14180
6030833,328977,347411,1158,347411,19869,18434
6289833,345993,367263,1158,367263,21626,21270
6570833,364427,385697,2576,385697,23139,21270
6889833,384279,395623,1158,395623,10959,11344
7237833,397041,406967,1158,406967,10022,9926
7521833,411221,423983,1158,423983,14005,12762
7775833,426819,439581,2576,439581,12960,12762
8022833,439581,448089,1158,448089,9370,8508
8258833,448089,459433,1158,459433,12232,11344
8491833,459433,483539,1158,483539,24690,24106
8725833,473613,490629,1158,490629,17049,17016
9056833,496301,513317,1158,513317,18041,17016
9346833,513317,526079,1158,526079,13142,12762
9614833,527497,540259,1158,540259,13274,12762
9856833,540259,553021,1158,553021,13407,12762
10090833,554439,574291,1158,574291,20928,19852
10321833,568619,599815,1158,599815,31626,31196
10622833,587053,613995,1158,613995,24542,26942
11026833,615413,636683,1158,636683,22340,21270
11426833,640937,666461,1158,666461,24751,25524
11778833,663625,683477,1158,683477,20907,19852
12154833,687731,720345,1158,720345,32289,32614
12484833,709001,738779,1158,738779,29388,29778
12949833,738779,791245,1158,791245,52471,52466
13408833,768557,805425,1158,805425,34238,36868
14152833,816769,863563,1158,863563,45081,46794
14809833,859309,893341,1158,893341,32103,34032
15522833,906103,950061,1158,950061,41295,43958
16109833,945807,969913,1158,969913,22197,24106
16773833,989765,1018125,2576,1018125,29121,28360
17211833,1019543,1036559,1158,1036559,18069,17016
17661833,1049321,1072009,1158,1072009,23912,22688
17990833,1070591,1086189,1158,1086189,16915,15598
18342833,1093279,1107459,1158,1107459,14493,14180
18596833,1107459,1118803,1158,1118803,11959,11344
18834833,1120221,1134401,1158,1134401,15491,14180
19067833,1134401,1154253,1158,1154253,20531,19852
19299833,1148581,1159925,1158,1159925,12842,11344
19588833,1161343,1169851,1158,1169851,9101,8508
19858833,1172687,1181195,2576,1181195,11297,8508
20108833,1184031,1192539,2576,1192539,10093,8508
20347833,1193957,1203883,1158,1203883,10465,9926
20581833,1203883,1213809,1158,1213809,11152,9926
20813833,1213809,1223735,1158,1223735,10139,9926
21043833,1223735,1232243,1158,1232243,9171,8508
21273833,1232243,1240751,1158,1240751,9586,8508
21503833,1240751,1254931,1158,1254931,15295,14180
21733833,1254931,1286127,1158,1286127,31780,31196
21976833,1270529,1293217,1158,1293217,22541,22688
22326833,1293217,1313069,1158,1313069,21054,19852
22737833,1318741,1340011,1158,1340011,21164,21270
23056833,1341429,1361281,1158,1361281,20007,19852
23366833,1361281,1388223,1158,1388223,28122,26942
23675833,1381133,1410911,1158,1410911,28749,29778
24074833,1405239,1425091,1158,1425091,19155,19852
24517833,1436435,1453451,1158,1453451,17333,17016
24806833,1454869,1474721,1158,1474721,21240,19852
25074833,1471885,1490319,1158,1490319,19898,18434
25373833,1493155,1508753,1158,1508753,15969,15598
25656833,1511589,1532859,1158,1532859,22567,21270
25909833,1527187,1551293,1158,1551293,25414,24106
26219833,1547039,1566891,1158,1566891,20073,19852
26579833,1569727,1593833,1158,1593833,22951,24106
26904833,1592415,1606595,1158,1606595,15238,14180
27256833,1613685,1633537,1158,1633537,19400,19852
27532833,1633537,1644881,1158,1644881,12243,11344
27815833,1644881,1654807,1158,1654807,11407,9926
28066833,1654807,1663315,1158,1663315,9757,8508
28305833,1664733,1674659,1158,1674659,10063,9926
28540833,1674659,1688839,1158,1688839,14688,14180
28772833,1688839,1701601,1158,1701601,13398,12762
29020833,1701601,1714363,1158,1714363,13966,12762
29257833,1714363,1727125,1158,1727125,13127,12762
29489833,1727125,1738469,1158,1738469,12836,11344
29720833,1738469,1749813,1158,1749813,11477,11344
29950833,1749813,1759739,1158,1759739,10240,9926
30180833,1759739,1769665,1158,1769665,11362,9926
30410833,1769665,1782427,1158,1782427,13974,12762
30640833,1782427,1792353,1158,1792353,10387,9926
30871833,1792353,1800861,1158,1800861,9622,8508
31101833,1800861,1807951,1158,1807951,7442,7090
31331833,1807951,1815041,1158,1815041,7731,7090
31561833,1815041,1824967,1158,1824967,10146,9926
31791833,1824967,1837729,1158,1837729,13830,12762
32022833,1837729,1847655,1158,1847655,11196,9926
32260833,1849073,1861835,1158,1861835,13819,12762
32494833,1861835,1877433,1158,1877433,16893,15598
32726833,1877433,1888777,1158,1888777,12617,11344
32974833,1888777,1902957,1158,1902957,15572,14180
33211833,1902957,1912883,1158,1912883,10288,9926
33447833,1914301,1925645,1158,1925645,12599,11344
33680833,1925645,1932735,2576,1932735,9115,7090
33911833,1932735,1939825,1158,1939825,7382,7090
34142833,1939825,1944079,1158,1944079,5587,4254
34373833,1944079,1948333,1158,1948333,4742,4254
34603833,1948333,1952587,1158,1952587,4484,4254
34833833,1952587,1956841,1158,1956841,4779,4254
35063833,1956841,1961095,1158,1961095,4440,4254
35293833,1961095,1965349,1158,1965349,5695,4254
35523833,1965349,1972439,1158,1972439,7573,7090
35753833,1972439,1982365,1158,1982365,10506,9926
35987833,1982365,1997963,1158,1997963,16072,15598
36230833,1997963,2019233,1158,2019233,21819,21270
36505833,2016397,2041921,1158,2041921,26859,25524
36819833,2036249,2063191,1158,2063191,26428,26942
37199833,2061773,2097223,1158,2097223,35761,35450
37600833,2087297,2128419,1158,2128419,40074,41122
38138833,2121329,2158197,1158,2158197,36653,36868
38768833,2163869,2199319,1158,2199319,34664,35450
39335833,2199319,2227679,1158,2227679,27615,28360
39883833,2236187,2260293,1158,2260293,24012,24106
40282833,2263129,2284399,1158,2284399,21380,21270
40637833,2287235,2302833,1158,2302833,16460,15598
40961833,2302833,2312759,1158,2312759,10670,9926
41221833,2314177,2324103,1158,2324103,10799,9926
41463833,2325521,2335447,2576,2335447,11891,9926
41699833,2335447,2345373,1158,2345373,10803,9926
41941833,2346791,2358135,1158,2358135,11827,11344
42176833,2358135,2370897,1158,2370897,13508,12762
42409833,2370897,2382241,1158,2382241,12198,11344
42649833,2382241,2392167,1158,2392167,10269,9926
42883833,2393585,2406347,1158,2406347,12986,12762
43115833,2406347,2419109,1158,2419109,13016,12762
43347833,2419109,2429035,1158,2429035,10580,9926
43577833,2429035,2438961,1158,2438961,11151,9926
43807833,2438961,2450305,1158,2450305,11531,11344
44037833,2450305,2463067,2576,2463067,14425,12762
44268833,2464485,2481501,2576,2481501,19287,17016
44509833,2480083,2497099,1158,2497099,17968,17016
44790833,2497099,2512697,1158,2512697,15958,15598
45056833,2515533,2531131,2576,2531131,17382,15598
45302833,2531131,2552401,1158,2552401,21627,21270
45559833,2548147,2570835,1158,2570835,22750,22688
45869833,2567999,2594941,1158,2594941,26967,26942
46198833,2587851,2609121,1158,2609121,20988,21270
46585833,2614793,2640317,1158,2640317,25115,25524
46926833,2637481,2658751,1158,2658751,21553,21270
47300833,2663005,2680021,1158,2680021,17554,17016
47623833,2682857,2699873,1158,2699873,17492,17016
47895833,2699873,2718307,1158,2718307,19080,18434
48159833,2718307,2736741,2576,2736741,21215,18434
48439833,2735323,2763683,1158,2763683,27577,28360
48740833,2755175,2786371,1158,2786371,30527,31196
49131833,2779281,2804805,1158,2804805,24576,25524
49589833,2810477,2836001,1158,2836001,26695,25524
49987833,2837419,2858689,1158,2858689,22262,21270
50390833,2862943,2895557,1158,2895557,31474,32614
50742833,2885631,2909737,1158,2909737,23876,24106
51218833,2916827,2956531,1158,2956531,38951,39704
51631833,2942351,2982055,1158,2982055,37048,39704
52222833,2982055,3018923,1158,3018923,36160,36868
52819833,3021759,3054373,1158,3054373,31640,32614
53382833,3057209,3086987,1158,3086987,29288,29778
53873833,3091241,3116765,1158,3116765,26216,25524
54316833,3118183,3145125,1158,3145125,25914,26942
54724833,3146543,3173485,1158,3173485,27005,26942
55129833,3172067,3196173,1158,3196173,23111,24106
55533833,3197591,3210353,1158,3210353,14218,12762
55880833,3218861,3233041,2576,3233041,16426,14180
56151833,3235877,3255729,1158,3255729,20622,19852
56405833,3252893,3274163,1158,3274163,22540,21270
56700833,3271327,3299687,1158,3299687,28929,28360
57023833,3291179,3312449,1158,3312449,20506,21270
57437833,3318121,3332301,1158,3332301,14511,14180
57742833,3336555,3349317,1158,3349317,13874,12762
57990833,3349317,3360661,1158,3360661,12744,11344
58226833,3362079,3377677,1158,3377677,16422,15598
58458833,3376259,3391857,1158,3391857,16909,15598
58709833,3393275,3413127,1158,3413127,20980,19852
58950833,3407455,3430143,1158,3430143,22142,22688
59238833,3427307,3442905,1158,3442905,16682,15598
59559833,3448577,3467011,1158,3467011,19617,18434
59829833,3465593,3489699,1158,3489699,25137,24106
