timestamp,availableTxBuffer0,availableTxBuffer1
611833,246472,246472
611833,246472,246472
829833,237964,246472
1052833,233710,250726
1340833,240800,250726
1639833,233710,250726
1898833,225202,250726
2198833,230874,250726
2597833,223784,250726
2975833,228038,250726
3437833,225202,250726
3861833,233710,250726
4331833,240800,250726
4621833,239382,250726
4871833,240800,250726
5108833,235128,250726
5341833,220948,250726
5611833,220948,250726
5990833,215276,250726
6497833,216694,250726
7099833,223784,250726
7695833,225202,250726
8164833,219530,250726
8619833,223784,250726
9158833,233710,250726
9601833,236546,250726
9894833,236546,250726
10161833,243636,250726
10424833,242218,252144
10670833,245054,250726
10907833,242218,250726
11140833,246472,250726
11373833,246472,250726
11605833,246472,250726
11836833,243636,250726
12067833,246472,250726
12301833,246472,250726
12533833,245054,250726
12764833,243636,250726
12995833,242218,250726
13228833,240800,250726
13463833,242218,250726
13700833,243636,250726
13933833,243636,250726
14164833,237964,250726
14395833,235128,250726
14644833,228038,250726
14918833,232292,250726
15274833,239382,250726
15624833,239382,250726
15873833,240800,250726
16109833,240800,250726
16341833,236546,250726
16572833,230874,250726
16835833,233710,250726
17157833,239382,250726
17474833,240800,250726
17720833,239382,250726
17955833,243636,250726
18186833,243636,250726
18417833,246472,250726
18647833,246472,250726
18877833,243636,250726
19107833,242218,250726
19340833,239382,250726
19575833,243636,250726
19817833,243636,250726
20053833,239382,250726
20285833,239382,250726
20519833,236546,250726
20750833,240800,250726
21010833,237964,250726
21253833,243636,250726
21492833,240800,250726
21726833,239382,250726
21961833,235128,250726
22196833,223784,250726
22469833,229456,250726
22849833,236546,250726
23251833,239382,250726
23514833,240800,250726
23754833,243636,250726
23988833,245054,250726
24219833,246472,250726
24450833,247890,250726
24680833,246472,250726
24910833,243636,250726
25140833,246472,250726
25375833,249308,250726
25608833,246472,250726
25840833,240800,250726
26073833,239382,250726
26327833,240800,250726
26572833,239382,250726
26807833,242218,250726
27039833,242218,250726
27270833,242218,250726
27501833,235128,250726
27731833,239382,250726
28009833,237964,250726
28259833,240800,250726
28500833,243636,250726
28734833,247890,250726
28966833,249308,250726
29198833,249308,250726
29429833,250726,250726
29660833,249308,250726
29891833,249308,250726
30122833,245054,250726
30355833,245054,250726
30606833,243636,250726
30846833,246472,250726
31080833,245054,250726
31312833,242218,250726
31543833,237964,250726
31782833,237964,250726
32044833,236546,250726
32289833,242218,250726
32546833,242218,250726
32787833,240800,250726
33022833,240800,250726
33254833,242218,250726
33485833,240800,250726
33716833,243636,250726
33946833,242218,250726
34176833,243636,250726
34406833,242218,250726
34636833,243636,250726
34867833,245054,250726
35097833,245054,250726
35327833,243636,250726
35557833,236546,250726
35788833,233710,250726
36060833,232292,250726
36357833,235128,250726
36681833,230874,250726
36979833,239382,250726
37323833,236546,250726
37599833,237964,250726
37860833,235128,250726
38106833,229456,250726
38397833,239382,250726
38749833,237964,250726
39026833,240800,250726
39273833,239382,250726
39509833,226620,250726
39745833,216694,250726
40079833,215276,250726
40536833,222366,250726
41135833,203932,250726
41671833,228038,250726
42477833,226620,250726
42925833,239382,250726
43331833,239382,250726
43585833,226620,250726
43827833,230874,250726
44173833,237964,250726
44547833,233710,250726
44831833,240800,250726
45135833,237964,250726
45395833,245054,250726
45638833,246472,250726
45875833,246472,250726
46109833,246472,250726
46341833,245054,250726
46572833,240800,250726
46803833,233710,250726
47042833,235128,250726
47350833,243636,250726
47644833,243636,250726
47903833,239382,250726
48146833,240800,250726
48400833,240800,250726
48638833,242218,250726
48871833,246472,252144
49102833,246472,250726
49333833,246472,250726
49563833,242218,252144
49793833,242218,250726
50028833,245054,250726
50260833,243636,250726
50491833,242218,250726
50721833,246472,250726
50952833,240800,250726
51183833,242218,250726
51432833,246472,250726
51670833,247890,250726
51905833,243636,250726
52138833,239382,250726
52374833,242218,250726
52628833,243636,250726
52868833,240800,250726
53102833,242218,250726
53334833,242218,250726
53565833,239382,250726
53795833,237964,250726
54028833,239382,250726
54273833,237964,250726
54508833,243636,250726
54745833,243636,250726
54978833,245054,250726
55210833,243636,250726
55441833,242218,250726
55672833,229456,250726
55904833,233710,250726
56237833,226620,250726
56567833,232292,250726
56976833,232292,250726
57324833,233710,250726
57659833,230874,250726
57972833,230874,250726
58321833,235128,250726
58695833,239382,250726
58976833,240800,250726
59220833,242218,250726
59455833,242218,250726
59687833,242218,250726
59917833,236546,250726
