timestamp,cWnd0,cWnd1
611833,5672,5672
611833,14579,1500
829833,14579,1500
1052833,18458,1500
1340833,12644,1500
1639833,18897,1500
1898833,27811,1500
2198833,21710,1500
2597833,29356,1500
2975833,25297,1500
3437833,29603,1500
3861833,18490,1500
4331833,12689,1500
4621833,13547,1500
4871833,11989,1500
5108833,17986,1500
5341833,32367,1500
5611833,32129,1500
5990833,38019,1500
6497833,36211,1500
7099833,29411,1500
7695833,27595,1500
8164833,33003,1500
8619833,28964,1500
9158833,19716,1500
9601833,16957,1500
9894833,15714,1500
10161833,9499,1500
10424833,12070,1500
10670833,7528,1500
10907833,10840,1500
11140833,6073,1500
11373833,6760,1500
11605833,6556,1500
11836833,8613,1500
12067833,6383,1500
12301833,5726,1500
12533833,7892,1500
12764833,8977,1500
12995833,10889,1500
13228833,11505,1500
13463833,9971,1500
13700833,8765,1500
13933833,10420,1500
14164833,14942,1500
14395833,17964,1500
14644833,24164,1500
14918833,20091,1500
15274833,13734,1500
15624833,13843,1500
15873833,11602,1500
16109833,12273,1500
16341833,16587,1500
16572833,21555,1500
16835833,19109,1500
17157833,13293,1500
17474833,13181,1500
17720833,13080,1500
17955833,8855,1500
18186833,8943,1500
18417833,7018,1500
18647833,6277,1500
18877833,9713,1500
19107833,10493,1500
19340833,13088,1500
19575833,8607,1500
19817833,9918,1500
20053833,12945,1500
20285833,13038,1500
20519833,16802,1500
20750833,12979,1500
21010833,14903,1500
21253833,8633,1500
21492833,12018,1500
21726833,12844,1500
21961833,18231,1500
22196833,28943,1500
22469833,23123,1500
22849833,16159,1500
23251833,14151,1500
23514833,11981,1500
23754833,8911,1500
23988833,7134,1500
24219833,6532,1500
24450833,5361,1500
24680833,6761,1500
24910833,9858,1500
25140833,6933,1500
25375833,4054,1500
25608833,6114,1500
25840833,11891,1500
26073833,13180,1500
26327833,12034,1500
26572833,13907,1500
26807833,10379,1500
27039833,10802,1500
27270833,10468,1500
27501833,17136,1500
27731833,13079,1500
28009833,14798,1500
28259833,11835,1500
28500833,8624,1500
28734833,5006,1500
28966833,3064,1500
29198833,2946,1500
29429833,2686,1500
29660833,3762,1500
29891833,5317,1500
30122833,8940,1500
30355833,7674,1500
30606833,9621,1500
30846833,6612,1500
31080833,8434,1500
31312833,10167,1500
31543833,15000,1500
31782833,14253,1500
32044833,16082,1500
32289833,10468,1500
32546833,10864,1500
32787833,11444,1500
33022833,11595,1500
33254833,10921,1500
33485833,12758,1500
33716833,9817,1500
33946833,10783,1500
34176833,9598,1500
34406833,10067,1500
34636833,9147,1500
34867833,8367,1500
35097833,7658,1500
35327833,9340,1500
35557833,15840,1500
35788833,18969,1500
36060833,19925,1500
36357833,17917,1500
36681833,21461,1500
36979833,13426,1500
37323833,16306,1500
37599833,14340,1500
37860833,19721,1500
38106833,23450,1500
38397833,13314,1500
38749833,14520,1500
39026833,11356,1500
39273833,13011,1500
39509833,25809,1500
39745833,36300,1500
40079833,37089,1500
40536833,30463,1500
41135833,50808,1500
41671833,25462,1500
42477833,26304,1500
42925833,15440,1500
43331833,14603,1500
43585833,25959,1500
43827833,22670,1500
44173833,15487,1500
44547833,19673,1500
44831833,11675,1500
45135833,14611,1500
45395833,7854,1500
45638833,6672,1500
45875833,6702,1500
46109833,6768,1500
46341833,7914,1500
46572833,12108,1500
46803833,18622,1500
47042833,17125,1500
47350833,8551,1500
47644833,9365,1500
47903833,12947,1500
48146833,12145,1500
48400833,12150,1500
48638833,10988,1500
48871833,6263,1500
49102833,6852,1500
49333833,6986,1500
49563833,10765,1500
49793833,11211,1500
50028833,8017,1500
50260833,9119,1500
50491833,9954,1500
50721833,8409,1500
50952833,13121,1500
51183833,10723,1500
51432833,6254,1500
51670833,5327,1500
51905833,9728,1500
52138833,12814,1500
52374833,10064,1500
52628833,8974,1500
52868833,11662,1500
53102833,10165,1500
53334833,11314,1500
53565833,13222,1500
53795833,14473,1500
54028833,12959,1500
54273833,15139,1500
54508833,9832,1500
54745833,9393,1500
54978833,7810,1500
55210833,9686,1500
55441833,11171,1500
55672833,24017,1500
55904833,18700,1500
56237833,26479,1500
56567833,20888,1500
56976833,21196,1500
57324833,18832,1500
57659833,21787,1500
57972833,23768,1500
58321833,17358,1500
58695833,13641,1500
58976833,12096,1500
59220833,10585,1500
59455833,10669,1500
59687833,11530,1500
59917833,16675,1500
