timestamp,rWnd0,rWnd1
611833,1073725440,1073725440
611833,1073725440,1073725440
829833,1073725440,1073725440
1052833,1073725440,1073725440
1340833,1073725440,1073725440
1639833,1073725440,1073725440
1898833,1073725440,1073725440
2198833,1073725440,1073725440
2597833,1073725440,1073725440
2975833,1073725440,1073725440
3437833,1073725440,1073725440
3861833,1073725440,1073725440
4331833,1073725440,1073725440
4621833,1073725440,1073725440
4871833,1073725440,1073725440
5108833,1073725440,1073725440
5341833,1073725440,1073725440
5611833,1073725440,1073725440
5990833,1073725440,1073725440
6497833,1073725440,1073725440
7099833,1073725440,1073725440
7695833,1073725440,1073725440
8164833,1073725440,1073725440
8619833,1073725440,1073725440
9158833,1073725440,1073725440
9601833,1073725440,1073725440
9894833,1073725440,1073725440
10161833,1073725440,1073725440
10424833,1073725440,1073725440
10670833,1073725440,1073725440
10907833,1073725440,1073725440
11140833,1073725440,1073725440
11373833,1073725440,1073725440
11605833,1073725440,1073725440
11836833,1073725440,1073725440
12067833,1073725440,1073725440
12301833,1073725440,1073725440
12533833,1073725440,1073725440
12764833,1073725440,1073725440
12995833,1073725440,1073725440
13228833,1073725440,1073725440
13463833,1073725440,1073725440
13700833,1073725440,1073725440
13933833,1073725440,1073725440
14164833,1073725440,1073725440
14395833,1073725440,1073725440
14644833,1073725440,1073725440
14918833,1073725440,1073725440
15274833,1073725440,1073725440
15624833,1073725440,1073725440
15873833,1073725440,1073725440
16109833,1073725440,1073725440
16341833,1073725440,1073725440
16572833,1073725440,1073725440
16835833,1073725440,1073725440
17157833,1073725440,1073725440
17474833,1073725440,1073725440
17720833,1073725440,1073725440
17955833,1073725440,1073725440
18186833,1073725440,1073725440
18417833,1073725440,1073725440
18647833,1073725440,1073725440
18877833,1073725440,1073725440
19107833,1073725440,1073725440
19340833,1073725440,1073725440
19575833,1073725440,1073725440
19817833,1073725440,1073725440
20053833,1073725440,1073725440
20285833,1073725440,1073725440
20519833,1073725440,1073725440
20750833,1073725440,1073725440
21010833,1073725440,1073725440
21253833,1073725440,1073725440
21492833,1073725440,1073725440
21726833,1073725440,1073725440
21961833,1073725440,1073725440
22196833,1073725440,1073725440
22469833,1073725440,1073725440
22849833,1073725440,1073725440
23251833,1073725440,1073725440
23514833,1073725440,1073725440
23754833,1073725440,1073725440
23988833,1073725440,1073725440
24219833,1073725440,1073725440
24450833,1073725440,1073725440
24680833,1073725440,1073725440
24910833,1073725440,1073725440
25140833,1073725440,1073725440
25375833,1073725440,1073725440
25608833,1073725440,1073725440
25840833,1073725440,1073725440
26073833,1073725440,1073725440
26327833,1073725440,1073725440
26572833,1073725440,1073725440
26807833,1073725440,1073725440
27039833,1073725440,1073725440
27270833,1073725440,1073725440
27501833,1073725440,1073725440
27731833,1073725440,1073725440
28009833,1073725440,1073725440
28259833,1073725440,1073725440
28500833,1073725440,1073725440
28734833,1073725440,1073725440
28966833,1073725440,1073725440
29198833,1073725440,1073725440
29429833,1073725440,1073725440
29660833,1073725440,1073725440
29891833,1073725440,1073725440
30122833,1073725440,1073725440
30355833,1073725440,1073725440
30606833,1073725440,1073725440
30846833,1073725440,1073725440
31080833,1073725440,1073725440
31312833,1073725440,1073725440
31543833,1073725440,1073725440
31782833,1073725440,1073725440
32044833,1073725440,1073725440
32289833,1073725440,1073725440
32546833,1073725440,1073725440
32787833,1073725440,1073725440
33022833,1073725440,1073725440
33254833,1073725440,1073725440
33485833,1073725440,1073725440
33716833,1073725440,1073725440
33946833,1073725440,1073725440
34176833,1073725440,1073725440
34406833,1073725440,1073725440
34636833,1073725440,1073725440
34867833,1073725440,1073725440
35097833,1073725440,1073725440
35327833,1073725440,1073725440
35557833,1073725440,1073725440
35788833,1073725440,1073725440
36060833,1073725440,1073725440
36357833,1073725440,1073725440
36681833,1073725440,1073725440
36979833,1073725440,1073725440
37323833,1073725440,1073725440
37599833,1073725440,1073725440
37860833,1073725440,1073725440
38106833,1073725440,1073725440
38397833,1073725440,1073725440
38749833,1073725440,1073725440
39026833,1073725440,1073725440
39273833,1073725440,1073725440
39509833,1073725440,1073725440
39745833,1073725440,1073725440
40079833,1073725440,1073725440
40536833,1073725440,1073725440
41135833,1073725440,1073725440
41671833,1073725440,1073725440
42477833,1073725440,1073725440
42925833,1073725440,1073725440
43331833,1073725440,1073725440
43585833,1073725440,1073725440
43827833,1073725440,1073725440
44173833,1073725440,1073725440
44547833,1073725440,1073725440
44831833,1073725440,1073725440
45135833,1073725440,1073725440
45395833,1073725440,1073725440
45638833,1073725440,1073725440
45875833,1073725440,1073725440
46109833,1073725440,1073725440
46341833,1073725440,1073725440
46572833,1073725440,1073725440
46803833,1073725440,1073725440
47042833,1073725440,1073725440
47350833,1073725440,1073725440
47644833,1073725440,1073725440
47903833,1073725440,1073725440
48146833,1073725440,1073725440
48400833,1073725440,1073725440
48638833,1073725440,1073725440
48871833,1073725440,1073725440
49102833,1073725440,1073725440
49333833,1073725440,1073725440
49563833,1073725440,1073725440
49793833,1073725440,1073725440
50028833,1073725440,1073725440
50260833,1073725440,1073725440
50491833,1073725440,1073725440
50721833,1073725440,1073725440
50952833,1073725440,1073725440
51183833,1073725440,1073725440
51432833,1073725440,1073725440
51670833,1073725440,1073725440
51905833,1073725440,1073725440
52138833,1073725440,1073725440
52374833,1073725440,1073725440
52628833,1073725440,1073725440
52868833,1073725440,1073725440
53102833,1073725440,1073725440
53334833,1073725440,1073725440
53565833,1073725440,1073725440
53795833,1073725440,1073725440
54028833,1073725440,1073725440
54273833,1073725440,1073725440
54508833,1073725440,1073725440
54745833,1073725440,1073725440
54978833,1073725440,1073725440
55210833,1073725440,1073725440
55441833,1073725440,1073725440
55672833,1073725440,1073725440
55904833,1073725440,1073725440
56237833,1073725440,1073725440
56567833,1073725440,1073725440
56976833,1073725440,1073725440
57324833,1073725440,1073725440
57659833,1073725440,1073725440
57972833,1073725440,1073725440
58321833,1073725440,1073725440
58695833,1073725440,1073725440
58976833,1073725440,1073725440
59220833,1073725440,1073725440
59455833,1073725440,1073725440
59687833,1073725440,1073725440
59917833,1073725440,1073725440
