timestamp,rtt0,rtt1
611833,218,184
611833,218,184
829833,223,184
1052833,288,219
1340833,299,221
1639833,259,223
1898833,300,224
2198833,399,224
2597833,378,226
2975833,462,226
3437833,424,227
3861833,470,228
4331833,290,228
4621833,250,229
4871833,237,229
5108833,233,229
5341833,270,229
5611833,379,229
5990833,507,229
6497833,602,229
7099833,596,229
7695833,469,230
8164833,455,230
8619833,539,230
9158833,443,230
9601833,293,230
9894833,267,230
10161833,263,230
10424833,246,230
10670833,237,230
10907833,233,230
11140833,233,230
11373833,232,230
11605833,231,230
11836833,231,230
12067833,234,230
12301833,232,230
12533833,231,230
12764833,231,230
12995833,233,230
13228833,235,230
13463833,237,230
13700833,233,230
13933833,231,230
14164833,231,230
14395833,249,230
14644833,274,230
14918833,356,230
15274833,350,230
15624833,249,230
15873833,236,230
16109833,232,230
16341833,231,230
16572833,263,230
16835833,322,230
17157833,317,230
17474833,246,230
17720833,235,230
17955833,231,230
18186833,231,230
18417833,230,230
18647833,230,230
18877833,230,230
19107833,233,230
19340833,235,230
19575833,242,230
19817833,236,230
20053833,232,230
20285833,234,230
20519833,231,230
20750833,260,230
21010833,243,230
21253833,239,230
21492833,234,230
21726833,235,230
21961833,235,230
22196833,273,230
22469833,380,230
22849833,402,230
23251833,263,230
23514833,240,230
23754833,234,230
23988833,231,230
24219833,231,230
24450833,230,230
24680833,230,230
24910833,230,230
25140833,235,230
25375833,233,230
25608833,232,230
25840833,233,230
26073833,254,230
26327833,245,230
26572833,235,230
26807833,232,230
27039833,231,230
27270833,231,230
27501833,230,230
27731833,278,230
28009833,250,230
28259833,241,230
28500833,234,230
28734833,232,230
28966833,232,230
29198833,231,230
29429833,231,230
29660833,231,230
29891833,231,230
30122833,233,230
30355833,251,230
30606833,240,230
30846833,234,230
31080833,232,230
31312833,231,230
31543833,239,230
31782833,262,230
32044833,245,230
32289833,257,230
32546833,241,230
32787833,235,230
33022833,232,230
33254833,231,230
33485833,231,230
33716833,230,230
33946833,230,230
34176833,230,230
34406833,230,230
34636833,231,230
34867833,230,230
35097833,230,230
35327833,230,230
35557833,231,230
35788833,272,230
36060833,297,230
36357833,324,230
36681833,298,230
36979833,344,230
37323833,276,230
37599833,261,230
37860833,246,230
38106833,291,230
38397833,352,230
38749833,277,230
39026833,247,230
39273833,236,230
39509833,236,230
39745833,334,230
40079833,457,230
40536833,599,230
41135833,536,230
41671833,806,230
42477833,448,230
42925833,406,230
43331833,254,230
43585833,242,230
43827833,346,230
44173833,374,230
44547833,284,230
44831833,304,230
45135833,260,230
45395833,243,230
45638833,237,230
45875833,234,230
46109833,232,230
46341833,231,230
46572833,231,230
46803833,239,230
47042833,308,230
47350833,294,230
47644833,259,230
47903833,243,230
48146833,254,230
48400833,238,230
48638833,233,230
48871833,231,230
49102833,231,230
49333833,230,230
49563833,230,230
49793833,235,230
50028833,232,230
50260833,231,230
50491833,230,230
50721833,231,230
50952833,231,230
51183833,249,230
51432833,238,230
51670833,235,230
51905833,233,230
52138833,236,230
52374833,254,230
52628833,240,230
52868833,234,230
53102833,232,230
53334833,231,230
53565833,230,230
53795833,233,230
54028833,245,230
54273833,235,230
54508833,237,230
54745833,233,230
54978833,232,230
55210833,231,230
55441833,231,230
55672833,232,230
55904833,333,230
56237833,330,230
56567833,409,230
56976833,348,230
57324833,335,230
57659833,313,230
57972833,349,230
58321833,374,230
58695833,281,230
58976833,244,230
59220833,235,230
59455833,232,230
59687833,230,230
59917833,231,230
