timestamp,unAck0,unAck1
611833,5672,5672
611833,5672,5672
829833,14180,5672
1052833,18434,1418
1340833,11344,1418
1639833,18434,1418
1898833,26942,1418
2198833,21270,1418
2597833,28360,1418
2975833,24106,1418
3437833,26942,1418
3861833,18434,1418
4331833,11344,1418
4621833,12762,1418
4871833,11344,1418
5108833,17016,1418
5341833,31196,1418
5611833,31196,1418
5990833,36868,1418
6497833,35450,1418
7099833,28360,1418
7695833,26942,1418
8164833,32614,1418
8619833,28360,1418
9158833,18434,1418
9601833,15598,1418
9894833,15598,1418
10161833,8508,1418
10424833,9926,0
10670833,7090,1418
10907833,9926,1418
11140833,5672,1418
11373833,5672,1418
11605833,5672,1418
11836833,8508,1418
12067833,5672,1418
12301833,5672,1418
12533833,7090,1418
12764833,8508,1418
12995833,9926,1418
13228833,11344,1418
13463833,9926,1418
13700833,8508,1418
13933833,8508,1418
14164833,14180,1418
14395833,17016,1418
14644833,24106,1418
14918833,19852,1418
15274833,12762,1418
15624833,12762,1418
15873833,11344,1418
16109833,11344,1418
16341833,15598,1418
16572833,21270,1418
16835833,18434,1418
17157833,12762,1418
17474833,11344,1418
17720833,12762,1418
17955833,8508,1418
18186833,8508,1418
18417833,5672,1418
18647833,5672,1418
18877833,8508,1418
19107833,9926,1418
19340833,12762,1418
19575833,8508,1418
19817833,8508,1418
20053833,12762,1418
20285833,12762,1418
20519833,15598,1418
20750833,11344,1418
21010833,14180,1418
21253833,8508,1418
21492833,11344,1418
21726833,12762,1418
21961833,17016,1418
22196833,28360,1418
22469833,22688,1418
22849833,15598,1418
23251833,12762,1418
23514833,11344,1418
23754833,8508,1418
23988833,7090,1418
24219833,5672,1418
24450833,4254,1418
24680833,5672,1418
24910833,8508,1418
25140833,5672,1418
25375833,2836,1418
25608833,5672,1418
25840833,11344,1418
26073833,12762,1418
26327833,11344,1418
26572833,12762,1418
26807833,9926,1418
27039833,9926,1418
27270833,9926,1418
27501833,17016,1418
27731833,12762,1418
28009833,14180,1418
28259833,11344,1418
28500833,8508,1418
28734833,4254,1418
28966833,2836,1418
29198833,2836,1418
29429833,1418,1418
29660833,2836,1418
29891833,2836,1418
30122833,7090,1418
30355833,7090,1418
30606833,8508,1418
30846833,5672,1418
31080833,7090,1418
31312833,9926,1418
31543833,14180,1418
31782833,14180,1418
32044833,15598,1418
32289833,9926,1418
32546833,9926,1418
32787833,11344,1418
33022833,11344,1418
33254833,9926,1418
33485833,11344,1418
33716833,8508,1418
33946833,9926,1418
34176833,8508,1418
34406833,9926,1418
34636833,8508,1418
34867833,7090,1418
35097833,7090,1418
35327833,8508,1418
35557833,15598,1418
35788833,18434,1418
36060833,19852,1418
36357833,17016,1418
36681833,21270,1418
36979833,12762,1418
37323833,15598,1418
37599833,14180,1418
37860833,17016,1418
38106833,22688,1418
38397833,12762,1418
38749833,14180,1418
39026833,11344,1418
39273833,12762,1418
39509833,25524,1418
39745833,35450,1418
40079833,36868,1418
40536833,29778,1418
41135833,48212,1418
41671833,24106,1418
42477833,25524,1418
42925833,12762,1418
43331833,12762,1418
43585833,25524,1418
43827833,21270,1418
44173833,14180,1418
44547833,18434,1418
44831833,11344,1418
45135833,14180,1418
45395833,7090,1418
45638833,5672,1418
45875833,5672,1418
46109833,5672,1418
46341833,7090,1418
46572833,11344,1418
46803833,18434,1418
47042833,17016,1418
47350833,8508,1418
47644833,8508,1418
47903833,12762,1418
48146833,11344,1418
48400833,11344,1418
48638833,9926,1418
48871833,5672,0
49102833,5672,1418
49333833,5672,1418
49563833,9926,0
49793833,9926,1418
50028833,7090,1418
50260833,8508,1418
50491833,9926,1418
50721833,5672,1418
50952833,11344,1418
51183833,9926,1418
51432833,5672,1418
51670833,4254,1418
51905833,8508,1418
52138833,12762,1418
52374833,9926,1418
52628833,8508,1418
52868833,11344,1418
53102833,9926,1418
53334833,9926,1418
53565833,12762,1418
53795833,14180,1418
54028833,12762,1418
54273833,14180,1418
54508833,8508,1418
54745833,8508,1418
54978833,7090,1418
55210833,8508,1418
55441833,9926,1418
55672833,22688,1418
55904833,18434,1418
56237833,25524,1418
56567833,19852,1418
56976833,19852,1418
57324833,18434,1418
57659833,21270,1418
57972833,21270,1418
58321833,17016,1418
58695833,12762,1418
58976833,11344,1418
59220833,9926,1418
59455833,9926,1418
59687833,9926,1418
59917833,15598,1418
