timestamp,lastAckedSeq,highTxMark,availableTxBuffer,nextTxSeq,totalCwnd,unAckMeta
611833,5673,17017,1158,17017,11344,11344
611833,5673,17017,1158,17017,16079,11344
829833,11345,31197,1158,31197,16079,19852
1052833,29779,49631,1158,49631,19958,19852
1340833,48213,60975,1158,60975,14144,12762
1639833,65229,86499,1158,86499,20397,21270
1898833,82245,112023,1158,112023,29311,29778
2198833,102097,126203,1158,126203,23210,24106
2597833,127621,158817,1158,158817,30856,31196
2975833,151727,178669,1158,178669,26797,26942
3437833,182923,212701,2576,212701,31103,29778
3861833,209865,231135,1158,231135,19990,21270
4331833,239643,252405,1158,252405,14189,12762
4621833,256659,270839,1158,270839,15047,14180
4871833,270839,283601,1158,283601,13489,12762
5108833,285019,303453,1158,303453,19486,18434
5341833,299199,331813,1158,331813,33867,32614
5611833,316215,350247,1158,350247,33629,34032
5990833,341739,381443,1158,381443,39519,39704
6497833,372935,412639,1158,412639,37711,39704
7099833,414057,445253,1158,445253,30911,31196
7695833,452343,482121,1158,482121,29095,29778
8164833,483539,518989,1158,518989,34503,35450
8619833,513317,544513,1158,544513,30464,31196
9158833,548767,568619,1158,568619,21216,19852
9601833,578545,595561,1158,595561,18457,17016
9894833,596979,613995,1158,613995,17214,17016
10161833,613995,623921,1158,623921,10999,9926
10424833,628175,638101,3994,638101,13570,9926
10670833,639519,648027,1158,648027,9028,8508
10907833,649445,660789,1158,660789,12340,11344
11140833,660789,667879,1158,667879,7573,7090
11373833,667879,674969,1158,674969,8260,7090
11605833,674969,682059,1158,682059,8056,7090
11836833,682059,691985,1158,691985,10113,9926
12067833,691985,699075,1158,699075,7883,7090
12301833,699075,706165,1158,706165,7226,7090
12533833,706165,714673,1158,714673,9392,8508
12764833,714673,724599,1158,724599,10477,9926
12995833,724599,735943,1158,735943,12389,11344
13228833,735943,748705,1158,748705,13005,12762
13463833,748705,760049,1158,760049,11471,11344
13700833,760049,769975,1158,769975,10265,9926
13933833,771393,781319,2576,781319,11920,9926
14164833,781319,796917,1158,796917,16442,15598
14395833,796917,815351,1158,815351,19464,18434
14644833,813933,839457,2576,839457,25664,25524
14918833,829531,852219,1158,852219,21591,22688
15274833,852219,866399,1158,866399,15234,14180
15624833,874907,889087,1158,889087,15343,14180
15873833,889087,901849,1158,901849,13102,12762
16109833,901849,914611,1158,914611,13773,12762
16341833,916029,933045,1158,933045,18087,17016
16572833,930209,952897,1158,952897,23055,22688
16835833,945807,967077,1158,967077,20609,21270
17157833,967077,981257,1158,981257,14793,14180
17474833,988347,1001109,2576,1001109,14681,12762
17720833,1002527,1016707,1158,1016707,14580,14180
17955833,1016707,1026633,1158,1026633,10355,9926
18186833,1026633,1036559,1158,1036559,10443,9926
18417833,1036559,1043649,1158,1043649,8518,7090
18647833,1043649,1050739,1158,1050739,7777,7090
18877833,1050739,1060665,1158,1060665,11213,9926
19107833,1060665,1072009,1158,1072009,11993,11344
19340833,1072009,1086189,1158,1086189,14588,14180
19575833,1086189,1096115,1158,1096115,10107,9926
19817833,1096115,1106041,1158,1106041,11418,9926
20053833,1107459,1121639,1158,1121639,14445,14180
20285833,1121639,1135819,1158,1135819,14538,14180
20519833,1135819,1152835,1158,1152835,18302,17016
20750833,1151417,1164179,2576,1164179,14479,12762
21010833,1167015,1182613,1158,1182613,16403,15598
21253833,1182613,1192539,1158,1192539,10133,9926
21492833,1192539,1205301,1158,1205301,13518,12762
21726833,1205301,1219481,1158,1219481,14344,14180
21961833,1219481,1237915,1158,1237915,19731,18434
22196833,1235079,1264857,1158,1264857,30443,29778
22469833,1252095,1277619,1158,1277619,24623,25524
22849833,1279037,1296053,2576,1296053,17659,17016
23251833,1303143,1317323,1158,1317323,15651,14180
23514833,1318741,1331503,1158,1331503,13481,12762
23754833,1331503,1341429,1158,1341429,10411,9926
23988833,1341429,1349937,1158,1349937,8634,8508
24219833,1349937,1357027,1158,1357027,8032,7090
24450833,1357027,1362699,1158,1362699,6861,5672
24680833,1362699,1369789,1158,1369789,8261,7090
24910833,1369789,1379715,1158,1379715,11358,9926
25140833,1379715,1386805,1158,1386805,8433,7090
25375833,1386805,1391059,1158,1391059,5554,4254
25608833,1392477,1399567,1158,1399567,7614,7090
25840833,1399567,1412329,1158,1412329,13391,12762
26073833,1412329,1426509,1158,1426509,14680,14180
26327833,1426509,1439271,1158,1439271,13534,12762
26572833,1440689,1454869,1158,1454869,15407,14180
26807833,1454869,1466213,1158,1466213,11879,11344
27039833,1466213,1477557,1158,1477557,12302,11344
27270833,1477557,1488901,1158,1488901,11968,11344
27501833,1488901,1507335,1158,1507335,18636,18434
27731833,1504499,1518679,1158,1518679,14579,14180
28009833,1521515,1537113,1158,1537113,16298,15598
28259833,1537113,1549875,1158,1549875,13335,12762
28500833,1549875,1559801,1158,1559801,10124,9926
28734833,1559801,1565473,1158,1565473,6506,5672
28966833,1565473,1569727,1158,1569727,4564,4254
29198833,1569727,1573981,1158,1573981,4446,4254
29429833,1573981,1576817,1158,1576817,4186,2836
29660833,1578235,1582489,1158,1582489,5262,4254
29891833,1582489,1586743,2576,1586743,6817,4254
30122833,1588161,1596669,2576,1596669,10440,8508
30355833,1596669,1605177,1158,1605177,9174,8508
30606833,1606595,1616521,1158,1616521,11121,9926
30846833,1616521,1623611,1158,1623611,8112,7090
31080833,1625029,1633537,1158,1633537,9934,8508
31312833,1633537,1644881,1158,1644881,11667,11344
31543833,1644881,1660479,1158,1660479,16500,15598
31782833,1660479,1676077,1158,1676077,15753,15598
32044833,1677495,1694511,1158,1694511,17582,17016
32289833,1693093,1704437,1158,1704437,11968,11344
32546833,1705855,1717199,1158,1717199,12364,11344
32787833,1717199,1729961,1158,1729961,12944,12762
33022833,1729961,1742723,1158,1742723,13095,12762
33254833,1742723,1754067,1158,1754067,12421,11344
33485833,1754067,1766829,1158,1766829,14258,12762
33716833,1766829,1776755,1158,1776755,11317,9926
33946833,1776755,1788099,1158,1788099,12283,11344
34176833,1788099,1798025,1158,1798025,11098,9926
34406833,1798025,1809369,1158,1809369,11567,11344
34636833,1809369,1819295,1158,1819295,10647,9926
34867833,1819295,1827803,1158,1827803,9867,8508
35097833,1827803,1836311,1158,1836311,9158,8508
35327833,1836311,1846237,1158,1846237,10840,9926
35557833,1846237,1863253,1158,1863253,17340,17016
35788833,1860417,1880269,1158,1880269,20469,19852
36060833,1878851,1900121,1158,1900121,21425,21270
36357833,1897285,1917137,1158,1917137,19417,19852
36681833,1919973,1942661,1158,1942661,22961,22688
36979833,1938407,1952587,1158,1952587,14926,14180
37323833,1961095,1978111,1158,1978111,17806,17016
37599833,1979529,1995127,1158,1995127,15840,15598
37860833,1996545,2014979,2576,2014979,21221,18434
38106833,2012143,2036249,1158,2036249,24950,24106
38397833,2030577,2044757,1158,2044757,14814,14180
38749833,2053265,2068863,1158,2068863,16020,15598
39026833,2068863,2081625,1158,2081625,12856,12762
39273833,2083043,2097223,1158,2097223,14511,14180
39509833,2097223,2124165,1158,2124165,27309,26942
39745833,2111403,2149689,1158,2149689,37800,38286
40079833,2132673,2172377,1158,2172377,38589,39704
40536833,2162451,2195065,1158,2195065,31963,32614
41135833,2202155,2254621,2576,2254621,52308,52466
41671833,2236187,2264547,1158,2264547,26962,28360
42477833,2291489,2318431,1158,2318431,27804,26942
42925833,2321267,2335447,2576,2335447,16940,14180
43331833,2348209,2362389,2576,2362389,16103,14180
43585833,2363807,2390749,1158,2390749,27459,26942
43827833,2377987,2402093,1158,2402093,24170,24106
44173833,2403511,2419109,1158,2419109,16987,15598
44547833,2426199,2446051,1158,2446051,21173,19852
44831833,2444633,2457395,1158,2457395,13175,12762
45135833,2463067,2478665,1158,2478665,16111,15598
45395833,2478665,2487173,1158,2487173,9354,8508
45638833,2487173,2494263,1158,2494263,8172,7090
45875833,2494263,2501353,1158,2501353,8202,7090
46109833,2501353,2508443,1158,2508443,8268,7090
46341833,2509861,2518369,1158,2518369,9414,8508
46572833,2518369,2531131,1158,2531131,13608,12762
46803833,2531131,2550983,1158,2550983,20122,19852
47042833,2545311,2565163,1158,2565163,18625,19852
47350833,2565163,2575089,1158,2575089,10051,9926
47644833,2575089,2585015,1158,2585015,10865,9926
47903833,2587851,2602031,1158,2602031,14447,14180
48146833,2602031,2614793,1158,2614793,13645,12762
48400833,2614793,2627555,1158,2627555,13650,12762
48638833,2627555,2638899,1158,2638899,12488,11344
48871833,2640317,2645989,2576,2645989,7763,5672
49102833,2647407,2654497,1158,2654497,8352,7090
49333833,2654497,2661587,1158,2661587,8486,7090
49563833,2661587,2671513,2576,2671513,12265,9926
49793833,2671513,2682857,1158,2682857,12711,11344
50028833,2684275,2692783,1158,2692783,9517,8508
50260833,2694201,2704127,1158,2704127,10619,9926
50491833,2704127,2715471,1158,2715471,11454,11344
50721833,2715471,2722561,2576,2722561,9909,7090
50952833,2723979,2736741,2576,2736741,14621,12762
51183833,2736741,2748085,1158,2748085,12223,11344
51432833,2748085,2755175,1158,2755175,7754,7090
51670833,2755175,2760847,1158,2760847,6827,5672
51905833,2762265,2772191,1158,2772191,11228,9926
52138833,2772191,2786371,1158,2786371,14314,14180
52374833,2786371,2797715,1158,2797715,11564,11344
52628833,2797715,2807641,1158,2807641,10474,9926
52868833,2809059,2821821,1158,2821821,13162,12762
53102833,2821821,2833165,1158,2833165,11665,11344
53334833,2833165,2844509,1158,2844509,12814,11344
53565833,2844509,2858689,1158,2858689,14722,14180
53795833,2858689,2874287,1158,2874287,15973,15598
54028833,2874287,2888467,1158,2888467,14459,14180
54273833,2888467,2904065,1158,2904065,16639,15598
54508833,2904065,2913991,1158,2913991,11332,9926
54745833,2913991,2923917,1158,2923917,10893,9926
54978833,2923917,2932425,1158,2932425,9310,8508
55210833,2932425,2942351,1158,2942351,11186,9926
55441833,2942351,2953695,1158,2953695,12671,11344
55672833,2953695,2977801,1158,2977801,25517,24106
55904833,2967875,2989145,1158,2989145,20200,21270
56237833,2990563,3017505,1158,3017505,27979,26942
56567833,3011833,3034521,1158,3034521,22388,22688
56976833,3038775,3060045,1158,3060045,22696,21270
57324833,3060045,3081315,1158,3081315,20332,21270
57659833,3082733,3105421,1158,3105421,23287,22688
57972833,3104003,3126691,2576,3126691,25268,22688
58321833,3125273,3145125,1158,3145125,18858,19852
58695833,3149379,3163559,1158,3163559,15141,14180
58976833,3166395,3179157,1158,3179157,13596,12762
59220833,3179157,3190501,1158,3190501,12085,11344
59455833,3190501,3201845,1158,3201845,12169,11344
59687833,3203263,3214607,2576,3214607,13030,11344
59917833,3214607,3231623,1158,3231623,18175,17016
