timestamp,rWnd0,rWnd1
611833,1073725440,1073725440
611833,1073725440,1073725440
829833,1073725440,1073725440
1052833,1073725440,1073725440
1361833,1073725440,1073725440
1782833,1073725440,1073725440
2076833,1073725440,1073725440
2319833,1073725440,1073725440
2553833,1073725440,1073725440
2785833,1073725440,1073725440
3016833,1073725440,1073725440
3255833,1073725440,1073725440
3554833,1073725440,1073725440
3933833,1073725440,1073725440
4218833,1073725440,1073725440
4465833,1073725440,1073725440
4703833,1073725440,1073725440
4942833,1073725440,1073725440
5188833,1073725440,1073725440
5425833,1073725440,1073725440
5664833,1073725440,1073725440
5922833,1073725440,1073725440
6165833,1073725440,1073725440
6400833,1073725440,1073725440
6633833,1073725440,1073725440
6865833,1073725440,1073725440
7096833,1073725440,1073725440
7328833,1073725440,1073725440
7565833,1073725440,1073725440
7815833,1073725440,1073725440
8054833,1073725440,1073725440
8291833,1073725440,1073725440
8601833,1073725440,1073725440
8945833,1073725440,1073725440
9246833,1073725440,1073725440
9512833,1073725440,1073725440
9764833,1073725440,1073725440
10009833,1073725440,1073725440
10259833,1073725440,1073725440
10547833,1073725440,1073725440
10813833,1073725440,1073725440
11075833,1073725440,1073725440
11316833,1073725440,1073725440
11550833,1073725440,1073725440
11839833,1073725440,1073725440
12228833,1073725440,1073725440
12647833,1073725440,1073725440
13115833,1073725440,1073725440
13711833,1073725440,1073725440
14329833,1073725440,1073725440
14672833,1073725440,1073725440
15006833,1073725440,1073725440
15276833,1073725440,1073725440
15523833,1073725440,1073725440
15844833,1073725440,1073725440
16178833,1073725440,1073725440
16442833,1073725440,1073725440
16685833,1073725440,1073725440
16924833,1073725440,1073725440
17157833,1073725440,1073725440
17443833,1073725440,1073725440
17700833,1073725440,1073725440
17962833,1073725440,1073725440
18202833,1073725440,1073725440
18504833,1073725440,1073725440
18847833,1073725440,1073725440
19239833,1073725440,1073725440
19605833,1073725440,1073725440
19983833,1073725440,1073725440
20251833,1073725440,1073725440
20514833,1073725440,1073725440
20756833,1073725440,1073725440
20990833,1073725440,1073725440
21236833,1073725440,1073725440
21524833,1073725440,1073725440
21907833,1073725440,1073725440
22196833,1073725440,1073725440
22447833,1073725440,1073725440
22688833,1073725440,1073725440
22924833,1073725440,1073725440
23156833,1073725440,1073725440
23388833,1073725440,1073725440
23625833,1073725440,1073725440
23868833,1073725440,1073725440
24103833,1073725440,1073725440
24399833,1073725440,1073725440
24721833,1073725440,1073725440
25033833,1073725440,1073725440
25285833,1073725440,1073725440
25523833,1073725440,1073725440
25756833,1073725440,1073725440
26001833,1073725440,1073725440
26249833,1073725440,1073725440
26490833,1073725440,1073725440
26808833,1073725440,1073725440
27201833,1073725440,1073725440
27572833,1073725440,1073725440
28032833,1073725440,1073725440
28374833,1073725440,1073725440
28659833,1073725440,1073725440
28925833,1073725440,1073725440
29170833,1073725440,1073725440
29407833,1073725440,1073725440
29641833,1073725440,1073725440
29873833,1073725440,1073725440
30108833,1073725440,1073725440
30340833,1073725440,1073725440
30571833,1073725440,1073725440
30801833,1073725440,1073725440
31032833,1073725440,1073725440
31280833,1073725440,1073725440
31564833,1073725440,1073725440
31962833,1073725440,1073725440
32508833,1073725440,1073725440
32979833,1073725440,1073725440
33542833,1073725440,1073725440
34041833,1073725440,1073725440
34474833,1073725440,1073725440
34989833,1073725440,1073725440
35440833,1073725440,1073725440
35936833,1073725440,1073725440
36354833,1073725440,1073725440
36910833,1073725440,1073725440
37724833,1073725440,1073725440
38481833,1073725440,1073725440
39060833,1073725440,1073725440
39435833,1073725440,1073725440
39751833,1073725440,1073725440
40100833,1073725440,1073725440
40377833,1073725440,1073725440
40623833,1073725440,1073725440
40864833,1073725440,1073725440
41099833,1073725440,1073725440
41331833,1073725440,1073725440
41562833,1073725440,1073725440
41792833,1073725440,1073725440
42022833,1073725440,1073725440
42254833,1073725440,1073725440
42505833,1073725440,1073725440
42856833,1073725440,1073725440
43367833,1073725440,1073725440
43888833,1073725440,1073725440
44333833,1073725440,1073725440
44651833,1073725440,1073725440
44944833,1073725440,1073725440
45268833,1073725440,1073725440
45536833,1073725440,1073725440
45781833,1073725440,1073725440
46047833,1073725440,1073725440
46309833,1073725440,1073725440
46588833,1073725440,1073725440
46889833,1073725440,1073725440
47148833,1073725440,1073725440
47393833,1073725440,1073725440
47630833,1073725440,1073725440
47950833,1073725440,1073725440
48221833,1073725440,1073725440
48465833,1073725440,1073725440
48701833,1073725440,1073725440
48934833,1073725440,1073725440
49205833,1073725440,1073725440
49451833,1073725440,1073725440
49688833,1073725440,1073725440
49922833,1073725440,1073725440
50154833,1073725440,1073725440
50385833,1073725440,1073725440
50619833,1073725440,1073725440
50850833,1073725440,1073725440
51080833,1073725440,1073725440
51311833,1073725440,1073725440
51543833,1073725440,1073725440
51774833,1073725440,1073725440
52006833,1073725440,1073725440
52237833,1073725440,1073725440
52467833,1073725440,1073725440
52704833,1073725440,1073725440
52937833,1073725440,1073725440
53174833,1073725440,1073725440
53407833,1073725440,1073725440
53638833,1073725440,1073725440
53868833,1073725440,1073725440
54098833,1073725440,1073725440
54330833,1073725440,1073725440
54575833,1073725440,1073725440
54810833,1073725440,1073725440
55042833,1073725440,1073725440
55274833,1073725440,1073725440
55526833,1073725440,1073725440
55784833,1073725440,1073725440
56145833,1073725440,1073725440
56564833,1073725440,1073725440
56991833,1073725440,1073725440
57419833,1073725440,1073725440
57792833,1073725440,1073725440
58213833,1073725440,1073725440
58620833,1073725440,1073725440
58915833,1073725440,1073725440
59221833,1073725440,1073725440
59566833,1073725440,1073725440
59851833,1073725440,1073725440
