timestamp,availableTxBuffer0,availableTxBuffer1
611833,246472,246472
611833,246472,246472
829833,229456,246472
1052833,225202,250726
1361833,235128,250726
1782833,239382,250726
2076833,239382,250726
2319833,242218,250726
2553833,240800,250726
2785833,237964,250726
3016833,232292,250726
3255833,226620,250726
3554833,237964,250726
3933833,240800,250726
4218833,242218,250726
4465833,240800,250726
4703833,237964,250726
4942833,243636,250726
5188833,239382,250726
5425833,236546,250726
5664833,237964,250726
5922833,242218,250726
6165833,246472,250726
6400833,246472,250726
6633833,245054,250726
6865833,243636,250726
7096833,240800,250726
7328833,237964,250726
7565833,243636,250726
7815833,240800,250726
8054833,233710,250726
8291833,232292,250726
8601833,235128,250726
8945833,245054,250726
9246833,247890,250726
9512833,249308,250726
9764833,245054,250726
10009833,237964,250726
10259833,236546,250726
10547833,236546,252144
10813833,240800,250726
11075833,240800,250726
11316833,235128,250726
11550833,223784,250726
11839833,228038,250726
12228833,223784,250726
12647833,215276,250726
13115833,215276,250726
13711833,232292,250726
14329833,232292,250726
14672833,243636,250726
15006833,237964,250726
15276833,230874,250726
15523833,232292,250726
15844833,236546,250726
16178833,237964,250726
16442833,237964,250726
16685833,240800,250726
16924833,233710,250726
17157833,239382,250726
17443833,236546,250726
17700833,239382,250726
17962833,232292,250726
18202833,230874,250726
18504833,228038,250726
18847833,232292,250726
19239833,229456,250726
19605833,237964,250726
19983833,236546,250726
20251833,237964,250726
20514833,239382,250726
20756833,237964,250726
20990833,233710,250726
21236833,225202,250726
21524833,239382,250726
21907833,240800,250726
22196833,246472,250726
22447833,243636,250726
22688833,243636,250726
22924833,242218,250726
23156833,240800,250726
23388833,239382,250726
23625833,239382,250726
23868833,233710,250726
24103833,233710,250726
24399833,233710,250726
24721833,240800,250726
25033833,240800,250726
25285833,245054,250726
25523833,239382,250726
25756833,237964,250726
26001833,237964,250726
26249833,232292,250726
26490833,226620,250726
26808833,230874,250726
27201833,223784,250726
27572833,230874,250726
28032833,235128,250726
28374833,236546,250726
28659833,237964,250726
28925833,243636,250726
29170833,246472,250726
29407833,246472,250726
29641833,242218,250726
29873833,242218,250726
30108833,242218,250726
30340833,243636,250726
30571833,242218,250726
30801833,239382,250726
31032833,235128,250726
31280833,215276,250726
31564833,223784,250726
31962833,226620,250726
32508833,218112,250726
32979833,220948,250726
33542833,228038,250726
34041833,220948,250726
34474833,226620,250726
34989833,222366,250726
35440833,229456,250726
35936833,218112,250726
36354833,191170,250726
36910833,208186,250726
37724833,212440,250726
38481833,225202,250726
39060833,235128,250726
39435833,230874,250726
39751833,242218,250726
40100833,242218,250726
40377833,240800,250726
40623833,243636,250726
40864833,243636,250726
41099833,243636,250726
41331833,243636,250726
41562833,246472,250726
41792833,243636,250726
42022833,239382,252144
42254833,223784,252144
42505833,211022,250726
42856833,232292,250726
43367833,223784,250726
43888833,232292,250726
44333833,235128,250726
44651833,232292,250726
44944833,240800,250726
45268833,242218,250726
45536833,237964,250726
45781833,236546,250726
46047833,235128,250726
46309833,233710,252144
46588833,240800,250726
46889833,245054,250726
47148833,245054,250726
47393833,235128,250726
47630833,240800,250726
47950833,243636,250726
48221833,243636,250726
48465833,243636,250726
48701833,237964,250726
48934833,242218,250726
49205833,243636,250726
49451833,245054,250726
49688833,243636,250726
49922833,245054,250726
50154833,242218,250726
50385833,242218,250726
50619833,245054,250726
50850833,243636,250726
51080833,242218,250726
51311833,246472,250726
51543833,245054,250726
51774833,245054,250726
52006833,245054,250726
52237833,242218,250726
52467833,243636,250726
52704833,240800,250726
52937833,240800,250726
53174833,242218,250726
53407833,245054,250726
53638833,245054,250726
53868833,242218,250726
54098833,239382,250726
54330833,240800,250726
54575833,243636,250726
54810833,240800,250726
55042833,237964,250726
55274833,236546,250726
55526833,226620,250726
55784833,226620,250726
56145833,226620,250726
56564833,226620,250726
56991833,230874,250726
57419833,226620,250726
57792833,228038,250726
58213833,240800,250726
58620833,233710,250726
58915833,230874,250726
59221833,235128,250726
59566833,239382,250726
59851833,233710,250726
