timestamp,unAck0,unAck1
611833,5672,5672
611833,5672,5672
829833,22688,5672
1052833,26942,1418
1361833,17016,1418
1782833,12762,1418
2076833,12762,1418
2319833,9926,1418
2553833,11344,1418
2785833,14180,1418
3016833,19852,1418
3255833,25524,1418
3554833,14180,1418
3933833,11344,1418
4218833,9926,1418
4465833,11344,1418
4703833,14180,1418
4942833,8508,1418
5188833,12762,1418
5425833,15598,1418
5664833,14180,1418
5922833,9926,1418
6165833,5672,1418
6400833,5672,1418
6633833,7090,1418
6865833,8508,1418
7096833,11344,1418
7328833,14180,1418
7565833,8508,1418
7815833,11344,1418
8054833,18434,1418
8291833,19852,1418
8601833,17016,1418
8945833,7090,1418
9246833,4254,1418
9512833,2836,1418
9764833,7090,1418
10009833,14180,1418
10259833,15598,1418
10547833,15598,0
10813833,11344,1418
11075833,11344,1418
11316833,17016,1418
11550833,28360,1418
11839833,24106,1418
12228833,28360,1418
12647833,36868,1418
13115833,36868,1418
13711833,19852,1418
14329833,19852,1418
14672833,8508,1418
15006833,14180,1418
15276833,21270,1418
15523833,19852,1418
15844833,15598,1418
16178833,14180,1418
16442833,14180,1418
16685833,11344,1418
16924833,18434,1418
17157833,12762,1418
17443833,15598,1418
17700833,12762,1418
17962833,19852,1418
18202833,21270,1418
18504833,24106,1418
18847833,19852,1418
19239833,22688,1418
19605833,14180,1418
19983833,15598,1418
20251833,14180,1418
20514833,12762,1418
20756833,14180,1418
20990833,18434,1418
21236833,26942,1418
21524833,12762,1418
21907833,11344,1418
22196833,5672,1418
22447833,8508,1418
22688833,8508,1418
22924833,9926,1418
23156833,11344,1418
23388833,12762,1418
23625833,12762,1418
23868833,18434,1418
24103833,18434,1418
24399833,18434,1418
24721833,11344,1418
25033833,11344,1418
25285833,7090,1418
25523833,12762,1418
25756833,14180,1418
26001833,14180,1418
26249833,19852,1418
26490833,25524,1418
26808833,21270,1418
27201833,28360,1418
27572833,21270,1418
28032833,17016,1418
28374833,15598,1418
28659833,14180,1418
28925833,8508,1418
29170833,5672,1418
29407833,5672,1418
29641833,9926,1418
29873833,9926,1418
30108833,9926,1418
30340833,8508,1418
30571833,9926,1418
30801833,12762,1418
31032833,17016,1418
31280833,36868,1418
31564833,28360,1418
31962833,25524,1418
32508833,34032,1418
32979833,31196,1418
33542833,24106,1418
34041833,31196,1418
34474833,25524,1418
34989833,29778,1418
35440833,22688,1418
35936833,34032,1418
36354833,60974,1418
36910833,43958,1418
37724833,39704,1418
38481833,26942,1418
39060833,17016,1418
39435833,21270,1418
39751833,9926,1418
40100833,9926,1418
40377833,11344,1418
40623833,8508,1418
40864833,8508,1418
41099833,8508,1418
41331833,8508,1418
41562833,5672,1418
41792833,8508,1418
42022833,12762,0
42254833,28360,0
42505833,41122,1418
42856833,19852,1418
43367833,28360,1418
43888833,19852,1418
44333833,17016,1418
44651833,19852,1418
44944833,11344,1418
45268833,9926,1418
45536833,14180,1418
45781833,15598,1418
46047833,17016,1418
46309833,18434,0
46588833,11344,1418
46889833,7090,1418
47148833,7090,1418
47393833,17016,1418
47630833,11344,1418
47950833,8508,1418
48221833,8508,1418
48465833,8508,1418
48701833,14180,1418
48934833,9926,1418
49205833,8508,1418
49451833,7090,1418
49688833,8508,1418
49922833,7090,1418
50154833,9926,1418
50385833,9926,1418
50619833,7090,1418
50850833,8508,1418
51080833,9926,1418
51311833,5672,1418
51543833,7090,1418
51774833,7090,1418
52006833,7090,1418
52237833,9926,1418
52467833,8508,1418
52704833,11344,1418
52937833,11344,1418
53174833,9926,1418
53407833,7090,1418
53638833,7090,1418
53868833,9926,1418
54098833,12762,1418
54330833,11344,1418
54575833,8508,1418
54810833,11344,1418
55042833,14180,1418
55274833,15598,1418
55526833,25524,1418
55784833,25524,1418
56145833,25524,1418
56564833,25524,1418
56991833,21270,1418
57419833,25524,1418
57792833,24106,1418
58213833,11344,1418
58620833,18434,1418
58915833,21270,1418
59221833,17016,1418
59566833,12762,1418
59851833,18434,1418
