timestamp,cWnd0,cWnd1
611833,5672,5672
611833,23620,1500
829833,23620,1500
1052833,28058,1500
1361833,18170,1500
1782833,13902,1500
2076833,13102,1500
2319833,11320,1500
2553833,12269,1500
2785833,14680,1500
3016833,20170,1500
3255833,25861,1500
3554833,14377,1500
3933833,11457,1500
4218833,10563,1500
4465833,14091,1500
4703833,14704,1500
4942833,9178,1500
5188833,13389,1500
5425833,15955,1500
5664833,14643,1500
5922833,11074,1500
6165833,6956,1500
6400833,6148,1500
6633833,7647,1500
6865833,9626,1500
7096833,12568,1500
7328833,14603,1500
7565833,8805,1500
7815833,12346,1500
8054833,20017,1500
8291833,21904,1500
8601833,17556,1500
8945833,7913,1500
9246833,4314,1500
9512833,4348,1500
9764833,7965,1500
10009833,14318,1500
10259833,15887,1500
10547833,16990,1500
10813833,12169,1500
11075833,12739,1500
11316833,17728,1500
11550833,29205,1500
11839833,25466,1500
12228833,28886,1500
12647833,38253,1500
13115833,37167,1500
13711833,20302,1500
14329833,21201,1500
14672833,9370,1500
15006833,14599,1500
15276833,22407,1500
15523833,20065,1500
15844833,15936,1500
16178833,15054,1500
16442833,15436,1500
16685833,11559,1500
16924833,18781,1500
17157833,14079,1500
17443833,16440,1500
17700833,13661,1500
17962833,19941,1500
18202833,21489,1500
18504833,24496,1500
18847833,22586,1500
19239833,23899,1500
19605833,14663,1500
19983833,15905,1500
20251833,14733,1500
20514833,13294,1500
20756833,15091,1500
20990833,18935,1500
21236833,27219,1500
21524833,14070,1500
21907833,13513,1500
22196833,7076,1500
22447833,9721,1500
22688833,9106,1500
22924833,11087,1500
23156833,11386,1500
23388833,13113,1500
23625833,13335,1500
23868833,19179,1500
24103833,20609,1500
24399833,19604,1500
24721833,11901,1500
25033833,11468,1500
25285833,7974,1500
25523833,13423,1500
25756833,14556,1500
26001833,14941,1500
26249833,21378,1500
26490833,25573,1500
26808833,22354,1500
27201833,28708,1500
27572833,22447,1500
28032833,17395,1500
28374833,16884,1500
28659833,14983,1500
28925833,9559,1500
29170833,6233,1500
29407833,6658,1500
29641833,11054,1500
29873833,11119,1500
30108833,10352,1500
30340833,9464,1500
30571833,10061,1500
30801833,13731,1500
31032833,18039,1500
31280833,37779,1500
31564833,28942,1500
31962833,26146,1500
32508833,34658,1500
32979833,32406,1500
33542833,24782,1500
34041833,31435,1500
34474833,26555,1500
34989833,30746,1500
35440833,23864,1500
35936833,34865,1500
36354833,61811,1500
36910833,44825,1500
37724833,40258,1500
38481833,28103,1500
39060833,17865,1500
39435833,22285,1500
39751833,10614,1500
40100833,10715,1500
40377833,11482,1500
40623833,9537,1500
40864833,9686,1500
41099833,9716,1500
41331833,9022,1500
41562833,6398,1500
41792833,8677,1500
42022833,14021,1500
42254833,30245,1500
42505833,42426,1500
42856833,21039,1500
43367833,29115,1500
43888833,20470,1500
44333833,17331,1500
44651833,19918,1500
44944833,11707,1500
45268833,10370,1500
45536833,15560,1500
45781833,15632,1500
46047833,18144,1500
46309833,19465,1500
46588833,12224,1500
46889833,8346,1500
47148833,8167,1500
47393833,17758,1500
47630833,11504,1500
47950833,9351,1500
48221833,9184,1500
48465833,9765,1500
48701833,14762,1500
48934833,11021,1500
49205833,9116,1500
49451833,7711,1500
49688833,8518,1500
49922833,8082,1500
50154833,10643,1500
50385833,10622,1500
50619833,7552,1500
50850833,9057,1500
51080833,11248,1500
51311833,6996,1500
51543833,7949,1500
51774833,7645,1500
52006833,7248,1500
52237833,10831,1500
52467833,8580,1500
52704833,12125,1500
52937833,11464,1500
53174833,10416,1500
53407833,7632,1500
53638833,8133,1500
53868833,10515,1500
54098833,13700,1500
54330833,12620,1500
54575833,9487,1500
54810833,11645,1500
55042833,15453,1500
55274833,16908,1500
55526833,26674,1500
55784833,26802,1500
56145833,26106,1500
56564833,25775,1500
56991833,21775,1500
57419833,26281,1500
57792833,24186,1500
58213833,12675,1500
58620833,18851,1500
58915833,22642,1500
59221833,17524,1500
59566833,13826,1500
59851833,19847,1500
