timestamp,rtt0,rtt1
611833,218,184
611833,218,184
829833,223,184
1052833,309,219
1361833,421,221
1782833,294,223
2076833,243,224
2319833,234,224
2553833,232,225
2785833,231,226
3016833,239,226
3255833,299,227
3554833,379,227
3933833,285,228
4218833,247,228
4465833,238,228
4703833,239,229
4942833,246,229
5188833,237,229
5425833,239,229
5664833,258,229
5922833,243,229
6165833,235,229
6400833,233,229
6633833,232,229
6865833,231,230
7096833,232,230
7328833,237,230
7565833,250,230
7815833,239,230
8054833,237,230
8291833,310,230
8601833,344,230
8945833,301,230
9246833,266,230
9512833,252,230
9764833,245,230
10009833,250,230
10259833,288,230
10547833,266,230
10813833,262,230
11075833,241,230
11316833,234,230
11550833,289,230
11839833,389,230
12228833,419,230
12647833,468,230
13115833,596,230
13711833,618,230
14329833,343,230
14672833,334,230
15006833,270,230
15276833,247,230
15523833,321,230
15844833,334,230
16178833,264,230
16442833,243,230
16685833,239,230
16924833,233,230
17157833,286,230
17443833,257,230
17700833,262,230
17962833,240,230
18202833,302,230
18504833,343,230
18847833,392,230
19239833,366,230
19605833,378,230
19983833,268,230
20251833,263,230
20514833,242,230
20756833,234,230
20990833,246,230
21236833,288,230
21524833,383,230
21907833,289,230
22196833,251,230
22447833,241,230
22688833,236,230
22924833,232,230
23156833,232,230
23388833,237,230
23625833,243,230
23868833,235,230
24103833,296,230
24399833,322,230
24721833,312,230
25033833,252,230
25285833,238,230
25523833,233,230
25756833,245,230
26001833,248,230
26249833,241,230
26490833,318,230
26808833,393,230
27201833,371,230
27572833,460,230
28032833,342,230
28374833,285,230
28659833,266,230
28925833,245,230
29170833,237,230
29407833,234,230
29641833,232,230
29873833,235,230
30108833,232,230
30340833,231,230
30571833,230,230
30801833,231,230
31032833,248,230
31280833,284,230
31564833,398,230
31962833,546,230
32508833,471,230
32979833,563,230
33542833,499,230
34041833,433,230
34474833,515,230
34989833,451,230
35440833,496,230
35936833,418,230
36354833,556,230
36910833,814,230
37724833,757,230
38481833,579,230
39060833,375,230
39435833,316,230
39751833,349,230
40100833,277,230
40377833,246,230
40623833,241,230
40864833,235,230
41099833,232,230
41331833,231,230
41562833,230,230
41792833,230,230
42022833,232,230
42254833,251,230
42505833,351,230
42856833,511,230
43367833,521,230
43888833,445,230
44333833,318,230
44651833,293,230
44944833,324,230
45268833,268,230
45536833,245,230
45781833,266,230
46047833,262,230
46309833,279,230
46588833,301,230
46889833,259,230
47148833,245,230
47393833,237,230
47630833,320,230
47950833,271,230
48221833,244,230
48465833,236,230
48701833,233,230
48934833,271,230
49205833,246,230
49451833,237,230
49688833,234,230
49922833,232,230
50154833,231,230
50385833,234,230
50619833,231,230
50850833,230,230
51080833,231,230
51311833,232,230
51543833,231,230
51774833,232,230
52006833,231,230
52237833,230,230
52467833,237,230
52704833,233,230
52937833,237,230
53174833,233,230
53407833,231,230
53638833,230,230
53868833,230,230
54098833,232,230
54330833,245,230
54575833,235,230
54810833,232,230
55042833,232,230
55274833,252,230
55526833,258,230
55784833,361,230
56145833,419,230
56564833,427,230
56991833,428,230
57419833,373,230
57792833,421,230
58213833,407,230
58620833,295,230
58915833,306,230
59221833,345,230
59566833,285,230
59851833,250,230
