timestamp,lastAckedSeq,highTxMark,availableTxBuffer,nextTxSeq,totalCwnd,unAckMeta
611833,5673,17017,1158,17017,11344,11344
611833,5673,17017,1158,17017,25120,11344
829833,11345,39705,1158,39705,25120,28360
1052833,29779,58139,1158,58139,29558,28360
1361833,49631,68065,1158,68065,19670,18434
1782833,76573,90753,1158,90753,15402,14180
2076833,95007,109187,1158,109187,14602,14180
2319833,109187,120531,1158,120531,12820,11344
2553833,120531,133293,1158,133293,13769,12762
2785833,133293,148891,1158,148891,16180,15598
3016833,148891,170161,1158,170161,21670,21270
3255833,164489,191431,1158,191431,27361,26942
3554833,182923,199939,1158,199939,15877,17016
3933833,207029,219791,1158,219791,12957,12762
4218833,222627,233971,1158,233971,12063,11344
4465833,235389,248151,2576,248151,15591,12762
4703833,249569,265167,1158,265167,16204,15598
4942833,265167,275093,1158,275093,10678,9926
5188833,275093,289273,1158,289273,14889,14180
5425833,290691,307707,1158,307707,17455,17016
5664833,306289,321887,1158,321887,16143,15598
5922833,321887,333231,1158,333231,12574,11344
6165833,333231,340321,1158,340321,8456,7090
6400833,340321,347411,1158,347411,7648,7090
6633833,348829,357337,1158,357337,9147,8508
6865833,357337,367263,1158,367263,11126,9926
7096833,367263,380025,1158,380025,14068,12762
7328833,380025,395623,1158,395623,16103,15598
7565833,395623,405549,1158,405549,10305,9926
7815833,405549,418311,1158,418311,13846,12762
8054833,419729,439581,2576,439581,21517,19852
8291833,435327,456597,3994,456597,23404,21270
8601833,453761,472195,1158,472195,19056,18434
8945833,473613,482121,1158,482121,9413,8508
9246833,482121,487793,1158,487793,5814,5672
9512833,489211,493465,2576,493465,5848,4254
9764833,494883,503391,1158,503391,9465,8508
10009833,504809,520407,1158,520407,15818,15598
10259833,520407,537423,1158,537423,17387,17016
10547833,538841,555857,1158,555857,18490,17016
10813833,557275,570037,1158,570037,13669,12762
11075833,570037,582799,1158,582799,14239,12762
11316833,584217,602651,1158,602651,19228,18434
11550833,598397,629593,1158,629593,30705,31196
11839833,616831,643773,1158,643773,26966,26942
12228833,642355,673551,1158,673551,30386,31196
12647833,669297,709001,1158,709001,39753,39704
13115833,699075,738779,1158,738779,38667,39704
13711833,737361,761467,1158,761467,21802,24106
14329833,779901,801171,1158,801171,22701,21270
14672833,802589,812515,1158,812515,10870,9926
15006833,819605,835203,1158,835203,16099,15598
15276833,836621,859309,1158,859309,23907,22688
15523833,852219,873489,1158,873489,21565,21270
15844833,874907,891923,1158,891923,17436,17016
16178833,896177,911775,1158,911775,16554,15598
16442833,913193,928791,1158,928791,16936,15598
16685833,928791,941553,1158,941553,13059,12762
16924833,941553,961405,1158,961405,20281,19852
17157833,957151,971331,1158,971331,15579,14180
17443833,974167,991183,1158,991183,17940,17016
17700833,992601,1006781,1158,1006781,15161,14180
17962833,1008199,1029469,1158,1029469,21441,21270
18202833,1022379,1046485,1158,1046485,22989,24106
18504833,1042231,1069173,1158,1069173,25996,26942
18847833,1066337,1087607,2576,1087607,24086,21270
19239833,1090443,1115967,1158,1115967,25399,25524
19605833,1114549,1131565,1158,1131565,16163,17016
19983833,1140073,1157089,1158,1157089,17405,17016
20251833,1157089,1172687,1158,1172687,16233,15598
20514833,1174105,1188285,1158,1188285,14794,14180
20756833,1188285,1203883,1158,1203883,16591,15598
20990833,1203883,1223735,1158,1223735,20435,19852
21236833,1219481,1247841,1158,1247841,28719,28360
21524833,1237915,1253513,1158,1253513,15570,15598
21907833,1263439,1276201,2576,1276201,15013,12762
22196833,1277619,1284709,1158,1284709,8576,7090
22447833,1286127,1296053,1158,1296053,11221,9926
22688833,1297471,1307397,1158,1307397,10606,9926
22924833,1307397,1318741,1158,1318741,12587,11344
23156833,1318741,1331503,1158,1331503,12886,12762
23388833,1331503,1345683,1158,1345683,14613,14180
23625833,1345683,1359863,1158,1359863,14835,14180
23868833,1361281,1381133,1158,1381133,20679,19852
24103833,1376879,1396731,3994,1396731,22109,19852
24399833,1395313,1415165,1158,1415165,21104,19852
24721833,1415165,1427927,1158,1427927,13401,12762
25033833,1432181,1444943,1158,1444943,12968,12762
25285833,1444943,1453451,1158,1453451,9474,8508
25523833,1454869,1469049,1158,1469049,14923,14180
25756833,1469049,1484647,1158,1484647,16056,15598
26001833,1484647,1500245,1158,1500245,16441,15598
26249833,1501663,1522933,2576,1522933,22878,21270
26490833,1515843,1544203,1158,1544203,27073,28360
26808833,1535695,1559801,1158,1559801,23854,24106
27201833,1561219,1592415,1158,1592415,30208,31196
27572833,1585325,1609431,1158,1609431,23947,24106
28032833,1616521,1634955,1158,1634955,18895,18434
28374833,1640627,1657643,1158,1657643,18384,17016
28659833,1657643,1673241,1158,1673241,16483,15598
28925833,1673241,1683167,1158,1683167,11059,9926
29170833,1683167,1690257,1158,1690257,7733,7090
29407833,1690257,1697347,1158,1697347,8158,7090
29641833,1698765,1710109,1158,1710109,12554,11344
29873833,1710109,1721453,1158,1721453,12619,11344
30108833,1721453,1732797,1158,1732797,11852,11344
30340833,1732797,1742723,1158,1742723,10964,9926
30571833,1742723,1754067,1158,1754067,11561,11344
30801833,1754067,1768247,1158,1768247,15231,14180
31032833,1768247,1786681,1158,1786681,19539,18434
31280833,1783845,1822131,1158,1822131,39279,38286
31564833,1800861,1832057,1158,1832057,30442,31196
31962833,1827803,1856163,1158,1856163,27646,28360
32508833,1863253,1900121,1158,1900121,36158,36868
32979833,1893031,1927063,1158,1927063,33906,34032
33542833,1931317,1958259,1158,1958259,26282,26942
34041833,1963931,1997963,1158,1997963,32935,34032
34474833,1990873,2020651,1158,2020651,28055,29778
34989833,2024905,2057519,1158,2057519,32246,32614
35440833,2054683,2080207,1158,2080207,25364,25524
35936833,2087297,2124165,1158,2124165,36365,36868
36354833,2114239,2179467,1158,2179467,63311,65228
36910833,2148271,2197901,1158,2197901,46325,49630
37724833,2202155,2246113,1158,2246113,41758,43958
38481833,2254621,2282981,1158,2282981,29603,28360
39060833,2292907,2311341,1158,2311341,19365,18434
39435833,2317013,2339701,1158,2339701,23785,22688
39751833,2336865,2349627,1158,2349627,12114,12762
40100833,2352463,2363807,1158,2363807,12215,11344
40377833,2366643,2379405,1158,2379405,12982,12762
40623833,2379405,2389331,1158,2389331,11037,9926
40864833,2389331,2399257,1158,2399257,11186,9926
41099833,2400675,2410601,1158,2410601,11216,9926
41331833,2410601,2420527,1158,2420527,10522,9926
41562833,2420527,2427617,1158,2427617,7898,7090
41792833,2427617,2437543,1158,2437543,10177,9926
42022833,2437543,2450305,2576,2450305,15521,12762
42254833,2451723,2481501,2576,2481501,31745,29778
42505833,2465903,2511279,1158,2511279,43926,45376
42856833,2488591,2512697,1158,2512697,22539,24106
43367833,2522623,2553819,1158,2553819,30615,31196
43888833,2558073,2579343,1158,2579343,21970,21270
44333833,2587851,2606285,1158,2606285,18831,18434
44651833,2607703,2630391,1158,2630391,21418,22688
44944833,2626137,2640317,1158,2640317,13207,14180
45268833,2641735,2653079,1158,2653079,11870,11344
45536833,2655915,2671513,1158,2671513,17060,15598
45781833,2671513,2688529,1158,2688529,17132,17016
46047833,2688529,2706963,1158,2706963,19644,18434
46309833,2705545,2725397,1158,2725397,20965,19852
46588833,2723979,2738159,1158,2738159,13724,14180
46889833,2738159,2746667,1158,2746667,9846,8508
47148833,2746667,2755175,1158,2755175,9667,8508
47393833,2756593,2775027,1158,2775027,19258,18434
47630833,2772191,2784953,1158,2784953,13004,12762
47950833,2784953,2794879,1158,2794879,10851,9926
48221833,2799133,2809059,1158,2809059,10684,9926
48465833,2809059,2818985,1158,2818985,11265,9926
48701833,2818985,2834583,1158,2834583,16262,15598
48934833,2834583,2845927,1158,2845927,12521,11344
49205833,2845927,2855853,1158,2855853,10616,9926
49451833,2855853,2864361,1158,2864361,9211,8508
49688833,2865779,2875705,1158,2875705,10018,9926
49922833,2875705,2884213,1158,2884213,9582,8508
50154833,2884213,2895557,1158,2895557,12143,11344
50385833,2895557,2906901,1158,2906901,12122,11344
50619833,2906901,2915409,1158,2915409,9052,8508
50850833,2915409,2925335,1158,2925335,10557,9926
51080833,2925335,2936679,1158,2936679,12748,11344
51311833,2936679,2943769,1158,2943769,8496,7090
51543833,2943769,2952277,1158,2952277,9449,8508
51774833,2952277,2960785,1158,2960785,9145,8508
52006833,2960785,2969293,1158,2969293,8748,8508
52237833,2969293,2980637,1158,2980637,12331,11344
52467833,2980637,2990563,1158,2990563,10080,9926
52704833,2990563,3003325,1158,3003325,13625,12762
52937833,3003325,3016087,1158,3016087,12964,12762
53174833,3016087,3027431,1158,3027431,11916,11344
53407833,3027431,3035939,1158,3035939,9132,8508
53638833,3035939,3044447,1158,3044447,9633,8508
53868833,3044447,3055791,1158,3055791,12015,11344
54098833,3055791,3069971,1158,3069971,15200,14180
54330833,3069971,3082733,1158,3082733,14120,12762
54575833,3082733,3092659,1158,3092659,10987,9926
54810833,3094077,3106839,1158,3106839,13145,12762
55042833,3106839,3122437,1158,3122437,16953,15598
55274833,3121019,3138035,1158,3138035,18408,17016
55526833,3138035,3164977,1158,3164977,28174,26942
55784833,3153633,3181993,1158,3181993,28302,28360
56145833,3177739,3206099,1158,3206099,27606,28360
56564833,3203263,3231623,1158,3231623,27275,28360
56991833,3233041,3255729,1158,3255729,23275,22688
57419833,3259983,3288343,1158,3288343,27781,28360
57792833,3285507,3311031,1158,3311031,25686,25524
58213833,3312449,3325211,1158,3325211,14175,12762
58620833,3337973,3357825,1158,3357825,20351,19852
58915833,3356407,3379095,1158,3379095,24142,22688
59221833,3376259,3394693,1158,3394693,19024,18434
59566833,3398947,3413127,1158,3413127,15326,14180
59851833,3415963,3435815,1158,3435815,21347,19852
