timestamp,rtt0,rtt1
611833,218,184
611833,218,184
829833,223,184
1052833,309,219
1361833,360,221
1721833,277,223
1998833,241,224
2239833,234,224
2473833,321,225
2794833,300,226
3094833,268,227
3362833,263,227
3625833,297,227
3922833,306,228
4228833,290,228
4518833,305,228
4823833,327,229
5150833,404,229
5554833,386,229
5940833,381,229
6321833,257,229
6578833,239,229
6817833,233,230
7050833,253,230
7303833,241,230
7544833,272,230
7816833,300,230
8116833,256,230
8372833,242,230
8614833,246,230
8860833,267,230
9127833,325,230
9452833,352,230
9804833,333,230
10137833,306,230
10443833,274,230
10717833,282,230
10999833,254,230
11253833,242,230
11495833,237,230
11732833,234,230
11966833,233,230
12199833,232,230
12431833,233,230
12664833,242,230
12906833,235,230
13141833,232,230
13373833,231,230
13604833,302,230
13906833,399,230
14305833,375,230
14680833,421,230
15101833,352,230
15453833,356,230
15809833,337,230
16146833,431,230
16577833,470,230
17047833,322,230
17369833,284,230
17653833,247,230
17900833,245,230
18145833,236,230
18381833,232,230
18613833,231,230
18844833,231,230
19075833,231,230
19306833,233,230
19539833,248,230
19787833,240,230
20027833,272,230
20299833,366,230
20665833,403,230
21068833,425,230
21493833,449,230
21942833,646,230
22588833,460,230
23048833,403,230
23451833,319,230
23770833,310,230
24080833,328,230
24408833,274,230
24682833,422,230
25104833,477,230
25581833,383,230
25964833,465,230
26429833,382,230
26811833,423,230
27234833,299,230
27533833,270,230
27803833,240,230
28043833,234,230
28277833,232,230
28509833,231,230
28740833,233,230
28973833,331,230
29304833,309,230
29613833,264,230
29877833,246,230
30123833,291,230
30414833,337,230
30751833,311,230
31062833,274,230
31336833,320,230
31656833,296,230
31952833,306,230
32258833,393,230
32651833,303,230
32954833,249,230
33203833,238,230
33441833,244,230
33685833,236,230
33921833,233,230
34154833,232,230
34386833,232,230
34618833,232,230
34850833,231,230
35081833,255,230
35336833,238,230
35574833,233,230
35807833,232,230
36039833,232,230
36271833,232,230
36503833,231,230
36734833,237,230
36971833,290,230
37261833,251,230
37512833,240,230
37752833,234,230
37986833,232,230
38218833,231,230
38449833,231,230
38680833,231,230
38911833,232,230
39143833,272,230
39415833,357,230
39772833,336,230
40108833,274,230
40382833,255,230
40637833,237,230
40874833,233,230
41107833,232,230
41339833,231,230
41570833,232,230
41802833,245,230
42047833,304,230
42351833,260,230
42611833,261,230
42872833,296,230
43168833,257,230
43425833,241,230
43666833,261,230
43927833,360,230
44287833,372,230
44659833,254,230
44913833,241,230
45154833,234,230
45388833,231,230
45619833,231,230
45850833,294,230
46144833,341,230
46485833,286,230
46771833,285,230
47056833,254,230
47310833,238,230
47548833,232,230
47780833,241,230
48021833,335,230
48356833,459,230
48815833,797,230
49612833,534,230
50146833,521,230
50667833,501,230
51168833,365,230
51533833,325,230
51858833,285,230
52143833,245,230
52388833,235,230
52623833,232,230
52855833,231,230
53086833,230,230
53316833,230,230
53546833,230,230
53776833,236,230
54012833,321,230
54333833,346,230
54679833,254,230
54933833,237,230
55170833,232,230
55402833,310,230
55712833,358,230
56070833,340,230
56410833,259,230
56669833,242,230
56911833,266,230
57177833,262,230
57439833,297,230
57736833,340,230
58076833,436,230
58512833,324,230
58836833,311,230
59147833,431,230
59578833,365,230
59943833,254,230
