timestamp,availableTxBuffer0,availableTxBuffer1
611833,246472,246472
611833,246472,246472
829833,228038,246472
1052833,235128,250726
1361833,235128,250726
1721833,239382,250726
1998833,240800,250726
2239833,230874,250726
2473833,235128,250726
2794833,236546,250726
3094833,236546,250726
3362833,233710,250726
3625833,233710,250726
3922833,235128,250726
4228833,233710,252144
4518833,232292,250726
4823833,226620,250726
5150833,229456,250726
5554833,229456,250726
5940833,237964,250726
6321833,240800,250726
6578833,242218,250726
6817833,237964,250726
7050833,237964,250726
7303833,235128,250726
7544833,233710,250726
7816833,237964,250726
8116833,243636,250726
8372833,239382,250726
8614833,236546,250726
8860833,230874,250726
9127833,230874,250726
9452833,232292,250726
9804833,233710,250726
10137833,236546,250726
10443833,235128,250726
10717833,242218,250726
10999833,245054,250726
11253833,246472,250726
11495833,246472,250726
11732833,247890,250726
11966833,247890,250726
12199833,245054,250726
12431833,242218,250726
12664833,243636,250726
12906833,243636,250726
13141833,242218,250726
13373833,235128,250726
13604833,223784,250726
13906833,232292,250726
14305833,226620,250726
14680833,232292,250726
15101833,230874,250726
15453833,232292,250726
15809833,225202,250726
16146833,225202,250726
16577833,232292,250726
17047833,235128,252144
17369833,239382,250726
17653833,237964,250726
17900833,242218,250726
18145833,240800,250726
18381833,243636,250726
18613833,245054,250726
18844833,245054,250726
19075833,242218,250726
19306833,237964,250726
19539833,237964,250726
19787833,235128,250726
20027833,226620,250726
20299833,228038,250726
20665833,226620,250726
21068833,225202,250726
21493833,211022,250726
21942833,225202,250726
22588833,228038,250726
23048833,233710,250726
23451833,233710,250726
23770833,232292,250726
24080833,237964,250726
24408833,222366,250726
24682833,223784,250726
25104833,233710,250726
25581833,223784,250726
25964833,232292,250726
26429833,226620,250726
26811833,233710,252144
27234833,236546,250726
27533833,240800,250726
27803833,240800,250726
28043833,243636,250726
28277833,243636,250726
28509833,240800,250726
28740833,229456,250726
28973833,235128,250726
29304833,236546,250726
29613833,237964,250726
29877833,233710,250726
30123833,230874,250726
30414833,233710,250726
30751833,236546,250726
31062833,232292,252144
31336833,235128,250726
31656833,233710,250726
31952833,226620,250726
32258833,236546,252144
32651833,242218,250726
32954833,242218,250726
33203833,237964,250726
33441833,242218,250726
33685833,245054,250726
33921833,246472,250726
34154833,245054,250726
34386833,243636,250726
34618833,245054,250726
34850833,237964,250726
35081833,239382,250726
35336833,242218,250726
35574833,246472,250726
35807833,243636,250726
36039833,247890,250726
36271833,249308,250726
36503833,246472,250726
36734833,237964,250726
36971833,240800,250726
37261833,243636,250726
37512833,243636,250726
37752833,243636,250726
37986833,245054,250726
38218833,247890,250726
38449833,249308,250726
38680833,247890,250726
38911833,240800,250726
39143833,229456,250726
39415833,233710,250726
39772833,243636,250726
40108833,237964,250726
40382833,240800,250726
40637833,239382,250726
40874833,243636,250726
41107833,247890,250726
41339833,246472,250726
41570833,242218,250726
41802833,235128,250726
42047833,239382,250726
42351833,236546,250726
42611833,233710,250726
42872833,239382,250726
43168833,242218,250726
43425833,237964,250726
43666833,226620,250726
43927833,230874,250726
44287833,239382,250726
44659833,237964,250726
44913833,239382,252144
45154833,240800,250726
45388833,239382,250726
45619833,232292,250726
45850833,230874,252144
46144833,236546,250726
46485833,235128,250726
46771833,242218,250726
47056833,239382,250726
47310833,239382,250726
47548833,237964,250726
47780833,229456,250726
48021833,201096,250726
48356833,211022,250726
48815833,220948,250726
49612833,220948,250726
50146833,222366,250726
50667833,229456,250726
51168833,232292,250726
51533833,235128,250726
51858833,239382,250726
52143833,240800,250726
52388833,242218,250726
52623833,240800,250726
52855833,240800,250726
53086833,240800,250726
53316833,247890,250726
53546833,243636,250726
53776833,233710,250726
54012833,230874,250726
54333833,239382,250726
54679833,239382,250726
54933833,240800,250726
55170833,232292,250726
55402833,230874,250726
55712833,232292,250726
56070833,240800,250726
56410833,243636,250726
56669833,237964,250726
56911833,236546,250726
57177833,233710,250726
57439833,230874,250726
57736833,223784,250726
58076833,236546,250726
58512833,233710,250726
58836833,223784,250726
59147833,229456,250726
59578833,237964,250726
59943833,240800,250726
