timestamp,rWnd0,rWnd1
611833,1073725440,1073725440
611833,1073725440,1073725440
829833,1073725440,1073725440
1052833,1073725440,1073725440
1361833,1073725440,1073725440
1721833,1073725440,1073725440
1998833,1073725440,1073725440
2239833,1073725440,1073725440
2473833,1073725440,1073725440
2794833,1073725440,1073725440
3094833,1073725440,1073725440
3362833,1073725440,1073725440
3625833,1073725440,1073725440
3922833,1073725440,1073725440
4228833,1073725440,1073725440
4518833,1073725440,1073725440
4823833,1073725440,1073725440
5150833,1073725440,1073725440
5554833,1073725440,1073725440
5940833,1073725440,1073725440
6321833,1073725440,1073725440
6578833,1073725440,1073725440
6817833,1073725440,1073725440
7050833,1073725440,1073725440
7303833,1073725440,1073725440
7544833,1073725440,1073725440
7816833,1073725440,1073725440
8116833,1073725440,1073725440
8372833,1073725440,1073725440
8614833,1073725440,1073725440
8860833,1073725440,1073725440
9127833,1073725440,1073725440
9452833,1073725440,1073725440
9804833,1073725440,1073725440
10137833,1073725440,1073725440
10443833,1073725440,1073725440
10717833,1073725440,1073725440
10999833,1073725440,1073725440
11253833,1073725440,1073725440
11495833,1073725440,1073725440
11732833,1073725440,1073725440
11966833,1073725440,1073725440
12199833,1073725440,1073725440
12431833,1073725440,1073725440
12664833,1073725440,1073725440
12906833,1073725440,1073725440
13141833,1073725440,1073725440
13373833,1073725440,1073725440
13604833,1073725440,1073725440
13906833,1073725440,1073725440
14305833,1073725440,1073725440
14680833,1073725440,1073725440
15101833,1073725440,1073725440
15453833,1073725440,1073725440
15809833,1073725440,1073725440
16146833,1073725440,1073725440
16577833,1073725440,1073725440
17047833,1073725440,1073725440
17369833,1073725440,1073725440
17653833,1073725440,1073725440
17900833,1073725440,1073725440
18145833,1073725440,1073725440
18381833,1073725440,1073725440
18613833,1073725440,1073725440
18844833,1073725440,1073725440
19075833,1073725440,1073725440
19306833,1073725440,1073725440
19539833,1073725440,1073725440
19787833,1073725440,1073725440
20027833,1073725440,1073725440
20299833,1073725440,1073725440
20665833,1073725440,1073725440
21068833,1073725440,1073725440
21493833,1073725440,1073725440
21942833,1073725440,1073725440
22588833,1073725440,1073725440
23048833,1073725440,1073725440
23451833,1073725440,1073725440
23770833,1073725440,1073725440
24080833,1073725440,1073725440
24408833,1073725440,1073725440
24682833,1073725440,1073725440
25104833,1073725440,1073725440
25581833,1073725440,1073725440
25964833,1073725440,1073725440
26429833,1073725440,1073725440
26811833,1073725440,1073725440
27234833,1073725440,1073725440
27533833,1073725440,1073725440
27803833,1073725440,1073725440
28043833,1073725440,1073725440
28277833,1073725440,1073725440
28509833,1073725440,1073725440
28740833,1073725440,1073725440
28973833,1073725440,1073725440
29304833,1073725440,1073725440
29613833,1073725440,1073725440
29877833,1073725440,1073725440
30123833,1073725440,1073725440
30414833,1073725440,1073725440
30751833,1073725440,1073725440
31062833,1073725440,1073725440
31336833,1073725440,1073725440
31656833,1073725440,1073725440
31952833,1073725440,1073725440
32258833,1073725440,1073725440
32651833,1073725440,1073725440
32954833,1073725440,1073725440
33203833,1073725440,1073725440
33441833,1073725440,1073725440
33685833,1073725440,1073725440
33921833,1073725440,1073725440
34154833,1073725440,1073725440
34386833,1073725440,1073725440
34618833,1073725440,1073725440
34850833,1073725440,1073725440
35081833,1073725440,1073725440
35336833,1073725440,1073725440
35574833,1073725440,1073725440
35807833,1073725440,1073725440
36039833,1073725440,1073725440
36271833,1073725440,1073725440
36503833,1073725440,1073725440
36734833,1073725440,1073725440
36971833,1073725440,1073725440
37261833,1073725440,1073725440
37512833,1073725440,1073725440
37752833,1073725440,1073725440
37986833,1073725440,1073725440
38218833,1073725440,1073725440
38449833,1073725440,1073725440
38680833,1073725440,1073725440
38911833,1073725440,1073725440
39143833,1073725440,1073725440
39415833,1073725440,1073725440
39772833,1073725440,1073725440
40108833,1073725440,1073725440
40382833,1073725440,1073725440
40637833,1073725440,1073725440
40874833,1073725440,1073725440
41107833,1073725440,1073725440
41339833,1073725440,1073725440
41570833,1073725440,1073725440
41802833,1073725440,1073725440
42047833,1073725440,1073725440
42351833,1073725440,1073725440
42611833,1073725440,1073725440
42872833,1073725440,1073725440
43168833,1073725440,1073725440
43425833,1073725440,1073725440
43666833,1073725440,1073725440
43927833,1073725440,1073725440
44287833,1073725440,1073725440
44659833,1073725440,1073725440
44913833,1073725440,1073725440
45154833,1073725440,1073725440
45388833,1073725440,1073725440
45619833,1073725440,1073725440
45850833,1073725440,1073725440
46144833,1073725440,1073725440
46485833,1073725440,1073725440
46771833,1073725440,1073725440
47056833,1073725440,1073725440
47310833,1073725440,1073725440
47548833,1073725440,1073725440
47780833,1073725440,1073725440
48021833,1073725440,1073725440
48356833,1073725440,1073725440
48815833,1073725440,1073725440
49612833,1073725440,1073725440
50146833,1073725440,1073725440
50667833,1073725440,1073725440
51168833,1073725440,1073725440
51533833,1073725440,1073725440
51858833,1073725440,1073725440
52143833,1073725440,1073725440
52388833,1073725440,1073725440
52623833,1073725440,1073725440
52855833,1073725440,1073725440
53086833,1073725440,1073725440
53316833,1073725440,1073725440
53546833,1073725440,1073725440
53776833,1073725440,1073725440
54012833,1073725440,1073725440
54333833,1073725440,1073725440
54679833,1073725440,1073725440
54933833,1073725440,1073725440
55170833,1073725440,1073725440
55402833,1073725440,1073725440
55712833,1073725440,1073725440
56070833,1073725440,1073725440
56410833,1073725440,1073725440
56669833,1073725440,1073725440
56911833,1073725440,1073725440
57177833,1073725440,1073725440
57439833,1073725440,1073725440
57736833,1073725440,1073725440
58076833,1073725440,1073725440
58512833,1073725440,1073725440
58836833,1073725440,1073725440
59147833,1073725440,1073725440
59578833,1073725440,1073725440
59943833,1073725440,1073725440
