timestamp,cWnd0,cWnd1
611833,5672,5672
611833,25310,1500
829833,25310,1500
1052833,17868,1500
1361833,17186,1500
1721833,13034,1500
1998833,13313,1500
2239833,22329,1500
2473833,17401,1500
2794833,15604,1500
3094833,16638,1500
3362833,19591,1500
3625833,18967,1500
3922833,17865,1500
4228833,19362,1500
4518833,20245,1500
4823833,26880,1500
5150833,23032,1500
5554833,23328,1500
5940833,14734,1500
6321833,12330,1500
6578833,11271,1500
6817833,15430,1500
7050833,15250,1500
7303833,17496,1500
7544833,19233,1500
7816833,14680,1500
8116833,9415,1500
8372833,13330,1500
8614833,16028,1500
8860833,21441,1500
9127833,21729,1500
9452833,21133,1500
9804833,19034,1500
10137833,16922,1500
10443833,17846,1500
10717833,10352,1500
10999833,8147,1500
11253833,6561,1500
11495833,6993,1500
11732833,5450,1500
11966833,5582,1500
12199833,7718,1500
12431833,10593,1500
12664833,9272,1500
12906833,8861,1500
13141833,9947,1500
13373833,18368,1500
13604833,29659,1500
13906833,20479,1500
14305833,26887,1500
14680833,20873,1500
15101833,21888,1500
15453833,20024,1500
15809833,27345,1500
16146833,29752,1500
16577833,20315,1500
17047833,17403,1500
17369833,13603,1500
17653833,14845,1500
17900833,10578,1500
18145833,11823,1500
18381833,9287,1500
18613833,8438,1500
18844833,7772,1500
19075833,10366,1500
19306833,14457,1500
19539833,14201,1500
19787833,17740,1500
20027833,25639,1500
20299833,24475,1500
20665833,26103,1500
21068833,26996,1500
21493833,42051,1500
21942833,27648,1500
22588833,26705,1500
23048833,19197,1500
23451833,19376,1500
23770833,20550,1500
24080833,14789,1500
24408833,30653,1500
24682833,28755,1500
25104833,19038,1500
25581833,28402,1500
25964833,20224,1500
26429833,25746,1500
26811833,19448,1500
27234833,16376,1500
27533833,11961,1500
27803833,11924,1500
28043833,8612,1500
28277833,9809,1500
28509833,12436,1500
28740833,23361,1500
28973833,18396,1500
29304833,16706,1500
29613833,15216,1500
29877833,19385,1500
30123833,22065,1500
30414833,19013,1500
30751833,16357,1500
31062833,20776,1500
31336833,18018,1500
31656833,19140,1500
31952833,26610,1500
32258833,16898,1500
32651833,10173,1500
32954833,11323,1500
33203833,15557,1500
33441833,11206,1500
33685833,7938,1500
33921833,6560,1500
34154833,7940,1500
34386833,9580,1500
34618833,7905,1500
34850833,14484,1500
35081833,12843,1500
35336833,11199,1500
35574833,6364,1500
35807833,8929,1500
36039833,5565,1500
36271833,4137,1500
36503833,6282,1500
36734833,14614,1500
36971833,12394,1500
37261833,9249,1500
37512833,8989,1500
37752833,8844,1500
37986833,8010,1500
38218833,4623,1500
38449833,4165,1500
38680833,6394,1500
38911833,13242,1500
39143833,24521,1500
39415833,19432,1500
39772833,9810,1500
40108833,15122,1500
40382833,11519,1500
40637833,13146,1500
40874833,9438,1500
41107833,5457,1500
41339833,6885,1500
41570833,10059,1500
41802833,18102,1500
42047833,13239,1500
42351833,17000,1500
42611833,18987,1500
42872833,14178,1500
43168833,11192,1500
43425833,14758,1500
43666833,25866,1500
43927833,22398,1500
44287833,12914,1500
44659833,14491,1500
44913833,13551,1500
45154833,12627,1500
45388833,12869,1500
45619833,20661,1500
45850833,21940,1500
46144833,15613,1500
46485833,18272,1500
46771833,10498,1500
47056833,12846,1500
47310833,13254,1500
47548833,14449,1500
47780833,24328,1500
48021833,51491,1500
48356833,41377,1500
48815833,31718,1500
49612833,32326,1500
50146833,29929,1500
50667833,22825,1500
51168833,21206,1500
51533833,17473,1500
51858833,13550,1500
52143833,12075,1500
52388833,10291,1500
52623833,12664,1500
52855833,11347,1500
53086833,12032,1500
53316833,6715,1500
53546833,9317,1500
53776833,18540,1500
54012833,22602,1500
54333833,13921,1500
54679833,12943,1500
54933833,12723,1500
55170833,21208,1500
55402833,23814,1500
55712833,21138,1500
56070833,11890,1500
56410833,9625,1500
56669833,14541,1500
56911833,16163,1500
57177833,19302,1500
57439833,21799,1500
57736833,29648,1500
58076833,16079,1500
58512833,19362,1500
58836833,29656,1500
59147833,23625,1500
59578833,14267,1500
59943833,12213,1500
