timestamp,unAck0,unAck1
611833,5672,5672
611833,5672,5672
829833,24106,5672
1052833,17016,1418
1361833,17016,1418
1721833,12762,1418
1998833,11344,1418
2239833,21270,1418
2473833,17016,1418
2794833,15598,1418
3094833,15598,1418
3362833,18434,1418
3625833,18434,1418
3922833,17016,1418
4228833,18434,0
4518833,19852,1418
4823833,25524,1418
5150833,22688,1418
5554833,22688,1418
5940833,14180,1418
6321833,11344,1418
6578833,9926,1418
6817833,14180,1418
7050833,14180,1418
7303833,17016,1418
7544833,18434,1418
7816833,14180,1418
8116833,8508,1418
8372833,12762,1418
8614833,15598,1418
8860833,21270,1418
9127833,21270,1418
9452833,19852,1418
9804833,18434,1418
10137833,15598,1418
10443833,17016,1418
10717833,9926,1418
10999833,7090,1418
11253833,5672,1418
11495833,5672,1418
11732833,4254,1418
11966833,4254,1418
12199833,7090,1418
12431833,9926,1418
12664833,8508,1418
12906833,8508,1418
13141833,9926,1418
13373833,17016,1418
13604833,28360,1418
13906833,19852,1418
14305833,25524,1418
14680833,19852,1418
15101833,21270,1418
15453833,19852,1418
15809833,26942,1418
16146833,26942,1418
16577833,19852,1418
17047833,17016,0
17369833,12762,1418
17653833,14180,1418
17900833,9926,1418
18145833,11344,1418
18381833,8508,1418
18613833,7090,1418
18844833,7090,1418
19075833,9926,1418
19306833,14180,1418
19539833,14180,1418
19787833,17016,1418
20027833,25524,1418
20299833,24106,1418
20665833,25524,1418
21068833,26942,1418
21493833,41122,1418
21942833,26942,1418
22588833,24106,1418
23048833,18434,1418
23451833,18434,1418
23770833,19852,1418
24080833,14180,1418
24408833,29778,1418
24682833,28360,1418
25104833,18434,1418
25581833,28360,1418
25964833,19852,1418
26429833,25524,1418
26811833,18434,0
27234833,15598,1418
27533833,11344,1418
27803833,11344,1418
28043833,8508,1418
28277833,8508,1418
28509833,11344,1418
28740833,22688,1418
28973833,17016,1418
29304833,15598,1418
29613833,14180,1418
29877833,18434,1418
30123833,21270,1418
30414833,18434,1418
30751833,15598,1418
31062833,19852,0
31336833,17016,1418
31656833,18434,1418
31952833,25524,1418
32258833,15598,0
32651833,9926,1418
32954833,9926,1418
33203833,14180,1418
33441833,9926,1418
33685833,7090,1418
33921833,5672,1418
34154833,7090,1418
34386833,8508,1418
34618833,7090,1418
34850833,14180,1418
35081833,12762,1418
35336833,9926,1418
35574833,5672,1418
35807833,8508,1418
36039833,4254,1418
36271833,2836,1418
36503833,5672,1418
36734833,14180,1418
36971833,11344,1418
37261833,8508,1418
37512833,8508,1418
37752833,8508,1418
37986833,7090,1418
38218833,4254,1418
38449833,2836,1418
38680833,4254,1418
38911833,11344,1418
39143833,22688,1418
39415833,18434,1418
39772833,8508,1418
40108833,14180,1418
40382833,11344,1418
40637833,12762,1418
40874833,8508,1418
41107833,4254,1418
41339833,5672,1418
41570833,9926,1418
41802833,17016,1418
42047833,12762,1418
42351833,15598,1418
42611833,18434,1418
42872833,12762,1418
43168833,9926,1418
43425833,14180,1418
43666833,25524,1418
43927833,21270,1418
44287833,12762,1418
44659833,14180,1418
44913833,12762,0
45154833,11344,1418
45388833,12762,1418
45619833,19852,1418
45850833,21270,0
46144833,15598,1418
46485833,17016,1418
46771833,9926,1418
47056833,12762,1418
47310833,12762,1418
47548833,14180,1418
47780833,22688,1418
48021833,51048,1418
48356833,41122,1418
48815833,31196,1418
49612833,31196,1418
50146833,29778,1418
50667833,22688,1418
51168833,19852,1418
51533833,17016,1418
51858833,12762,1418
52143833,11344,1418
52388833,9926,1418
52623833,11344,1418
52855833,11344,1418
53086833,11344,1418
53316833,4254,1418
53546833,8508,1418
53776833,18434,1418
54012833,21270,1418
54333833,12762,1418
54679833,12762,1418
54933833,11344,1418
55170833,19852,1418
55402833,21270,1418
55712833,19852,1418
56070833,11344,1418
56410833,8508,1418
56669833,14180,1418
56911833,15598,1418
57177833,18434,1418
57439833,21270,1418
57736833,28360,1418
58076833,15598,1418
58512833,18434,1418
58836833,28360,1418
59147833,22688,1418
59578833,14180,1418
59943833,11344,1418
