timestamp,lastAckedSeq,highTxMark,availableTxBuffer,nextTxSeq,totalCwnd,unAckMeta
611833,5673,17017,1158,17017,11344,11344
611833,5673,17017,1158,17017,26810,11344
829833,11345,41123,1158,41123,26810,29778
1052833,29779,48213,1158,48213,19368,18434
1361833,49631,68065,1158,68065,18686,18434
1721833,73737,87917,1158,87917,14534,14180
1998833,90753,103515,2576,103515,14813,12762
2239833,104933,127621,1158,127621,23829,22688
2473833,120531,138965,1158,138965,18901,18434
2794833,140383,157399,1158,157399,17104,17016
3094833,161653,178669,1158,178669,18138,17016
3362833,178669,198521,1158,198521,21091,19852
3625833,195685,215537,1158,215537,20467,19852
3922833,214119,232553,1158,232553,19365,18434
4228833,233971,253823,1158,253823,20862,19852
4518833,252405,275093,1158,275093,21745,22688
4823833,273675,300617,1158,300617,28380,26942
5150833,294945,319051,1158,319051,24532,24106
5554833,320469,345993,1158,345993,24828,25524
5940833,347411,363009,1158,363009,16234,15598
6321833,368681,381443,1158,381443,13830,12762
6578833,381443,392787,1158,392787,12771,11344
6817833,394205,409803,1158,409803,16930,15598
7050833,409803,425401,1158,425401,16750,15598
7303833,425401,443835,1158,443835,18996,18434
7544833,440999,460851,1158,460851,20733,19852
7816833,459433,476449,1158,476449,16180,17016
8116833,476449,486375,1158,486375,10915,9926
8372833,489211,503391,1158,503391,14830,14180
8614833,503391,520407,1158,520407,17528,17016
8860833,518989,541677,1158,541677,22941,22688
9127833,536005,558693,1158,558693,23229,22688
9452833,557275,578545,1158,578545,22633,21270
9804833,581381,601233,1158,601233,20534,19852
10137833,602651,619667,1158,619667,18422,17016
10443833,622503,642355,1158,642355,19346,19852
10717833,640937,652281,1158,652281,11852,11344
10999833,652281,660789,1158,660789,9647,8508
11253833,660789,667879,1158,667879,8061,7090
11495833,667879,674969,1158,674969,8493,7090
11732833,674969,680641,1158,680641,6950,5672
11966833,680641,686313,1158,686313,7082,5672
12199833,687731,696239,1158,696239,9218,8508
12431833,696239,707583,1158,707583,12093,11344
12664833,707583,717509,1158,717509,10772,9926
12906833,717509,727435,1158,727435,10361,9926
13141833,727435,738779,1158,738779,11447,11344
13373833,738779,757213,1158,757213,19868,18434
13604833,754377,784155,1158,784155,31159,29778
13906833,772811,795499,1158,795499,21979,22688
14305833,798335,826695,1158,826695,28387,28360
14680833,823859,846547,1158,846547,22373,22688
15101833,852219,874907,1158,874907,23388,22688
15453833,873489,896177,1158,896177,21524,22688
15809833,897595,925955,1158,925955,28845,28360
16146833,920283,950061,2576,950061,31252,29778
16577833,948643,971331,2576,971331,21815,22688
17047833,978421,996855,1158,996855,18903,18434
17369833,999691,1013871,1158,1013871,15103,14180
17653833,1016707,1032305,1158,1032305,16345,15598
17900833,1032305,1043649,1158,1043649,12078,11344
18145833,1045067,1057829,1158,1057829,13323,12762
18381833,1057829,1067755,1158,1067755,10787,9926
18613833,1067755,1076263,1158,1076263,9938,8508
18844833,1076263,1084771,1158,1084771,9272,8508
19075833,1084771,1096115,1158,1096115,11866,11344
19306833,1096115,1111713,1158,1111713,15957,15598
19539833,1111713,1127311,1158,1127311,15701,15598
19787833,1127311,1145745,1158,1145745,19240,18434
20027833,1142909,1169851,1158,1169851,27139,26942
20299833,1159925,1186867,1158,1186867,25975,26942
20665833,1184031,1212391,1158,1212391,27603,28360
21068833,1210973,1239333,1158,1239333,28496,28360
21493833,1237915,1281873,1158,1281873,43551,43958
21942833,1266275,1297471,1158,1297471,29148,31196
22588833,1310233,1337175,2576,1337175,28205,26942
23048833,1340011,1361281,1158,1361281,20697,21270
23451833,1366953,1386805,1158,1386805,20876,19852
23770833,1386805,1409493,1158,1409493,22050,22688
24080833,1408075,1423673,1158,1423673,16289,15598
24408833,1429345,1460541,1158,1460541,32153,31196
24682833,1444943,1477557,1158,1477557,30255,32614
25104833,1473303,1494573,1158,1494573,20538,21270
25581833,1504499,1535695,1158,1535695,29902,31196
25964833,1530023,1552711,1158,1552711,21724,22688
26429833,1559801,1588161,1158,1588161,27246,28360
26811833,1585325,1605177,1158,1605177,20948,19852
27234833,1613685,1630701,1158,1630701,17876,17016
27533833,1632119,1644881,1158,1644881,13461,12762
27803833,1647717,1660479,1158,1660479,13424,12762
28043833,1660479,1670405,1158,1670405,10112,9926
28277833,1670405,1680331,1158,1680331,11309,9926
28509833,1680331,1693093,1158,1693093,13936,12762
28740833,1693093,1717199,1158,1717199,24861,24106
28973833,1707273,1727125,1158,1727125,19896,19852
29304833,1729961,1746977,1158,1746977,18206,17016
29613833,1749813,1765411,1158,1765411,16716,15598
29877833,1766829,1788099,1158,1788099,20885,21270
30123833,1782427,1806533,1158,1806533,23565,24106
30414833,1800861,1822131,1158,1822131,20513,21270
30751833,1823549,1840565,1158,1840565,17857,17016
31062833,1843401,1864671,1158,1864671,22276,21270
31336833,1861835,1881687,1158,1881687,19518,19852
31656833,1883105,1902957,1158,1902957,20640,19852
31952833,1902957,1929899,1158,1929899,28110,26942
32258833,1921391,1938407,1158,1938407,18398,17016
32651833,1944079,1955423,1158,1955423,11673,11344
32954833,1959677,1971021,1158,1971021,12823,11344
33203833,1972439,1989455,1158,1989455,17057,17016
33441833,1989455,2000799,1158,2000799,12706,11344
33685833,2000799,2009307,1158,2009307,9438,8508
33921833,2009307,2016397,1158,2016397,8060,7090
34154833,2016397,2024905,1158,2024905,9440,8508
34386833,2024905,2034831,1158,2034831,11080,9926
34618833,2034831,2043339,1158,2043339,9405,8508
34850833,2043339,2058937,1158,2058937,15984,15598
35081833,2058937,2073117,1158,2073117,14343,14180
35336833,2073117,2084461,1158,2084461,12699,11344
35574833,2084461,2091551,1158,2091551,7864,7090
35807833,2092969,2102895,1158,2102895,10429,9926
36039833,2102895,2108567,1158,2108567,7065,5672
36271833,2108567,2112821,1158,2112821,5637,4254
36503833,2112821,2119911,1158,2119911,7782,7090
36734833,2119911,2135509,1158,2135509,16114,15598
36971833,2135509,2148271,1158,2148271,13894,12762
37261833,2148271,2158197,1158,2158197,10749,9926
37512833,2158197,2168123,1158,2168123,10489,9926
37752833,2168123,2178049,1158,2178049,10344,9926
37986833,2178049,2186557,1158,2186557,9510,8508
38218833,2186557,2192229,1158,2192229,6123,5672
38449833,2192229,2196483,1158,2196483,5665,4254
38680833,2197901,2203573,2576,2203573,7894,5672
38911833,2204991,2217753,2576,2217753,14742,12762
39143833,2219171,2243277,2576,2243277,26021,24106
39415833,2234769,2256039,1158,2256039,20932,21270
39772833,2257457,2267383,1158,2267383,11310,9926
40108833,2274473,2290071,1158,2290071,16622,15598
40382833,2290071,2302833,1158,2302833,13019,12762
40637833,2305669,2319849,1158,2319849,14646,14180
40874833,2319849,2329775,1158,2329775,10938,9926
41107833,2329775,2335447,1158,2335447,6957,5672
41339833,2335447,2342537,1158,2342537,8385,7090
41570833,2342537,2353881,1158,2353881,11559,11344
41802833,2353881,2372315,1158,2372315,19602,18434
42047833,2369479,2383659,1158,2383659,14739,14180
42351833,2387913,2406347,1158,2406347,18500,18434
42611833,2406347,2426199,1158,2426199,20487,19852
42872833,2423363,2437543,1158,2437543,15678,14180
43168833,2437543,2448887,1158,2448887,12692,11344
43425833,2451723,2467321,1158,2467321,16258,15598
43666833,2467321,2494263,1158,2494263,27366,26942
43927833,2484337,2507025,1158,2507025,23898,22688
44287833,2508443,2522623,1158,2522623,14414,14180
44659833,2531131,2546729,1158,2546729,15991,15598
44913833,2548147,2560909,2576,2560909,15051,12762
45154833,2562327,2575089,1158,2575089,14127,12762
45388833,2576507,2590687,1158,2590687,14369,14180
45619833,2590687,2611957,1158,2611957,22161,21270
45850833,2603449,2626137,1158,2626137,23440,22688
46144833,2623301,2641735,1158,2641735,17113,18434
46485833,2645989,2664423,1158,2664423,19772,18434
46771833,2664423,2675767,1158,2675767,11998,11344
47056833,2680021,2694201,1158,2694201,14346,14180
47310833,2694201,2708381,1158,2708381,14754,14180
47548833,2709799,2725397,1158,2725397,15949,15598
47780833,2725397,2749503,2576,2749503,25828,24106
48021833,2739577,2793461,1158,2793461,52991,53884
48356833,2760847,2804805,1158,2804805,42877,43958
48815833,2787789,2824657,1158,2824657,33218,36868
49612833,2841673,2875705,1158,2875705,33826,34032
50146833,2877123,2911155,1158,2911155,31429,34032
50667833,2911155,2936679,1158,2936679,24325,25524
51168833,2943769,2966457,1158,2966457,22706,22688
51533833,2969293,2987727,1158,2987727,18973,18434
51858833,2990563,3004743,1158,3004743,15050,14180
52143833,3006161,3018923,1158,3018923,13575,12762
52388833,3018923,3030267,1158,3030267,11791,11344
52623833,3031685,3044447,1158,3044447,14164,12762
52855833,3044447,3057209,1158,3057209,12847,12762
53086833,3057209,3069971,1158,3069971,13532,12762
53316833,3069971,3075643,2576,3075643,8215,5672
53546833,3075643,3085569,1158,3085569,10817,9926
53776833,3085569,3105421,1158,3105421,20040,19852
54012833,3099749,3123855,1158,3123855,24102,24106
54333833,3122437,3136617,1158,3136617,15421,14180
54679833,3143707,3157887,1158,3157887,14443,14180
54933833,3157887,3170649,1158,3170649,14223,12762
55170833,3172067,3193337,1158,3193337,22708,21270
55402833,3186247,3210353,2576,3210353,25314,24106
55712833,3204681,3227369,1158,3227369,22638,22688
56070833,3228787,3241549,1158,3241549,13390,12762
56410833,3244385,3254311,1158,3254311,11125,9926
56669833,3255729,3271327,1158,3271327,16041,15598
56911833,3272745,3289761,1158,3289761,17663,17016
57177833,3289761,3309613,1158,3309613,20802,19852
57439833,3306777,3329465,1158,3329465,23299,22688
57736833,3325211,3356407,1158,3356407,31148,31196
58076833,3346481,3364915,1158,3364915,17579,18434
58512833,3377677,3397529,1158,3397529,20862,19852
58836833,3397529,3427307,1158,3427307,31156,29778
59147833,3417381,3442905,1158,3442905,25125,25524
59578833,3445741,3461339,1158,3461339,15767,15598
59943833,3468429,3481191,1158,3481191,13713,12762
