timestamp,availableTxBuffer0,availableTxBuffer1
611833,246472,246472
611833,246472,246472
829833,235128,246472
1052833,226620,250726
1357833,233710,250726
1735833,236546,250726
2050833,245054,250726
2323833,242218,250726
2573833,242218,250726
2811833,243636,250726
3044833,245054,250726
3275833,245054,250726
3505833,239382,250726
3735833,232292,250726
3984833,232292,250726
4295833,237964,250726
4625833,242218,250726
4886833,243636,250726
5128833,240800,252144
5363833,242218,250726
5610833,242218,250726
5847833,245054,250726
6080833,246472,250726
6311833,246472,250726
6542833,246472,250726
6772833,243636,250726
7002833,246472,250726
7234833,242218,250726
7465833,240800,250726
7700833,245054,250726
7936833,247890,250726
8169833,246472,250726
8401833,245054,250726
8633833,246472,250726
8867833,247890,250726
9099833,245054,250726
9331833,245054,250726
9565833,246472,250726
9797833,246472,250726
10028833,243636,250726
10259833,242218,250726
10494833,243636,250726
10731833,236546,250726
10964833,235128,250726
11244833,229456,250726
11526833,235128,250726
11879833,237964,250726
12166833,236546,250726
12418833,225202,250726
12677833,229456,250726
13042833,229456,250726
13439833,229456,250726
13821833,237964,250726
14202833,229456,250726
14500833,242218,250726
14866833,233710,250726
15176833,239382,250726
15493833,232292,250726
15759833,223784,250726
16076833,229456,250726
16494833,225202,250726
16896833,225202,252144
17342833,222366,250726
17815833,222366,250726
18312833,232292,250726
18812833,233710,250726
19140833,239382,250726
19443833,235128,250726
19702833,237964,250726
19981833,240800,250726
20231833,245054,250726
20468833,245054,250726
20702833,237964,250726
20934833,240800,250726
21206833,239382,250726
21451833,235128,250726
21687833,240800,250726
21972833,245054,250726
22234833,237964,250726
22480833,235128,250726
22747833,240800,250726
23026833,243636,250726
23276833,237964,250726
23514833,242218,250726
23776833,240800,250726
24020833,245054,250726
24255833,242218,250726
24488833,236546,250726
24720833,240800,250726
24987833,240800,250726
25230833,236546,250726
25465833,230874,250726
25720833,239382,250726
26040833,235128,250726
26323833,237964,250726
26609833,245054,250726
26861833,247890,250726
27102833,247890,250726
27340833,246472,250726
27575833,245054,250726
27808833,243636,250726
28040833,242218,250726
28274833,237964,250726
28511833,229456,250726
28783833,232292,250726
29120833,233710,250726
29456833,230874,250726
29772833,226620,250726
30121833,239382,250726
30533833,230874,250726
30855833,242218,250726
31205833,242218,250726
31477833,237964,250726
31725833,236546,250726
31992833,236546,250726
32254833,230874,250726
32515833,229456,250726
32843833,236546,250726
33211833,237964,250726
33480833,236546,250726
33726833,225202,250726
33983833,225202,250726
34343833,237964,250726
34782833,233710,250726
35091833,237964,250726
35400833,235128,250726
35665833,237964,250726
35964833,243636,250726
36220833,245054,250726
36462833,240800,250726
36698833,240800,250726
36943833,242218,250726
37178833,246472,250726
37410833,246472,250726
37641833,242218,250726
37872833,242218,250726
38112833,246472,250726
38346833,247890,250726
38578833,237964,250726
38809833,237964,250726
39089833,242218,250726
39337833,246472,250726
39574833,236546,250726
39808833,236546,250726
40102833,232292,250726
40373833,233710,250726
40690833,239382,250726
41003833,240800,250726
41252833,243636,250726
41489833,247890,250726
41722833,246472,250726
41954833,243636,250726
42185833,243636,250726
42420833,243636,250726
42652833,242218,250726
42883833,247890,250726
43117833,246472,250726
43350833,246472,250726
43583833,243636,250726
43815833,237964,250726
44053833,243636,250726
44322833,247890,250726
44569833,247890,250726
44811833,239382,250726
45048833,240800,250726
45308833,245054,250726
45549833,246472,250726
45784833,243636,250726
46017833,245054,250726
46250833,245054,250726
46481833,239382,250726
46712833,239382,250726
46962833,237964,250726
47200833,233710,250726
47445833,226620,250726
47748833,233710,250726
48135833,230874,250726
48491833,242218,250726
48847833,237964,250726
49116833,232292,250726
49363833,228038,250726
49669833,228038,252144
50042833,232292,250726
50443833,237964,250726
50752833,239382,250726
51002833,239382,250726
51238833,239382,250726
51470833,232292,250726
51701833,236546,250726
52007833,235128,250726
52303833,239382,250726
52590833,239382,250726
52833833,237964,250726
53068833,236546,250726
53311833,235128,250726
53567833,232292,250726
53845833,233710,250726
54177833,237964,250726
54484833,236546,250726
54740833,225202,250726
55000833,230874,250726
55374833,229456,250726
55772833,237964,250726
56136833,239382,250726
56390833,225202,250726
56627833,206768,250726
56977833,212440,250726
57458833,209604,250726
58161833,239382,250726
58873833,229456,250726
59269833,235128,250726
59672833,228038,250726
