timestamp,unAck0,unAck1
611833,5672,5672
611833,5672,5672
829833,17016,5672
1052833,25524,1418
1357833,18434,1418
1735833,15598,1418
2050833,7090,1418
2323833,9926,1418
2573833,9926,1418
2811833,8508,1418
3044833,7090,1418
3275833,7090,1418
3505833,12762,1418
3735833,19852,1418
3984833,19852,1418
4295833,14180,1418
4625833,9926,1418
4886833,8508,1418
5128833,11344,0
5363833,9926,1418
5610833,9926,1418
5847833,7090,1418
6080833,5672,1418
6311833,5672,1418
6542833,5672,1418
6772833,8508,1418
7002833,5672,1418
7234833,9926,1418
7465833,11344,1418
7700833,7090,1418
7936833,4254,1418
8169833,5672,1418
8401833,7090,1418
8633833,5672,1418
8867833,4254,1418
9099833,7090,1418
9331833,7090,1418
9565833,5672,1418
9797833,5672,1418
10028833,8508,1418
10259833,9926,1418
10494833,8508,1418
10731833,15598,1418
10964833,17016,1418
11244833,22688,1418
11526833,17016,1418
11879833,14180,1418
12166833,15598,1418
12418833,26942,1418
12677833,22688,1418
13042833,22688,1418
13439833,22688,1418
13821833,14180,1418
14202833,22688,1418
14500833,9926,1418
14866833,18434,1418
15176833,12762,1418
15493833,19852,1418
15759833,28360,1418
16076833,22688,1418
16494833,26942,1418
16896833,26942,0
17342833,29778,1418
17815833,29778,1418
18312833,19852,1418
18812833,18434,1418
19140833,12762,1418
19443833,17016,1418
19702833,14180,1418
19981833,11344,1418
20231833,7090,1418
20468833,7090,1418
20702833,14180,1418
20934833,11344,1418
21206833,12762,1418
21451833,17016,1418
21687833,11344,1418
21972833,7090,1418
22234833,14180,1418
22480833,17016,1418
22747833,11344,1418
23026833,8508,1418
23276833,14180,1418
23514833,9926,1418
23776833,11344,1418
24020833,7090,1418
24255833,9926,1418
24488833,15598,1418
24720833,11344,1418
24987833,11344,1418
25230833,15598,1418
25465833,21270,1418
25720833,12762,1418
26040833,17016,1418
26323833,14180,1418
26609833,7090,1418
26861833,4254,1418
27102833,4254,1418
27340833,5672,1418
27575833,7090,1418
27808833,8508,1418
28040833,9926,1418
28274833,14180,1418
28511833,22688,1418
28783833,19852,1418
29120833,18434,1418
29456833,21270,1418
29772833,25524,1418
30121833,12762,1418
30533833,21270,1418
30855833,9926,1418
31205833,9926,1418
31477833,14180,1418
31725833,15598,1418
31992833,15598,1418
32254833,21270,1418
32515833,22688,1418
32843833,15598,1418
33211833,14180,1418
33480833,15598,1418
33726833,26942,1418
33983833,26942,1418
34343833,14180,1418
34782833,18434,1418
35091833,14180,1418
35400833,17016,1418
35665833,14180,1418
35964833,8508,1418
36220833,7090,1418
36462833,11344,1418
36698833,11344,1418
36943833,9926,1418
37178833,5672,1418
37410833,5672,1418
37641833,9926,1418
37872833,9926,1418
38112833,5672,1418
38346833,4254,1418
38578833,14180,1418
38809833,14180,1418
39089833,9926,1418
39337833,5672,1418
39574833,15598,1418
39808833,15598,1418
40102833,19852,1418
40373833,18434,1418
40690833,12762,1418
41003833,11344,1418
41252833,8508,1418
41489833,4254,1418
41722833,5672,1418
41954833,8508,1418
42185833,8508,1418
42420833,8508,1418
42652833,9926,1418
42883833,4254,1418
43117833,5672,1418
43350833,5672,1418
43583833,8508,1418
43815833,14180,1418
44053833,8508,1418
44322833,4254,1418
44569833,4254,1418
44811833,12762,1418
45048833,11344,1418
45308833,7090,1418
45549833,5672,1418
45784833,8508,1418
46017833,7090,1418
46250833,7090,1418
46481833,12762,1418
46712833,12762,1418
46962833,14180,1418
47200833,18434,1418
47445833,25524,1418
47748833,18434,1418
48135833,21270,1418
48491833,9926,1418
48847833,14180,1418
49116833,19852,1418
49363833,24106,1418
49669833,24106,0
50042833,19852,1418
50443833,14180,1418
50752833,12762,1418
51002833,12762,1418
51238833,12762,1418
51470833,19852,1418
51701833,15598,1418
52007833,17016,1418
52303833,12762,1418
52590833,12762,1418
52833833,14180,1418
53068833,15598,1418
53311833,17016,1418
53567833,19852,1418
53845833,18434,1418
54177833,14180,1418
54484833,15598,1418
54740833,26942,1418
55000833,21270,1418
55374833,22688,1418
55772833,14180,1418
56136833,12762,1418
56390833,26942,1418
56627833,45376,1418
56977833,39704,1418
57458833,42540,1418
58161833,12762,1418
58873833,22688,1418
59269833,17016,1418
59672833,24106,1418
