timestamp,rtt0,rtt1
611833,218,184
611833,218,184
829833,223,184
1052833,305,219
1357833,378,221
1735833,315,223
2050833,273,224
2323833,250,224
2573833,238,226
2811833,233,226
3044833,231,227
3275833,230,227
3505833,230,227
3735833,249,228
3984833,311,228
4295833,330,228
4625833,261,228
4886833,242,229
5128833,235,229
5363833,247,229
5610833,237,229
5847833,233,229
6080833,231,229
6311833,231,229
6542833,230,229
6772833,230,229
7002833,232,230
7234833,231,230
7465833,235,230
7700833,236,230
7936833,233,230
8169833,232,230
8401833,232,230
8633833,234,230
8867833,232,230
9099833,232,230
9331833,234,230
9565833,232,230
9797833,231,230
10028833,231,230
10259833,235,230
10494833,237,230
10731833,233,230
10964833,280,230
11244833,282,230
11526833,353,230
11879833,287,230
12166833,252,230
12418833,259,230
12677833,365,230
13042833,397,230
13439833,382,230
13821833,381,230
14202833,298,230
14500833,366,230
14866833,310,230
15176833,317,230
15493833,266,230
15759833,317,230
16076833,418,230
16494833,402,230
16896833,446,230
17342833,473,230
17815833,497,230
18312833,500,230
18812833,328,230
19140833,303,230
19443833,259,230
19702833,279,230
19981833,250,230
20231833,237,230
20468833,234,230
20702833,232,230
20934833,272,230
21206833,245,230
21451833,236,230
21687833,285,230
21972833,262,230
22234833,246,230
22480833,267,230
22747833,279,230
23026833,250,230
23276833,238,230
23514833,262,230
23776833,244,230
24020833,235,230
24255833,233,230
24488833,232,230
24720833,267,230
24987833,243,230
25230833,235,230
25465833,255,230
25720833,320,230
26040833,283,230
26323833,286,230
26609833,252,230
26861833,241,230
27102833,238,230
27340833,235,230
27575833,233,230
27808833,232,230
28040833,234,230
28274833,237,230
28511833,272,230
28783833,337,230
29120833,336,230
29456833,316,230
29772833,349,230
30121833,412,230
30533833,322,230
30855833,350,230
31205833,272,230
31477833,248,230
31725833,267,230
31992833,262,230
32254833,261,230
32515833,328,230
32843833,368,230
33211833,269,230
33480833,246,230
33726833,257,230
33983833,360,230
34343833,439,230
34782833,309,230
35091833,309,230
35400833,265,230
35665833,299,230
35964833,256,230
36220833,242,230
36462833,236,230
36698833,245,230
36943833,235,230
37178833,232,230
37410833,231,230
37641833,231,230
37872833,240,230
38112833,234,230
38346833,232,230
38578833,231,230
38809833,280,230
39089833,248,230
39337833,237,230
39574833,234,230
39808833,294,230
40102833,271,230
40373833,317,230
40690833,313,230
41003833,249,230
41252833,237,230
41489833,233,230
41722833,232,230
41954833,231,230
42185833,235,230
42420833,232,230
42652833,231,230
42883833,234,230
43117833,233,230
43350833,233,230
43583833,232,230
43815833,238,230
44053833,269,230
44322833,247,230
44569833,242,230
44811833,237,230
45048833,260,230
45308833,241,230
45549833,235,230
45784833,233,230
46017833,233,230
46250833,231,230
46481833,231,230
46712833,250,230
46962833,238,230
47200833,245,230
47445833,303,230
47748833,387,230
48135833,356,230
48491833,356,230
48847833,269,230
49116833,247,230
49363833,306,230
49669833,373,230
50042833,401,230
50443833,309,230
50752833,250,230
51002833,236,230
51238833,232,230
51470833,231,230
51701833,306,230
52007833,296,230
52303833,287,230
52590833,243,230
52833833,235,230
53068833,243,230
53311833,256,230
53567833,278,230
53845833,332,230
54177833,307,230
54484833,256,230
54740833,260,230
55000833,374,230
55374833,398,230
55772833,364,230
56136833,254,230
56390833,237,230
56627833,350,230
56977833,481,230
57458833,703,230
58161833,712,230
58873833,396,230
59269833,403,230
59672833,328,230
