timestamp,rWnd0,rWnd1
611833,1073725440,1073725440
611833,1073725440,1073725440
829833,1073725440,1073725440
1052833,1073725440,1073725440
1357833,1073725440,1073725440
1735833,1073725440,1073725440
2050833,1073725440,1073725440
2323833,1073725440,1073725440
2573833,1073725440,1073725440
2811833,1073725440,1073725440
3044833,1073725440,1073725440
3275833,1073725440,1073725440
3505833,1073725440,1073725440
3735833,1073725440,1073725440
3984833,1073725440,1073725440
4295833,1073725440,1073725440
4625833,1073725440,1073725440
4886833,1073725440,1073725440
5128833,1073725440,1073725440
5363833,1073725440,1073725440
5610833,1073725440,1073725440
5847833,1073725440,1073725440
6080833,1073725440,1073725440
6311833,1073725440,1073725440
6542833,1073725440,1073725440
6772833,1073725440,1073725440
7002833,1073725440,1073725440
7234833,1073725440,1073725440
7465833,1073725440,1073725440
7700833,1073725440,1073725440
7936833,1073725440,1073725440
8169833,1073725440,1073725440
8401833,1073725440,1073725440
8633833,1073725440,1073725440
8867833,1073725440,1073725440
9099833,1073725440,1073725440
9331833,1073725440,1073725440
9565833,1073725440,1073725440
9797833,1073725440,1073725440
10028833,1073725440,1073725440
10259833,1073725440,1073725440
10494833,1073725440,1073725440
10731833,1073725440,1073725440
10964833,1073725440,1073725440
11244833,1073725440,1073725440
11526833,1073725440,1073725440
11879833,1073725440,1073725440
12166833,1073725440,1073725440
12418833,1073725440,1073725440
12677833,1073725440,1073725440
13042833,1073725440,1073725440
13439833,1073725440,1073725440
13821833,1073725440,1073725440
14202833,1073725440,1073725440
14500833,1073725440,1073725440
14866833,1073725440,1073725440
15176833,1073725440,1073725440
15493833,1073725440,1073725440
15759833,1073725440,1073725440
16076833,1073725440,1073725440
16494833,1073725440,1073725440
16896833,1073725440,1073725440
17342833,1073725440,1073725440
17815833,1073725440,1073725440
18312833,1073725440,1073725440
18812833,1073725440,1073725440
19140833,1073725440,1073725440
19443833,1073725440,1073725440
19702833,1073725440,1073725440
19981833,1073725440,1073725440
20231833,1073725440,1073725440
20468833,1073725440,1073725440
20702833,1073725440,1073725440
20934833,1073725440,1073725440
21206833,1073725440,1073725440
21451833,1073725440,1073725440
21687833,1073725440,1073725440
21972833,1073725440,1073725440
22234833,1073725440,1073725440
22480833,1073725440,1073725440
22747833,1073725440,1073725440
23026833,1073725440,1073725440
23276833,1073725440,1073725440
23514833,1073725440,1073725440
23776833,1073725440,1073725440
24020833,1073725440,1073725440
24255833,1073725440,1073725440
24488833,1073725440,1073725440
24720833,1073725440,1073725440
24987833,1073725440,1073725440
25230833,1073725440,1073725440
25465833,1073725440,1073725440
25720833,1073725440,1073725440
26040833,1073725440,1073725440
26323833,1073725440,1073725440
26609833,1073725440,1073725440
26861833,1073725440,1073725440
27102833,1073725440,1073725440
27340833,1073725440,1073725440
27575833,1073725440,1073725440
27808833,1073725440,1073725440
28040833,1073725440,1073725440
28274833,1073725440,1073725440
28511833,1073725440,1073725440
28783833,1073725440,1073725440
29120833,1073725440,1073725440
29456833,1073725440,1073725440
29772833,1073725440,1073725440
30121833,1073725440,1073725440
30533833,1073725440,1073725440
30855833,1073725440,1073725440
31205833,1073725440,1073725440
31477833,1073725440,1073725440
31725833,1073725440,1073725440
31992833,1073725440,1073725440
32254833,1073725440,1073725440
32515833,1073725440,1073725440
32843833,1073725440,1073725440
33211833,1073725440,1073725440
33480833,1073725440,1073725440
33726833,1073725440,1073725440
33983833,1073725440,1073725440
34343833,1073725440,1073725440
34782833,1073725440,1073725440
35091833,1073725440,1073725440
35400833,1073725440,1073725440
35665833,1073725440,1073725440
35964833,1073725440,1073725440
36220833,1073725440,1073725440
36462833,1073725440,1073725440
36698833,1073725440,1073725440
36943833,1073725440,1073725440
37178833,1073725440,1073725440
37410833,1073725440,1073725440
37641833,1073725440,1073725440
37872833,1073725440,1073725440
38112833,1073725440,1073725440
38346833,1073725440,1073725440
38578833,1073725440,1073725440
38809833,1073725440,1073725440
39089833,1073725440,1073725440
39337833,1073725440,1073725440
39574833,1073725440,1073725440
39808833,1073725440,1073725440
40102833,1073725440,1073725440
40373833,1073725440,1073725440
40690833,1073725440,1073725440
41003833,1073725440,1073725440
41252833,1073725440,1073725440
41489833,1073725440,1073725440
41722833,1073725440,1073725440
41954833,1073725440,1073725440
42185833,1073725440,1073725440
42420833,1073725440,1073725440
42652833,1073725440,1073725440
42883833,1073725440,1073725440
43117833,1073725440,1073725440
43350833,1073725440,1073725440
43583833,1073725440,1073725440
43815833,1073725440,1073725440
44053833,1073725440,1073725440
44322833,1073725440,1073725440
44569833,1073725440,1073725440
44811833,1073725440,1073725440
45048833,1073725440,1073725440
45308833,1073725440,1073725440
45549833,1073725440,1073725440
45784833,1073725440,1073725440
46017833,1073725440,1073725440
46250833,1073725440,1073725440
46481833,1073725440,1073725440
46712833,1073725440,1073725440
46962833,1073725440,1073725440
47200833,1073725440,1073725440
47445833,1073725440,1073725440
47748833,1073725440,1073725440
48135833,1073725440,1073725440
48491833,1073725440,1073725440
48847833,1073725440,1073725440
49116833,1073725440,1073725440
49363833,1073725440,1073725440
49669833,1073725440,1073725440
50042833,1073725440,1073725440
50443833,1073725440,1073725440
50752833,1073725440,1073725440
51002833,1073725440,1073725440
51238833,1073725440,1073725440
51470833,1073725440,1073725440
51701833,1073725440,1073725440
52007833,1073725440,1073725440
52303833,1073725440,1073725440
52590833,1073725440,1073725440
52833833,1073725440,1073725440
53068833,1073725440,1073725440
53311833,1073725440,1073725440
53567833,1073725440,1073725440
53845833,1073725440,1073725440
54177833,1073725440,1073725440
54484833,1073725440,1073725440
54740833,1073725440,1073725440
55000833,1073725440,1073725440
55374833,1073725440,1073725440
55772833,1073725440,1073725440
56136833,1073725440,1073725440
56390833,1073725440,1073725440
56627833,1073725440,1073725440
56977833,1073725440,1073725440
57458833,1073725440,1073725440
58161833,1073725440,1073725440
58873833,1073725440,1073725440
59269833,1073725440,1073725440
59672833,1073725440,1073725440
