timestamp,cWnd0,cWnd1
611833,5672,5672
611833,18075,1500
829833,18075,1500
1052833,25799,1500
1357833,19140,1500
1735833,15721,1500
2050833,8090,1500
2323833,10449,1500
2573833,10042,1500
2811833,9752,1500
3044833,7628,1500
3275833,9349,1500
3505833,13963,1500
3735833,19855,1500
3984833,19861,1500
4295833,14923,1500
4625833,10838,1500
4886833,8899,1500
5128833,12482,1500
5363833,10108,1500
5610833,10797,1500
5847833,8192,1500
6080833,7033,1500
6311833,7264,1500
6542833,7894,1500
6772833,8818,1500
7002833,6679,1500
7234833,10716,1500
7465833,11403,1500
7700833,8236,1500
7936833,5343,1500
8169833,6308,1500
8401833,8151,1500
8633833,5931,1500
8867833,4642,1500
9099833,7661,1500
9331833,8085,1500
9565833,6237,1500
9797833,7003,1500
10028833,9412,1500
10259833,10795,1500
10494833,8970,1500
10731833,16343,1500
10964833,18162,1500
11244833,22765,1500
11526833,17485,1500
11879833,14367,1500
12166833,15989,1500
12418833,28303,1500
12677833,22717,1500
13042833,22942,1500
13439833,23017,1500
13821833,15370,1500
14202833,23054,1500
14500833,11014,1500
14866833,19311,1500
15176833,13345,1500
15493833,21046,1500
15759833,28929,1500
16076833,23286,1500
16494833,28202,1500
16896833,29708,1500
17342833,29817,1500
17815833,31049,1500
18312833,20106,1500
18812833,19617,1500
19140833,15041,1500
19443833,17935,1500
19702833,14618,1500
19981833,11356,1500
20231833,8246,1500
20468833,8211,1500
20702833,14637,1500
20934833,11759,1500
21206833,13373,1500
21451833,18853,1500
21687833,12130,1500
21972833,8276,1500
22234833,14597,1500
22480833,18136,1500
22747833,12052,1500
23026833,8748,1500
23276833,14391,1500
23514833,11217,1500
23776833,12995,1500
24020833,8394,1500
24255833,10693,1500
24488833,15955,1500
24720833,12203,1500
24987833,11411,1500
25230833,16916,1500
25465833,21443,1500
25720833,13863,1500
26040833,17361,1500
26323833,14945,1500
26609833,8251,1500
26861833,4580,1500
27102833,4313,1500
27340833,6571,1500
27575833,8150,1500
27808833,9399,1500
28040833,11224,1500
28274833,14854,1500
28511833,23287,1500
28783833,20967,1500
29120833,19296,1500
29456833,22656,1500
29772833,25898,1500
30121833,15528,1500
30533833,22586,1500
30855833,9956,1500
31205833,10999,1500
31477833,15019,1500
31725833,17001,1500
31992833,16511,1500
32254833,22442,1500
32515833,23487,1500
32843833,16389,1500
33211833,14782,1500
33480833,16705,1500
33726833,28323,1500
33983833,27052,1500
34343833,14416,1500
34782833,19589,1500
35091833,14931,1500
35400833,18565,1500
35665833,14992,1500
35964833,9607,1500
36220833,7962,1500
36462833,11671,1500
36698833,12015,1500
36943833,10956,1500
37178833,6861,1500
37410833,7945,1500
37641833,12079,1500
37872833,11408,1500
38112833,6393,1500
38346833,5580,1500
38578833,14839,1500
38809833,14325,1500
39089833,10724,1500
39337833,6185,1500
39574833,16474,1500
39808833,16534,1500
40102833,21100,1500
40373833,19255,1500
40690833,12820,1500
41003833,11488,1500
41252833,9852,1500
41489833,5426,1500
41722833,6155,1500
41954833,9272,1500
42185833,9444,1500
42420833,9459,1500
42652833,10441,1500
42883833,5509,1500
43117833,6906,1500
43350833,6503,1500
43583833,9366,1500
43815833,14437,1500
44053833,9028,1500
44322833,5443,1500
44569833,4703,1500
44811833,13889,1500
45048833,12237,1500
45308833,7776,1500
45549833,6696,1500
45784833,9028,1500
46017833,8022,1500
46250833,8381,1500
46481833,12871,1500
46712833,13999,1500
46962833,14835,1500
47200833,20976,1500
47445833,25904,1500
47748833,21100,1500
48135833,22094,1500
48491833,11008,1500
48847833,15015,1500
49116833,21204,1500
49363833,24403,1500
49669833,24639,1500
50042833,21043,1500
50443833,14757,1500
50752833,12933,1500
51002833,13507,1500
51238833,12896,1500
51470833,20103,1500
51701833,18229,1500
52007833,18172,1500
52303833,13083,1500
52590833,13614,1500
52833833,14857,1500
53068833,16090,1500
53311833,18096,1500
53567833,22448,1500
53845833,18608,1500
54177833,14889,1500
54484833,15914,1500
54740833,27329,1500
55000833,24092,1500
55374833,23898,1500
55772833,14638,1500
56136833,13222,1500
56390833,27762,1500
56627833,46732,1500
56977833,40268,1500
57458833,43503,1500
58161833,13737,1500
58873833,25498,1500
59269833,17828,1500
59672833,24366,1500
