timestamp,lastAckedSeq,highTxMark,availableTxBuffer,nextTxSeq,totalCwnd,unAckMeta
611833,5673,17017,1158,17017,11344,11344
611833,5673,17017,1158,17017,19575,11344
829833,11345,34033,1158,34033,19575,22688
1052833,29779,56721,1158,56721,27299,26942
1357833,49631,69483,1158,69483,20640,19852
1735833,75155,92171,1158,92171,17221,17016
2050833,92171,100679,1158,100679,9590,8508
2323833,103515,114859,1158,114859,11949,11344
2573833,116277,127621,1158,127621,11542,11344
2811833,127621,137547,1158,137547,11252,9926
3044833,137547,146055,1158,146055,9128,8508
3275833,147473,155981,2576,155981,10849,8508
3505833,155981,170161,1158,170161,15463,14180
3735833,170161,191431,1158,191431,21355,21270
3984833,185759,208447,1158,208447,21361,22688
4295833,207029,222627,1158,222627,16423,15598
4625833,224045,235389,1158,235389,12338,11344
4886833,235389,245315,1158,245315,10399,9926
5128833,246733,259495,1158,259495,13982,12762
5363833,259495,270839,1158,270839,11608,11344
5610833,272257,283601,1158,283601,12297,11344
5847833,283601,292109,1158,292109,9692,8508
6080833,292109,299199,1158,299199,8533,7090
6311833,300617,307707,2576,307707,8764,7090
6542833,309125,316215,2576,316215,9394,7090
6772833,316215,326141,1158,326141,10318,9926
7002833,326141,333231,1158,333231,8179,7090
7234833,334649,345993,1158,345993,12216,11344
7465833,345993,358755,1158,358755,12903,12762
7700833,358755,367263,1158,367263,9736,8508
7936833,367263,372935,1158,372935,6843,5672
8169833,372935,380025,1158,380025,7808,7090
8401833,380025,388533,1158,388533,9651,8508
8633833,388533,395623,1158,395623,7431,7090
8867833,395623,401295,1158,401295,6142,5672
9099833,401295,409803,1158,409803,9161,8508
9331833,409803,418311,1158,418311,9585,8508
9565833,418311,425401,1158,425401,7737,7090
9797833,425401,432491,1158,432491,8503,7090
10028833,432491,442417,1158,442417,10912,9926
10259833,442417,453761,1158,453761,12295,11344
10494833,453761,463687,1158,463687,10470,9926
10731833,465105,482121,1158,482121,17843,17016
10964833,479285,497719,1158,497719,19662,18434
11244833,497719,521825,1158,521825,24265,24106
11526833,514735,534587,1158,534587,18985,19852
11879833,538841,554439,1158,554439,15867,15598
12166833,558693,575709,1158,575709,17489,17016
12418833,574291,602651,1158,602651,29803,28360
12677833,589889,615413,1158,615413,24217,25524
13042833,613995,638101,1158,638101,24442,24106
13439833,639519,665043,1158,665043,24517,25524
13821833,666461,682059,1158,682059,16870,15598
14202833,690567,714673,1158,714673,24554,24106
14500833,710419,721763,1158,721763,12514,11344
14866833,728853,750123,1158,750123,20811,21270
15176833,750123,764303,1158,764303,14845,14180
15493833,769975,792663,1158,792663,22546,22688
15759833,786991,818187,1158,818187,30429,31196
16076833,806843,832367,1158,832367,24786,25524
16494833,835203,864981,1158,864981,29702,29778
16896833,862145,890505,2576,890505,31208,28360
17342833,889087,921701,1158,921701,31317,32614
17815833,920283,952897,1158,952897,32549,32614
18312833,954315,975585,1158,975585,21606,21270
18812833,986929,1008199,1158,1008199,21117,21270
19140833,1009617,1023797,2576,1023797,16541,14180
19443833,1028051,1046485,1158,1046485,19435,18434
19702833,1045067,1060665,1158,1060665,16118,15598
19981833,1060665,1073427,1158,1073427,12856,12762
20231833,1074845,1083353,1158,1083353,9746,8508
20468833,1083353,1091861,1158,1091861,9711,8508
20702833,1093279,1108877,1158,1108877,16137,15598
20934833,1107459,1120221,1158,1120221,13259,12762
21206833,1123057,1137237,1158,1137237,14873,14180
21451833,1138655,1157089,2576,1157089,20353,18434
21687833,1151417,1165597,1158,1165597,13630,14180
21972833,1165597,1174105,1158,1174105,9776,8508
22234833,1176941,1192539,1158,1192539,16097,15598
22480833,1192539,1210973,1158,1210973,19636,18434
22747833,1209555,1222317,1158,1222317,13552,12762
23026833,1223735,1233661,1158,1233661,10248,9926
23276833,1235079,1250677,1158,1250677,15891,15598
23514833,1250677,1262021,1158,1262021,12717,11344
23776833,1264857,1277619,2576,1277619,14495,12762
24020833,1277619,1286127,1158,1286127,9894,8508
24255833,1287545,1298889,1158,1298889,12193,11344
24488833,1298889,1315905,1158,1315905,17455,17016
24720833,1313069,1325831,1158,1325831,13703,12762
24987833,1328667,1341429,1158,1341429,12911,12762
25230833,1341429,1358445,1158,1358445,18416,17016
25465833,1357027,1379715,1158,1379715,22943,22688
25720833,1374043,1388223,1158,1388223,15363,14180
26040833,1393895,1412329,1158,1412329,18861,18434
26323833,1410911,1427927,1158,1427927,16445,17016
26609833,1427927,1436435,1158,1436435,9751,8508
26861833,1436435,1442107,1158,1442107,6080,5672
27102833,1442107,1447779,1158,1447779,5813,5672
27340833,1449197,1456287,1158,1456287,8071,7090
27575833,1456287,1464795,1158,1464795,9650,8508
27808833,1464795,1474721,1158,1474721,10899,9926
28040833,1474721,1486065,1158,1486065,12724,11344
28274833,1486065,1501663,1158,1501663,16354,15598
28511833,1501663,1525769,1158,1525769,24787,24106
28783833,1517261,1539949,1158,1539949,22467,22688
29120833,1541367,1562637,1158,1562637,20796,21270
29456833,1564055,1586743,1158,1586743,24156,22688
29772833,1583907,1610849,1158,1610849,27398,26942
30121833,1606595,1622193,2576,1622193,17028,15598
30533833,1633537,1656225,1158,1656225,24086,22688
30855833,1653389,1666151,1158,1666151,11456,12762
31205833,1670405,1681749,1158,1681749,12499,11344
31477833,1683167,1698765,1158,1698765,16519,15598
31725833,1700183,1717199,1158,1717199,18501,17016
31992833,1717199,1735633,1158,1735633,18011,18434
32254833,1735633,1758321,1158,1758321,23942,22688
32515833,1751231,1776755,1158,1776755,24987,25524
32843833,1771083,1789517,1158,1789517,17889,18434
33211833,1798025,1813623,1158,1813623,16282,15598
33480833,1815041,1832057,1158,1832057,18205,17016
33726833,1830639,1858999,1158,1858999,29823,28360
33983833,1846237,1876015,1158,1876015,28552,29778
34343833,1868925,1885941,1158,1885941,15916,17016
34782833,1900121,1919973,1158,1919973,21089,19852
35091833,1921391,1936989,2576,1936989,16431,15598
35400833,1941243,1959677,2576,1959677,20065,18434
35665833,1958259,1973857,1158,1973857,16492,15598
35964833,1973857,1983783,1158,1983783,11107,9926
36220833,1983783,1992291,1158,1992291,9462,8508
36462833,1993709,2006471,1158,2006471,13171,12762
36698833,2006471,2019233,1158,2019233,13515,12762
36943833,2019233,2030577,1158,2030577,12456,11344
37178833,2030577,2037667,1158,2037667,8361,7090
37410833,2039085,2046175,2576,2046175,9445,7090
37641833,2047593,2058937,2576,2058937,13579,11344
37872833,2060355,2071699,2576,2071699,12908,11344
38112833,2071699,2078789,1158,2078789,7893,7090
38346833,2078789,2084461,1158,2084461,7080,5672
38578833,2085879,2101477,1158,2101477,16339,15598
38809833,2100059,2115657,1158,2115657,15825,15598
39089833,2115657,2127001,1158,2127001,12224,11344
39337833,2128419,2135509,1158,2135509,7685,7090
39574833,2136927,2153943,1158,2153943,17974,17016
39808833,2152525,2169541,2576,2169541,18034,17016
40102833,2170959,2192229,1158,2192229,22600,21270
40373833,2186557,2207827,1158,2207827,20755,21270
40690833,2207827,2222007,1158,2222007,14320,14180
41003833,2226261,2239023,1158,2239023,12988,12762
41252833,2239023,2248949,1158,2248949,11352,9926
41489833,2248949,2254621,1158,2254621,6926,5672
41722833,2256039,2263129,1158,2263129,7655,7090
41954833,2263129,2273055,1158,2273055,10772,9926
42185833,2273055,2282981,1158,2282981,10944,9926
42420833,2282981,2292907,1158,2292907,10959,9926
42652833,2292907,2304251,1158,2304251,11941,11344
42883833,2304251,2309923,1158,2309923,7009,5672
43117833,2309923,2317013,1158,2317013,8406,7090
43350833,2317013,2324103,1158,2324103,8003,7090
43583833,2324103,2334029,1158,2334029,10866,9926
43815833,2334029,2349627,1158,2349627,15937,15598
44053833,2349627,2359553,1158,2359553,10528,9926
44322833,2359553,2365225,1158,2365225,6943,5672
44569833,2365225,2370897,1158,2370897,6203,5672
44811833,2372315,2386495,1158,2386495,15389,14180
45048833,2386495,2399257,1158,2399257,13737,12762
45308833,2399257,2407765,1158,2407765,9276,8508
45549833,2407765,2414855,1158,2414855,8196,7090
45784833,2416273,2426199,1158,2426199,10528,9926
46017833,2426199,2434707,1158,2434707,9522,8508
46250833,2434707,2443215,1158,2443215,9881,8508
46481833,2443215,2457395,1158,2457395,14371,14180
46712833,2457395,2471575,1158,2471575,15499,14180
46962833,2472993,2488591,1158,2488591,16335,15598
47200833,2488591,2508443,2576,2508443,22476,19852
47445833,2504189,2531131,1158,2531131,27404,26942
47748833,2524041,2543893,2576,2543893,22600,19852
48135833,2549565,2572253,1158,2572253,23594,22688
48491833,2573671,2585015,1158,2585015,12508,11344
48847833,2592105,2607703,1158,2607703,16515,15598
49116833,2609121,2630391,1158,2630391,22704,21270
49363833,2624719,2650243,1158,2650243,25903,25524
49669833,2644571,2670095,1158,2670095,26139,25524
50042833,2668677,2691365,1158,2691365,22543,22688
50443833,2697037,2712635,1158,2712635,16257,15598
50752833,2715471,2729651,1158,2729651,14433,14180
51002833,2731069,2745249,1158,2745249,15007,14180
51238833,2745249,2759429,1158,2759429,14396,14180
51470833,2759429,2780699,1158,2780699,21603,21270
51701833,2775027,2792043,2576,2792043,19729,17016
52007833,2793461,2811895,1158,2811895,19672,18434
52303833,2813313,2827493,1158,2827493,14583,14180
52590833,2830329,2844509,1158,2844509,15114,14180
52833833,2845927,2861525,1158,2861525,16357,15598
53068833,2861525,2878541,1158,2878541,17590,17016
53311833,2877123,2895557,1158,2895557,19596,18434
53567833,2894139,2915409,2576,2915409,23948,21270
53845833,2911155,2931007,1158,2931007,20108,19852
54177833,2933843,2949441,1158,2949441,16389,15598
54484833,2953695,2970711,1158,2970711,17414,17016
54740833,2970711,2999071,1158,2999071,28829,28360
55000833,2986309,3010415,2576,3010415,25592,24106
55374833,3010415,3035939,1158,3035939,25398,25524
55772833,3037357,3052955,1158,3052955,16138,15598
56136833,3060045,3074225,1158,3074225,14722,14180
56390833,3075643,3104003,1158,3104003,29262,28360
56627833,3089823,3138035,1158,3138035,48232,48212
56977833,3112511,3155051,1158,3155051,41768,42540
57458833,3143707,3189083,1158,3189083,45003,45376
58161833,3187665,3204681,1158,3204681,15237,17016
58873833,3237295,3261401,2576,3261401,26998,24106
59269833,3262819,3281253,1158,3281253,19328,18434
59672833,3288343,3315285,1158,3315285,25866,26942
