timestamp,availableTxBuffer0,availableTxBuffer1
611833,246472,246472
611833,246472,246472
829833,220948,246472
1052833,232292,250726
1361833,242218,250726
1902833,237964,250726
2165833,235128,250726
2409833,240800,250726
2683833,242218,250726
2931833,243636,250726
3168833,243636,250726
3402833,239382,250726
3633833,237964,250726
3873833,240800,250726
4121833,236546,250726
4357833,229456,250726
4613833,235128,250726
4946833,232292,250726
5258833,235128,250726
5587833,237964,250726
5868833,229456,250726
6121833,225202,250726
6461833,226620,250726
6878833,223784,250726
7307833,229456,250726
7778833,232292,250726
8147833,232292,250726
8485833,233710,250726
8818833,237964,250726
9121833,233710,250726
9382833,229456,250726
9680833,235128,250726
10036833,236546,250726
10332833,239382,250726
10596833,242218,250726
10836833,236546,250726
11070833,236546,250726
11343833,226620,250726
11607833,223784,252144
11975833,228038,250726
12427833,225202,250726
12847833,235128,250726
13296833,235128,250726
13598833,237964,250726
13880833,236546,250726
14130833,239382,250726
14388833,239382,250726
14627833,236546,250726
14860833,223784,250726
15120833,236546,250726
15489833,236546,250726
15835833,237964,250726
16101833,232292,250726
16347833,235128,250726
16655833,239382,250726
16951833,236546,250726
17202833,228038,250726
17463833,226620,250726
17815833,233710,252144
18227833,223784,250726
18580833,222366,250726
19036833,226620,250726
19531833,232292,250726
19942833,230874,250726
20296833,218112,250726
20672833,228038,250726
21194833,211022,250726
21653833,229456,250726
22316833,222366,250726
22808833,232292,250726
23307833,225202,252144
23712833,226620,250726
24179833,235128,250726
24578833,222366,250726
24907833,222366,250726
25376833,220948,250726
25873833,213858,250726
26394833,215276,250726
27027833,203932,250726
27647833,222366,250726
28447833,222366,250726
28956833,225202,250726
29457833,233710,250726
29878833,215276,250726
30228833,208186,252144
30782833,209604,250726
31485833,206768,250726
32200833,212440,250726
32961833,212440,250726
33630833,216694,250726
34297833,225202,250726
34847833,222366,250726
35320833,223784,250726
35818833,228038,250726
36286833,230874,250726
36684833,232292,250726
37039833,230874,250726
37377833,223784,250726
37731833,230874,250726
38181833,226620,250726
38576833,222366,250726
39000833,219530,250726
39489833,225202,250726
40030833,220948,250726
40506833,215276,250726
41026833,228038,250726
41636833,225202,250726
42082833,230874,250726
42534833,228038,250726
42914833,226620,250726
43315833,218112,250726
43740833,215276,250726
44286833,220948,250726
44898833,206768,250726
45445833,209604,250726
46194833,225202,250726
46878833,226620,250726
47317833,219530,250726
47746833,228038,250726
48278833,230874,250726
48668833,229456,250726
49031833,225202,250726
49409833,226620,250726
49849833,236546,250726
50279833,233710,252144
50580833,240800,250726
50888833,243636,250726
51145833,243636,250726
51385833,230874,250726
51619833,222366,250726
51956833,225202,250726
52393833,237964,250726
52850833,237964,250726
53107833,239382,250726
53349833,242218,250726
53583833,242218,250726
53815833,239382,250726
54046833,233710,250726
54280833,233710,250726
54571833,235128,250726
54878833,220948,250726
55168833,239382,250726
55610833,232292,250726
55980833,232292,250726
56317833,232292,250726
56650833,215276,250726
56983833,215276,250726
57497833,208186,250726
58110833,202514,250726
58839833,195424,252144
59668833,192588,250726
