timestamp,cWnd0,cWnd1
611833,5672,5672
611833,31822,1500
829833,31822,1500
1052833,20268,1500
1361833,10350,1500
1902833,15024,1500
2165833,17314,1500
2409833,11916,1500
2683833,10809,1500
2931833,9838,1500
3168833,8777,1500
3402833,14029,1500
3633833,14790,1500
3873833,12665,1500
4121833,16479,1500
4357833,23694,1500
4613833,17212,1500
4946833,21093,1500
5258833,18256,1500
5587833,14975,1500
5868833,23034,1500
6121833,27353,1500
6461833,26632,1500
6878833,28734,1500
7307833,22719,1500
7778833,20593,1500
8147833,20580,1500
8485833,18855,1500
8818833,15004,1500
9121833,19211,1500
9382833,23269,1500
9680833,17202,1500
10036833,16333,1500
10332833,13658,1500
10596833,11279,1500
10836833,16595,1500
11070833,16567,1500
11343833,26114,1500
11607833,28717,1500
11975833,25362,1500
12427833,27945,1500
12847833,17040,1500
13296833,17555,1500
13598833,14269,1500
13880833,16240,1500
14130833,13919,1500
14388833,13489,1500
14627833,15716,1500
14860833,28825,1500
15120833,18156,1500
15489833,16307,1500
15835833,15515,1500
16101833,20022,1500
16347833,17429,1500
16655833,13366,1500
16951833,15757,1500
17202833,25026,1500
17463833,26819,1500
17815833,19713,1500
18227833,28991,1500
18580833,30392,1500
19036833,25552,1500
19531833,21076,1500
19942833,23164,1500
20296833,34302,1500
20672833,24388,1500
21194833,41870,1500
21653833,22950,1500
22316833,30518,1500
22808833,20648,1500
23307833,28768,1500
23712833,26325,1500
24179833,18218,1500
24578833,31191,1500
24907833,30559,1500
25376833,31625,1500
25873833,38719,1500
26394833,37632,1500
27027833,49098,1500
27647833,30718,1500
28447833,31069,1500
28956833,27585,1500
29457833,19299,1500
29878833,38188,1500
30228833,44430,1500
30782833,43871,1500
31485833,46696,1500
32200833,40952,1500
32961833,40993,1500
33630833,36019,1500
34297833,28324,1500
34847833,29986,1500
35320833,29402,1500
35818833,24223,1500
36286833,21387,1500
36684833,20115,1500
37039833,21285,1500
37377833,29126,1500
37731833,21440,1500
38181833,25685,1500
38576833,29978,1500
39000833,33793,1500
39489833,27882,1500
40030833,31760,1500
40506833,37220,1500
41026833,24499,1500
41636833,27231,1500
42082833,22281,1500
42534833,24994,1500
42914833,26382,1500
43315833,35015,1500
43740833,37056,1500
44286833,31318,1500
44898833,45894,1500
45445833,43812,1500
46194833,27581,1500
46878833,26729,1500
47317833,33015,1500
47746833,24386,1500
48278833,21731,1500
48668833,23047,1500
49031833,27206,1500
49409833,26429,1500
49849833,16785,1500
50279833,18463,1500
50580833,11636,1500
50888833,9497,1500
51145833,10476,1500
51385833,21719,1500
51619833,31124,1500
51956833,28083,1500
52393833,14181,1500
52850833,15177,1500
53107833,13929,1500
53349833,10479,1500
53583833,10875,1500
53815833,13928,1500
54046833,19043,1500
54280833,19123,1500
54571833,17877,1500
54878833,31221,1500
55168833,13998,1500
55610833,21262,1500
55980833,19913,1500
56317833,21130,1500
56650833,37634,1500
56983833,37037,1500
57497833,44970,1500
58110833,51014,1500
58839833,57670,1500
59668833,59834,1500
