timestamp,unAck0,unAck1
611833,5672,5672
611833,5672,5672
829833,31196,5672
1052833,19852,1418
1361833,9926,1418
1902833,14180,1418
2165833,17016,1418
2409833,11344,1418
2683833,9926,1418
2931833,8508,1418
3168833,8508,1418
3402833,12762,1418
3633833,14180,1418
3873833,11344,1418
4121833,15598,1418
4357833,22688,1418
4613833,17016,1418
4946833,19852,1418
5258833,17016,1418
5587833,14180,1418
5868833,22688,1418
6121833,26942,1418
6461833,25524,1418
6878833,28360,1418
7307833,22688,1418
7778833,19852,1418
8147833,19852,1418
8485833,18434,1418
8818833,14180,1418
9121833,18434,1418
9382833,22688,1418
9680833,17016,1418
10036833,15598,1418
10332833,12762,1418
10596833,9926,1418
10836833,15598,1418
11070833,15598,1418
11343833,25524,1418
11607833,28360,0
11975833,24106,1418
12427833,26942,1418
12847833,17016,1418
13296833,17016,1418
13598833,14180,1418
13880833,15598,1418
14130833,12762,1418
14388833,12762,1418
14627833,15598,1418
14860833,28360,1418
15120833,15598,1418
15489833,15598,1418
15835833,14180,1418
16101833,19852,1418
16347833,17016,1418
16655833,12762,1418
16951833,15598,1418
17202833,24106,1418
17463833,25524,1418
17815833,18434,0
18227833,28360,1418
18580833,29778,1418
19036833,25524,1418
19531833,19852,1418
19942833,21270,1418
20296833,34032,1418
20672833,24106,1418
21194833,41122,1418
21653833,22688,1418
22316833,29778,1418
22808833,19852,1418
23307833,26942,0
23712833,25524,1418
24179833,17016,1418
24578833,29778,1418
24907833,29778,1418
25376833,31196,1418
25873833,38286,1418
26394833,36868,1418
27027833,48212,1418
27647833,29778,1418
28447833,29778,1418
28956833,26942,1418
29457833,18434,1418
29878833,36868,1418
30228833,43958,0
30782833,42540,1418
31485833,45376,1418
32200833,39704,1418
32961833,39704,1418
33630833,35450,1418
34297833,26942,1418
34847833,29778,1418
35320833,28360,1418
35818833,24106,1418
36286833,21270,1418
36684833,19852,1418
37039833,21270,1418
37377833,28360,1418
37731833,21270,1418
38181833,25524,1418
38576833,29778,1418
39000833,32614,1418
39489833,26942,1418
40030833,31196,1418
40506833,36868,1418
41026833,24106,1418
41636833,26942,1418
42082833,21270,1418
42534833,24106,1418
42914833,25524,1418
43315833,34032,1418
43740833,36868,1418
44286833,31196,1418
44898833,45376,1418
45445833,42540,1418
46194833,26942,1418
46878833,25524,1418
47317833,32614,1418
47746833,24106,1418
48278833,21270,1418
48668833,22688,1418
49031833,26942,1418
49409833,25524,1418
49849833,15598,1418
50279833,18434,0
50580833,11344,1418
50888833,8508,1418
51145833,8508,1418
51385833,21270,1418
51619833,29778,1418
51956833,26942,1418
52393833,14180,1418
52850833,14180,1418
53107833,12762,1418
53349833,9926,1418
53583833,9926,1418
53815833,12762,1418
54046833,18434,1418
54280833,18434,1418
54571833,17016,1418
54878833,31196,1418
55168833,12762,1418
55610833,19852,1418
55980833,19852,1418
56317833,19852,1418
56650833,36868,1418
56983833,36868,1418
57497833,43958,1418
58110833,49630,1418
58839833,56720,0
59668833,59556,1418
