timestamp,rtt0,rtt1
611833,218,184
611833,218,184
829833,223,184
1052833,309,219
1361833,541,221
1902833,263,224
2165833,244,224
2409833,274,225
2683833,248,226
2931833,237,226
3168833,234,227
3402833,231,227
3633833,240,228
3873833,248,228
4121833,236,228
4357833,256,228
4613833,333,228
4946833,312,229
5258833,329,229
5587833,281,229
5868833,253,229
6121833,340,229
6461833,417,229
6878833,429,229
7307833,471,230
7778833,369,230
8147833,338,230
8485833,333,230
8818833,303,230
9121833,261,230
9382833,298,230
9680833,356,230
10036833,296,230
10332833,264,230
10596833,240,230
10836833,234,230
11070833,273,230
11343833,264,230
11607833,368,230
11975833,452,230
12427833,420,230
12847833,449,230
13296833,302,230
13598833,282,230
13880833,250,230
14130833,258,230
14388833,239,230
14627833,233,230
14860833,260,230
15120833,369,230
15489833,346,230
15835833,266,230
16101833,246,230
16347833,308,230
16655833,296,230
16951833,251,230
17202833,261,230
17463833,352,230
17815833,412,230
18227833,353,230
18580833,456,230
19036833,495,230
19531833,411,230
19942833,354,230
20296833,376,230
20672833,522,230
21194833,459,230
21653833,663,230
22316833,492,230
22808833,499,230
23307833,405,230
23712833,467,230
24179833,399,230
24578833,329,230
24907833,469,230
25376833,497,230
25873833,521,230
26394833,633,230
27027833,620,230
27647833,800,230
28447833,509,230
28956833,501,230
29457833,421,230
29878833,350,230
30228833,554,230
30782833,703,230
31485833,715,230
32200833,761,230
32961833,669,230
33630833,667,230
34297833,550,230
34847833,473,230
35320833,498,230
35818833,468,230
36286833,398,230
36684833,355,230
37039833,338,230
37377833,354,230
37731833,450,230
38181833,395,230
38576833,424,230
39000833,489,230
39489833,541,230
40030833,476,230
40506833,520,230
41026833,610,230
41636833,446,230
42082833,452,230
42534833,380,230
42914833,401,230
43315833,425,230
43740833,546,230
44286833,612,230
44898833,547,230
45445833,749,230
46194833,684,230
46878833,439,230
47317833,429,230
47746833,532,230
48278833,390,230
48668833,363,230
49031833,378,230
49409833,440,230
49849833,430,230
50279833,301,230
50580833,308,230
50888833,257,230
51145833,240,230
51385833,234,230
51619833,337,230
51956833,437,230
52393833,457,230
52850833,257,230
53107833,242,230
53349833,234,230
53583833,232,230
53815833,231,230
54046833,234,230
54280833,291,230
54571833,307,230
54878833,290,230
55168833,442,230
55610833,370,230
55980833,337,230
56317833,333,230
56650833,333,230
56983833,514,230
57497833,613,230
58110833,729,230
58839833,829,230
59668833,950,230
