timestamp,rWnd0,rWnd1
611833,1073725440,1073725440
611833,1073725440,1073725440
829833,1073725440,1073725440
1052833,1073725440,1073725440
1361833,1073725440,1073725440
1902833,1073725440,1073725440
2165833,1073725440,1073725440
2409833,1073725440,1073725440
2683833,1073725440,1073725440
2931833,1073725440,1073725440
3168833,1073725440,1073725440
3402833,1073725440,1073725440
3633833,1073725440,1073725440
3873833,1073725440,1073725440
4121833,1073725440,1073725440
4357833,1073725440,1073725440
4613833,1073725440,1073725440
4946833,1073725440,1073725440
5258833,1073725440,1073725440
5587833,1073725440,1073725440
5868833,1073725440,1073725440
6121833,1073725440,1073725440
6461833,1073725440,1073725440
6878833,1073725440,1073725440
7307833,1073725440,1073725440
7778833,1073725440,1073725440
8147833,1073725440,1073725440
8485833,1073725440,1073725440
8818833,1073725440,1073725440
9121833,1073725440,1073725440
9382833,1073725440,1073725440
9680833,1073725440,1073725440
10036833,1073725440,1073725440
10332833,1073725440,1073725440
10596833,1073725440,1073725440
10836833,1073725440,1073725440
11070833,1073725440,1073725440
11343833,1073725440,1073725440
11607833,1073725440,1073725440
11975833,1073725440,1073725440
12427833,1073725440,1073725440
12847833,1073725440,1073725440
13296833,1073725440,1073725440
13598833,1073725440,1073725440
13880833,1073725440,1073725440
14130833,1073725440,1073725440
14388833,1073725440,1073725440
14627833,1073725440,1073725440
14860833,1073725440,1073725440
15120833,1073725440,1073725440
15489833,1073725440,1073725440
15835833,1073725440,1073725440
16101833,1073725440,1073725440
16347833,1073725440,1073725440
16655833,1073725440,1073725440
16951833,1073725440,1073725440
17202833,1073725440,1073725440
17463833,1073725440,1073725440
17815833,1073725440,1073725440
18227833,1073725440,1073725440
18580833,1073725440,1073725440
19036833,1073725440,1073725440
19531833,1073725440,1073725440
19942833,1073725440,1073725440
20296833,1073725440,1073725440
20672833,1073725440,1073725440
21194833,1073725440,1073725440
21653833,1073725440,1073725440
22316833,1073725440,1073725440
22808833,1073725440,1073725440
23307833,1073725440,1073725440
23712833,1073725440,1073725440
24179833,1073725440,1073725440
24578833,1073725440,1073725440
24907833,1073725440,1073725440
25376833,1073725440,1073725440
25873833,1073725440,1073725440
26394833,1073725440,1073725440
27027833,1073725440,1073725440
27647833,1073725440,1073725440
28447833,1073725440,1073725440
28956833,1073725440,1073725440
29457833,1073725440,1073725440
29878833,1073725440,1073725440
30228833,1073725440,1073725440
30782833,1073725440,1073725440
31485833,1073725440,1073725440
32200833,1073725440,1073725440
32961833,1073725440,1073725440
33630833,1073725440,1073725440
34297833,1073725440,1073725440
34847833,1073725440,1073725440
35320833,1073725440,1073725440
35818833,1073725440,1073725440
36286833,1073725440,1073725440
36684833,1073725440,1073725440
37039833,1073725440,1073725440
37377833,1073725440,1073725440
37731833,1073725440,1073725440
38181833,1073725440,1073725440
38576833,1073725440,1073725440
39000833,1073725440,1073725440
39489833,1073725440,1073725440
40030833,1073725440,1073725440
40506833,1073725440,1073725440
41026833,1073725440,1073725440
41636833,1073725440,1073725440
42082833,1073725440,1073725440
42534833,1073725440,1073725440
42914833,1073725440,1073725440
43315833,1073725440,1073725440
43740833,1073725440,1073725440
44286833,1073725440,1073725440
44898833,1073725440,1073725440
45445833,1073725440,1073725440
46194833,1073725440,1073725440
46878833,1073725440,1073725440
47317833,1073725440,1073725440
47746833,1073725440,1073725440
48278833,1073725440,1073725440
48668833,1073725440,1073725440
49031833,1073725440,1073725440
49409833,1073725440,1073725440
49849833,1073725440,1073725440
50279833,1073725440,1073725440
50580833,1073725440,1073725440
50888833,1073725440,1073725440
51145833,1073725440,1073725440
51385833,1073725440,1073725440
51619833,1073725440,1073725440
51956833,1073725440,1073725440
52393833,1073725440,1073725440
52850833,1073725440,1073725440
53107833,1073725440,1073725440
53349833,1073725440,1073725440
53583833,1073725440,1073725440
53815833,1073725440,1073725440
54046833,1073725440,1073725440
54280833,1073725440,1073725440
54571833,1073725440,1073725440
54878833,1073725440,1073725440
55168833,1073725440,1073725440
55610833,1073725440,1073725440
55980833,1073725440,1073725440
56317833,1073725440,1073725440
56650833,1073725440,1073725440
56983833,1073725440,1073725440
57497833,1073725440,1073725440
58110833,1073725440,1073725440
58839833,1073725440,1073725440
59668833,1073725440,1073725440
