timestamp,lastAckedSeq,highTxMark,availableTxBuffer,nextTxSeq,totalCwnd,unAckMeta
611833,5673,17017,1158,17017,11344,11344
611833,5673,17017,1158,17017,33322,11344
829833,11345,48213,1158,48213,33322,36868
1052833,29779,51049,1158,51049,21768,21270
1361833,49631,60975,1158,60975,11850,11344
1902833,82245,97843,1158,97843,16524,15598
2165833,99261,117695,1158,117695,18814,18434
2409833,114859,127621,1158,127621,13416,12762
2683833,129039,140383,1158,140383,12309,11344
2931833,140383,150309,1158,150309,11338,9926
3168833,150309,160235,1158,160235,10277,9926
3402833,161653,175833,1158,175833,15529,14180
3633833,175833,191431,1158,191431,16290,15598
3873833,191431,204193,1158,204193,14165,12762
4121833,204193,221209,1158,221209,17979,17016
4357833,219791,243897,1158,243897,25194,24106
4613833,236807,255241,1158,255241,18712,18434
4946833,258077,280765,1158,280765,22593,22688
5258833,277929,297781,1158,297781,19756,19852
5587833,300617,316215,1158,316215,16475,15598
5868833,319051,343157,1158,343157,24534,24106
6121833,334649,363009,1158,363009,28853,28360
6461833,355919,384279,1158,384279,28132,28360
6878833,384279,415475,1158,415475,30234,31196
7307833,411221,436745,1158,436745,24219,25524
7778833,443835,465105,1158,465105,22093,21270
8147833,467941,489211,1158,489211,22080,21270
8485833,489211,509063,1158,509063,20355,19852
8818833,511899,527497,1158,527497,16504,15598
9121833,531751,551603,1158,551603,20711,19852
9382833,548767,572873,1158,572873,24769,24106
9680833,567201,585635,1158,585635,18702,18434
10036833,591307,608323,1158,608323,17833,17016
10332833,609741,623921,1158,623921,15158,14180
10596833,623921,635265,1158,635265,12779,11344
10836833,636683,653699,1158,653699,18095,17016
11070833,652281,669297,1158,669297,18067,17016
11343833,669297,696239,1158,696239,27614,26942
11607833,686313,716091,1158,716091,30217,29778
11975833,710419,737361,1158,737361,26862,26942
12427833,740197,769975,1158,769975,29445,29778
12847833,767139,786991,1158,786991,18540,19852
13296833,796917,816769,1158,816769,19055,19852
13598833,818187,833785,1158,833785,15769,15598
13880833,835203,852219,1158,852219,17740,17016
14130833,852219,866399,1158,866399,15419,14180
14388833,866399,880579,1158,880579,14989,14180
14627833,881997,899013,1158,899013,17216,17016
14860833,897595,927373,1158,927373,30325,29778
15120833,913193,931627,2576,931627,19656,18434
15489833,938717,955733,1158,955733,17807,17016
15835833,959987,975585,1158,975585,17015,15598
16101833,978421,999691,1158,999691,21522,21270
16347833,994019,1012453,1158,1012453,18929,18434
16655833,1013871,1028051,1158,1028051,14866,14180
16951833,1032305,1049321,1158,1049321,17257,17016
17202833,1049321,1074845,1158,1074845,26526,25524
17463833,1064919,1093279,1158,1093279,28319,28360
17815833,1087607,1107459,1158,1107459,21213,19852
18227833,1114549,1145745,1158,1145745,30491,31196
18580833,1137237,1169851,1158,1169851,31892,32614
19036833,1168433,1196793,2576,1196793,27052,28360
19531833,1199629,1222317,1158,1222317,22576,22688
19942833,1227989,1250677,2576,1250677,24664,22688
20296833,1249259,1286127,1158,1286127,35802,36868
20672833,1273365,1300307,1158,1300307,25888,26942
21194833,1307397,1352773,1158,1352773,43370,45376
21653833,1337175,1364117,1158,1364117,24450,26942
22316833,1381133,1413747,1158,1413747,32018,32614
22808833,1415165,1436435,2576,1436435,22148,21270
23307833,1447779,1476139,3994,1476139,30268,28360
23712833,1471885,1500245,1158,1500245,27825,28360
24179833,1504499,1522933,1158,1522933,19718,18434
24578833,1530023,1562637,1158,1562637,32691,32614
24907833,1551293,1583907,1158,1583907,32059,32614
25376833,1581071,1615103,1158,1615103,33125,34032
25873833,1613685,1654807,1158,1654807,40219,41122
26394833,1647717,1687421,1158,1687421,39132,39704
27027833,1687421,1739887,1158,1739887,50598,52466
27647833,1727125,1762575,1158,1762575,32218,35450
28447833,1782427,1815041,1158,1815041,32569,32614
28956833,1815041,1844819,1158,1844819,29085,29778
29457833,1849073,1868925,1158,1868925,20799,19852
29878833,1876015,1915719,1158,1915719,39688,39704
30228833,1897285,1944079,1158,1944079,45930,46794
30782833,1934153,1980947,1158,1980947,45371,46794
31485833,1979529,2029159,1158,2029159,48196,49630
32200833,2026323,2070281,1158,2070281,42452,43958
32961833,2075953,2119911,1158,2119911,42493,43958
33630833,2119911,2159615,1158,2159615,37519,39704
34297833,2165287,2195065,1158,2195065,29824,29778
34847833,2200737,2233351,1158,2233351,31486,32614
35320833,2231933,2263129,1158,2263129,30902,31196
35818833,2264547,2291489,1158,2291489,25723,26942
36286833,2294325,2318431,1158,2318431,22887,24106
36684833,2321267,2343955,1158,2343955,21615,22688
37039833,2345373,2368061,1158,2368061,22785,22688
37377833,2366643,2396421,1158,2396421,30626,29778
37731833,2389331,2413437,1158,2413437,22940,24106
38181833,2419109,2447469,1158,2447469,27185,28360
38576833,2444633,2475829,1158,2475829,31478,31196
39000833,2471575,2507025,1158,2507025,35293,35450
39489833,2502771,2532549,1158,2532549,29382,29778
40030833,2538221,2573671,1158,2573671,33260,35450
40506833,2569417,2610539,1158,2610539,38720,41122
41026833,2603449,2631809,1158,2631809,25999,28360
41636833,2643153,2672931,1158,2672931,28731,29778
42082833,2674349,2697037,1158,2697037,23781,22688
42534833,2702709,2729651,1158,2729651,26494,26942
42914833,2728233,2756593,1158,2756593,27882,28360
43315833,2755175,2790625,2576,2790625,36515,35450
43740833,2780699,2820403,1158,2820403,38556,39704
44286833,2816149,2850181,1158,2850181,32818,34032
44898833,2855853,2905483,1158,2905483,47394,49630
45445833,2891303,2938097,1158,2938097,45312,46794
46194833,2940933,2970711,1158,2970711,29081,29778
46878833,2986309,3014669,1158,3014669,28229,28360
47317833,3014669,3050119,1158,3050119,34515,35450
47746833,3043029,3069971,1158,3069971,25886,26942
48278833,3079897,3102585,1158,3102585,23231,22688
48668833,3104003,3129527,1158,3129527,24547,25524
49031833,3128109,3156469,1158,3156469,28706,28360
49409833,3152215,3180575,1158,3180575,27929,28360
49849833,3181993,3199009,1158,3199009,18285,17016
50279833,3208935,3228787,1158,3228787,19963,19852
50580833,3230205,3242967,1158,3242967,13136,12762
50888833,3242967,3252893,1158,3252893,10997,9926
51145833,3255729,3265655,2576,3265655,11976,9926
51385833,3267073,3289761,1158,3289761,23219,22688
51619833,3281253,3313867,1158,3313867,32624,32614
51956833,3302523,3333719,1158,3333719,29583,31196
52393833,3330883,3347899,1158,3347899,15681,17016
52850833,3362079,3377677,1158,3377677,16677,15598
53107833,3377677,3391857,1158,3391857,15429,14180
53349833,3391857,3403201,1158,3403201,11979,11344
53583833,3403201,3414545,1158,3414545,12375,11344
53815833,3415963,3430143,1158,3430143,15428,14180
54046833,3430143,3449995,1158,3449995,20543,19852
54280833,3444323,3464175,1158,3464175,20623,19852
54571833,3464175,3484027,1158,3484027,19377,19852
54878833,3484027,3516641,1158,3516641,32721,32614
55168833,3502461,3518059,2576,3518059,15498,15598
55610833,3532239,3553509,1158,3553509,22762,21270
55980833,3556345,3579033,1158,3579033,21413,22688
56317833,3579033,3600303,1158,3600303,22630,21270
56650833,3600303,3638589,1158,3638589,39134,38286
56983833,3620155,3661277,1158,3661277,38537,41122
57497833,3652769,3700981,1158,3700981,46470,48212
58110833,3692473,3746357,1158,3746357,52514,53884
58839833,3739267,3800241,1158,3800241,59170,60974
59668833,3793151,3858379,1158,3858379,61334,65228
