timestamp,unAck0,unAck1
611833,5672,5672
611833,5672,5672
829833,9926,5672
1052833,11344,1418
1298833,14180,1418
1538833,14180,1418
1792833,8508,1418
2034833,7090,1418
2269833,4254,1418
2502833,4254,1418
2734833,7090,1418
2965833,4254,1418
3197833,4254,1418
3428833,2836,1418
3659833,2836,1418
3890833,4254,1418
4120833,5672,1418
4352833,5672,1418
4583833,2836,1418
4814833,2836,1418
5045833,2836,1418
5275833,7090,1418
5505833,11344,1418
5742833,8508,1418
5996833,8508,1418
6237833,7090,1418
6472833,8508,1418
6704833,9926,1418
6935833,8508,1418
7168833,9926,1418
7400833,8508,1418
7632833,4254,1418
7863833,2836,1418
8093833,5672,1418
8323833,5672,1418
8559833,7090,1418
8792833,5672,1418
9029833,4254,1418
9263833,5672,1418
9496833,11344,1418
9728833,9926,1418
9986833,7090,1418
10227833,7090,1418
10463833,2836,1418
10696833,2836,1418
10928833,5672,1418
11160833,5672,1418
11393833,4254,1418
11624833,4254,1418
11855833,5672,1418
12085833,5672,1418
12317833,2836,1418
12548833,1418,1418
12779833,2836,1418
13010833,1418,1418
13243833,2836,1418
13475833,2836,1418
13709833,4254,1418
13942833,4254,1418
14179833,8508,1418
14414833,8508,1418
14670833,11344,1418
14911833,11344,1418
15161833,7090,1418
15398833,7090,1418
15632833,8508,1418
15864833,9926,1418
16094833,8508,1418
16325833,8508,1418
16555833,4254,1418
16785833,4254,1418
17015833,2836,1418
17245833,5672,1418
17475833,5672,1418
17707833,7090,1418
17939833,9926,1418
18174833,7090,1418
18420833,5672,1418
18658833,4254,1418
18893833,7090,1418
19126833,9926,1418
19359833,14180,1418
19599833,15598,1418
19864833,15598,1418
20126833,7090,1418
20387833,7090,1418
20633833,7090,1418
20872833,9926,1418
21106833,12762,1418
21339833,14180,1418
21579833,8508,1418
21827833,8508,1418
22065833,8508,1418
22299833,9926,1418
22531833,9926,1418
22762833,8508,1418
22992833,7090,1418
23222833,7090,1418
23452833,2836,1418
23682833,4254,1418
23912833,2836,1418
24142833,2836,1418
24372833,2836,1418
24602833,1418,1418
24832833,2836,1418
25062833,2836,1418
25292833,2836,1418
25522833,5672,1418
25752833,4254,1418
25990833,4254,1418
26225833,4254,1418
26459833,2836,1418
26691833,2836,1418
26923833,5672,1418
27154833,2836,1418
27387833,2836,1418
27619833,5672,1418
27851833,5672,1418
28088833,4254,1418
28322833,4254,1418
28555833,4254,1418
28787833,1418,1418
29018833,2836,1418
29249833,4254,1418
29481833,5672,1418
29716833,9926,1418
29954833,8508,1418
30211833,5672,1418
30453833,5672,1418
30690833,5672,1418
30924833,5672,1418
31156833,7090,1418
31387833,11344,1418
31618833,7090,1418
31873833,5672,1418
32116833,5672,1418
32354833,4254,1418
32588833,2836,1418
32821833,4254,1418
33053833,5672,1418
33284833,7090,1418
33517833,5672,1418
33752833,8508,1418
33985833,4254,1418
34223833,2836,1418
34458833,2836,1418
34692833,2836,1418
34925833,2836,1418
35157833,2836,1418
35389833,1418,1418
35620833,1418,1418
35851833,2836,1418
36082833,2836,1418
36313833,2836,1418
36543833,4254,1418
36773833,4254,1418
37006833,8508,1418
37238833,8508,1418
37490833,4254,1418
37730833,5672,1418
37966833,8508,1418
38199833,11344,1418
38437833,8508,1418
38687833,9926,1418
38925833,8508,1418
39158833,8508,1418
39389833,5672,1418
39619833,4254,1418
39849833,5672,1418
40079833,2836,1418
40309833,4254,1418
40539833,2836,1418
40770833,4254,1418
41001833,2836,1418
41232833,2836,1418
41463833,2836,1418
41693833,4254,1418
41923833,4254,1418
42154833,2836,1418
42385833,1418,1418
42616833,1418,1418
42846833,2836,1418
43076833,2836,1418
43308833,2836,1418
43539833,1418,1418
43770833,4254,1418
44001833,4254,1418
44238833,8508,1418
44472833,8508,1418
44728833,14180,1418
44969833,18434,1418
45246833,17016,1418
45545833,12762,1418
45833833,15598,1418
46082833,5672,1418
46340833,4254,1418
46589833,4254,1418
46832833,4254,1418
47070833,5672,1418
47305833,5672,1418
47538833,7090,1418
47770833,5672,1418
48002833,4254,1418
48233833,7090,1418
48464833,8508,1418
48698833,12762,1418
48934833,8508,1418
49193833,8508,1418
49436833,8508,1418
49672833,4254,1418
49905833,4254,1418
50137833,4254,1418
50368833,5672,1418
50599833,7090,1418
50829833,4254,1418
51061833,4254,1418
51292833,4254,1418
51523833,5672,1418
51753833,7090,1418
51983833,5672,1418
52215833,5672,1418
52446833,4254,1418
52676833,4254,1418
52906833,4254,1418
53136833,5672,1418
53366833,5672,1418
53596833,4254,1418
53826833,2836,1418
54056833,2836,1418
54286833,2836,1418
54516833,4254,1418
54746833,5672,1418
54976833,4254,1418
55208833,5672,1418
55439833,5672,1418
55670833,7090,1418
55900833,2836,1418
56133833,4254,1418
56365833,5672,1418
56596833,5672,1418
56829833,8508,1418
57061833,7090,1418
57300833,7090,1418
57535833,5672,1418
57767833,4254,1418
57998833,7090,1418
58229833,7090,1418
58463833,4254,1418
58695833,5672,1418
58926833,8508,1418
59157833,8508,1418
59394833,9926,1418
59627833,9926,1418
59864833,12762,1418
