timestamp,availableTxBuffer0,availableTxBuffer1
611833,246472,246472
611833,246472,246472
829833,242218,246472
1052833,240800,250726
1298833,237964,250726
1538833,237964,250726
1792833,243636,250726
2034833,245054,250726
2269833,247890,250726
2502833,247890,250726
2734833,245054,250726
2965833,247890,250726
3197833,247890,250726
3428833,249308,250726
3659833,249308,250726
3890833,247890,250726
4120833,246472,250726
4352833,246472,250726
4583833,249308,250726
4814833,249308,250726
5045833,249308,250726
5275833,245054,250726
5505833,240800,250726
5742833,243636,250726
5996833,243636,250726
6237833,245054,250726
6472833,243636,250726
6704833,242218,250726
6935833,243636,250726
7168833,242218,250726
7400833,243636,250726
7632833,247890,250726
7863833,249308,250726
8093833,246472,250726
8323833,246472,250726
8559833,245054,250726
8792833,246472,250726
9029833,247890,250726
9263833,246472,250726
9496833,240800,250726
9728833,242218,250726
9986833,245054,250726
10227833,245054,250726
10463833,249308,250726
10696833,249308,250726
10928833,246472,250726
11160833,246472,250726
11393833,247890,250726
11624833,247890,250726
11855833,246472,250726
12085833,246472,250726
12317833,249308,250726
12548833,250726,250726
12779833,249308,250726
13010833,250726,250726
13243833,249308,250726
13475833,249308,250726
13709833,247890,250726
13942833,247890,250726
14179833,243636,250726
14414833,243636,250726
14670833,240800,250726
14911833,240800,250726
15161833,245054,250726
15398833,245054,250726
15632833,243636,250726
15864833,242218,250726
16094833,243636,250726
16325833,243636,250726
16555833,247890,250726
16785833,247890,250726
17015833,249308,250726
17245833,246472,250726
17475833,246472,250726
17707833,245054,250726
17939833,242218,250726
18174833,245054,250726
18420833,246472,250726
18658833,247890,250726
18893833,245054,250726
19126833,242218,250726
19359833,237964,250726
19599833,236546,250726
19864833,236546,250726
20126833,245054,250726
20387833,245054,250726
20633833,245054,250726
20872833,242218,250726
21106833,239382,250726
21339833,237964,250726
21579833,243636,250726
21827833,243636,250726
22065833,243636,250726
22299833,242218,250726
22531833,242218,250726
22762833,243636,250726
22992833,245054,250726
23222833,245054,250726
23452833,249308,250726
23682833,247890,250726
23912833,249308,250726
24142833,249308,250726
24372833,249308,250726
24602833,250726,250726
24832833,249308,250726
25062833,249308,250726
25292833,249308,250726
25522833,246472,250726
25752833,247890,250726
25990833,247890,250726
26225833,247890,250726
26459833,249308,250726
26691833,249308,250726
26923833,246472,250726
27154833,249308,250726
27387833,249308,250726
27619833,246472,250726
27851833,246472,250726
28088833,247890,250726
28322833,247890,250726
28555833,247890,250726
28787833,250726,250726
29018833,249308,250726
29249833,247890,250726
29481833,246472,250726
29716833,242218,250726
29954833,243636,250726
30211833,246472,250726
30453833,246472,250726
30690833,246472,250726
30924833,246472,250726
31156833,245054,250726
31387833,240800,250726
31618833,245054,250726
31873833,246472,250726
32116833,246472,250726
32354833,247890,250726
32588833,249308,250726
32821833,247890,250726
33053833,246472,250726
33284833,245054,250726
33517833,246472,250726
33752833,243636,250726
33985833,247890,250726
34223833,249308,250726
34458833,249308,250726
34692833,249308,250726
34925833,249308,250726
35157833,249308,250726
35389833,250726,250726
35620833,250726,250726
35851833,249308,250726
36082833,249308,250726
36313833,249308,250726
36543833,247890,250726
36773833,247890,250726
37006833,243636,250726
37238833,243636,250726
37490833,247890,250726
37730833,246472,250726
37966833,243636,250726
38199833,240800,250726
38437833,243636,250726
38687833,242218,250726
38925833,243636,250726
39158833,243636,250726
39389833,246472,250726
39619833,247890,250726
39849833,246472,250726
40079833,249308,250726
40309833,247890,250726
40539833,249308,250726
40770833,247890,250726
41001833,249308,250726
41232833,249308,250726
41463833,249308,250726
41693833,247890,250726
41923833,247890,250726
42154833,249308,250726
42385833,250726,250726
42616833,250726,250726
42846833,249308,250726
43076833,249308,250726
43308833,249308,250726
43539833,250726,250726
43770833,247890,250726
44001833,247890,250726
44238833,243636,250726
44472833,243636,250726
44728833,237964,250726
44969833,233710,250726
45246833,235128,250726
45545833,239382,250726
45833833,236546,250726
46082833,246472,250726
46340833,247890,250726
46589833,247890,250726
46832833,247890,250726
47070833,246472,250726
47305833,246472,250726
47538833,245054,250726
47770833,246472,250726
48002833,247890,250726
48233833,245054,250726
48464833,243636,250726
48698833,239382,250726
48934833,243636,250726
49193833,243636,250726
49436833,243636,250726
49672833,247890,250726
49905833,247890,250726
50137833,247890,250726
50368833,246472,250726
50599833,245054,250726
50829833,247890,250726
51061833,247890,250726
51292833,247890,250726
51523833,246472,250726
51753833,245054,250726
51983833,246472,250726
52215833,246472,250726
52446833,247890,250726
52676833,247890,250726
52906833,247890,250726
53136833,246472,250726
53366833,246472,250726
53596833,247890,250726
53826833,249308,250726
54056833,249308,250726
54286833,249308,250726
54516833,247890,250726
54746833,246472,250726
54976833,247890,250726
55208833,246472,250726
55439833,246472,250726
55670833,245054,250726
55900833,249308,250726
56133833,247890,250726
56365833,246472,250726
56596833,246472,250726
56829833,243636,250726
57061833,245054,250726
57300833,245054,250726
57535833,246472,250726
57767833,247890,250726
57998833,245054,250726
58229833,245054,250726
58463833,247890,250726
58695833,246472,250726
58926833,243636,250726
59157833,243636,250726
59394833,242218,250726
59627833,242218,250726
59864833,239382,250726
