timestamp,cWnd0,cWnd1
611833,5672,5672
611833,10619,1500
829833,10619,1500
1052833,11464,1500
1298833,14749,1500
1538833,14403,1500
1792833,9265,1500
2034833,8466,1500
2269833,5626,1500
2502833,5575,1500
2734833,7717,1500
2965833,6737,1500
3197833,5211,1500
3428833,3825,1500
3659833,4703,1500
3890833,5979,1500
4120833,5920,1500
4352833,6685,1500
4583833,3783,1500
4814833,3356,1500
5045833,4560,1500
5275833,7487,1500
5505833,12047,1500
5742833,8814,1500
5996833,8667,1500
6237833,7504,1500
6472833,8828,1500
6704833,10714,1500
6935833,9852,1500
7168833,10322,1500
7400833,8754,1500
7632833,4546,1500
7863833,4107,1500
8093833,5791,1500
8323833,7070,1500
8559833,7314,1500
8792833,6958,1500
9029833,5274,1500
9263833,6404,1500
9496833,11656,1500
9728833,10646,1500
9986833,8088,1500
10227833,7992,1500
10463833,3922,1500
10696833,4209,1500
10928833,6574,1500
11160833,5760,1500
11393833,4756,1500
11624833,5280,1500
11855833,6776,1500
12085833,6438,1500
12317833,3566,1500
12548833,2512,1500
12779833,3259,1500
13010833,2644,1500
13243833,3062,1500
13475833,3048,1500
13709833,4352,1500
13942833,4326,1500
14179833,9018,1500
14414833,9412,1500
14670833,11820,1500
14911833,11814,1500
15161833,7964,1500
15398833,8516,1500
15632833,9892,1500
15864833,10885,1500
16094833,9011,1500
16325833,8917,1500
16555833,5901,1500
16785833,4701,1500
17015833,3690,1500
17245833,6601,1500
17475833,6904,1500
17707833,7156,1500
17939833,10709,1500
18174833,8254,1500
18420833,6492,1500
18658833,5404,1500
18893833,7332,1500
19126833,10538,1500
19359833,15089,1500
19599833,16242,1500
19864833,16388,1500
20126833,7663,1500
20387833,8190,1500
20633833,7829,1500
20872833,10423,1500
21106833,13409,1500
21339833,14523,1500
21579833,9093,1500
21827833,9699,1500
22065833,8917,1500
22299833,10136,1500
22531833,10817,1500
22762833,9306,1500
22992833,8230,1500
23222833,8201,1500
23452833,5362,1500
23682833,4912,1500
23912833,4027,1500
24142833,2973,1500
24372833,3980,1500
24602833,2348,1500
24832833,3007,1500
25062833,4035,1500
25292833,3442,1500
25522833,6326,1500
25752833,4668,1500
25990833,5387,1500
26225833,4714,1500
26459833,3741,1500
26691833,3609,1500
26923833,6300,1500
27154833,4138,1500
27387833,3675,1500
27619833,6586,1500
27851833,6342,1500
28088833,4599,1500
28322833,5184,1500
28555833,5474,1500
28787833,2829,1500
29018833,4088,1500
29249833,5538,1500
29481833,6747,1500
29716833,10415,1500
29954833,10296,1500
30211833,6817,1500
30453833,5713,1500
30690833,6444,1500
30924833,6873,1500
31156833,7235,1500
31387833,11808,1500
31618833,7503,1500
31873833,6630,1500
32116833,6713,1500
32354833,5109,1500
32588833,3892,1500
32821833,5071,1500
33053833,6385,1500
33284833,8356,1500
33517833,6676,1500
33752833,9347,1500
33985833,5136,1500
34223833,4076,1500
34458833,3915,1500
34692833,4138,1500
34925833,2920,1500
35157833,3747,1500
35389833,2779,1500
35620833,2057,1500
35851833,4025,1500
36082833,3602,1500
36313833,3056,1500
36543833,4772,1500
36773833,4661,1500
37006833,8565,1500
37238833,8788,1500
37490833,4625,1500
37730833,5812,1500
37966833,9499,1500
38199833,11806,1500
38437833,9334,1500
38687833,10207,1500
38925833,9301,1500
39158833,8533,1500
39389833,6057,1500
39619833,4923,1500
39849833,6169,1500
40079833,3766,1500
40309833,4648,1500
40539833,3236,1500
40770833,4514,1500
41001833,3432,1500
41232833,3981,1500
41463833,4062,1500
41693833,4700,1500
41923833,4354,1500
42154833,3129,1500
42385833,2100,1500
42616833,1539,1500
42846833,3815,1500
43076833,3796,1500
43308833,2869,1500
43539833,2758,1500
43770833,5587,1500
44001833,5174,1500
44238833,9040,1500
44472833,9846,1500
44728833,14405,1500
44969833,19693,1500
45246833,17170,1500
45545833,13732,1500
45833833,16808,1500
46082833,6849,1500
46340833,5544,1500
46589833,5582,1500
46832833,5365,1500
47070833,6828,1500
47305833,6036,1500
47538833,7520,1500
47770833,6475,1500
48002833,4621,1500
48233833,7706,1500
48464833,8577,1500
48698833,13941,1500
48934833,9656,1500
49193833,9310,1500
49436833,8744,1500
49672833,5659,1500
49905833,5316,1500
50137833,4786,1500
50368833,5695,1500
50599833,7905,1500
50829833,6078,1500
51061833,6228,1500
51292833,6560,1500
51523833,5980,1500
51753833,8390,1500
51983833,6286,1500
52215833,7015,1500
52446833,5489,1500
52676833,4681,1500
52906833,5138,1500
53136833,6670,1500
53366833,6068,1500
53596833,5471,1500
53826833,4245,1500
54056833,3818,1500
54286833,4222,1500
54516833,5030,1500
54746833,5754,1500
54976833,4734,1500
55208833,6648,1500
55439833,5902,1500
55670833,7425,1500
55900833,5575,1500
56133833,5422,1500
56365833,7057,1500
56596833,6721,1500
56829833,8723,1500
57061833,7463,1500
57300833,8192,1500
57535833,6570,1500
57767833,4980,1500
57998833,7133,1500
58229833,7322,1500
58463833,5281,1500
58695833,5689,1500
58926833,9319,1500
59157833,9858,1500
59394833,10890,1500
59627833,10743,1500
59864833,13008,1500
