timestamp,rWnd0,rWnd1
611833,1073725440,1073725440
611833,1073725440,1073725440
829833,1073725440,1073725440
1052833,1073725440,1073725440
1298833,1073725440,1073725440
1538833,1073725440,1073725440
1792833,1073725440,1073725440
2034833,1073725440,1073725440
2269833,1073725440,1073725440
2502833,1073725440,1073725440
2734833,1073725440,1073725440
2965833,1073725440,1073725440
3197833,1073725440,1073725440
3428833,1073725440,1073725440
3659833,1073725440,1073725440
3890833,1073725440,1073725440
4120833,1073725440,1073725440
4352833,1073725440,1073725440
4583833,1073725440,1073725440
4814833,1073725440,1073725440
5045833,1073725440,1073725440
5275833,1073725440,1073725440
5505833,1073725440,1073725440
5742833,1073725440,1073725440
5996833,1073725440,1073725440
6237833,1073725440,1073725440
6472833,1073725440,1073725440
6704833,1073725440,1073725440
6935833,1073725440,1073725440
7168833,1073725440,1073725440
7400833,1073725440,1073725440
7632833,1073725440,1073725440
7863833,1073725440,1073725440
8093833,1073725440,1073725440
8323833,1073725440,1073725440
8559833,1073725440,1073725440
8792833,1073725440,1073725440
9029833,1073725440,1073725440
9263833,1073725440,1073725440
9496833,1073725440,1073725440
9728833,1073725440,1073725440
9986833,1073725440,1073725440
10227833,1073725440,1073725440
10463833,1073725440,1073725440
10696833,1073725440,1073725440
10928833,1073725440,1073725440
11160833,1073725440,1073725440
11393833,1073725440,1073725440
11624833,1073725440,1073725440
11855833,1073725440,1073725440
12085833,1073725440,1073725440
12317833,1073725440,1073725440
12548833,1073725440,1073725440
12779833,1073725440,1073725440
13010833,1073725440,1073725440
13243833,1073725440,1073725440
13475833,1073725440,1073725440
13709833,1073725440,1073725440
13942833,1073725440,1073725440
14179833,1073725440,1073725440
14414833,1073725440,1073725440
14670833,1073725440,1073725440
14911833,1073725440,1073725440
15161833,1073725440,1073725440
15398833,1073725440,1073725440
15632833,1073725440,1073725440
15864833,1073725440,1073725440
16094833,1073725440,1073725440
16325833,1073725440,1073725440
16555833,1073725440,1073725440
16785833,1073725440,1073725440
17015833,1073725440,1073725440
17245833,1073725440,1073725440
17475833,1073725440,1073725440
17707833,1073725440,1073725440
17939833,1073725440,1073725440
18174833,1073725440,1073725440
18420833,1073725440,1073725440
18658833,1073725440,1073725440
18893833,1073725440,1073725440
19126833,1073725440,1073725440
19359833,1073725440,1073725440
19599833,1073725440,1073725440
19864833,1073725440,1073725440
20126833,1073725440,1073725440
20387833,1073725440,1073725440
20633833,1073725440,1073725440
20872833,1073725440,1073725440
21106833,1073725440,1073725440
21339833,1073725440,1073725440
21579833,1073725440,1073725440
21827833,1073725440,1073725440
22065833,1073725440,1073725440
22299833,1073725440,1073725440
22531833,1073725440,1073725440
22762833,1073725440,1073725440
22992833,1073725440,1073725440
23222833,1073725440,1073725440
23452833,1073725440,1073725440
23682833,1073725440,1073725440
23912833,1073725440,1073725440
24142833,1073725440,1073725440
24372833,1073725440,1073725440
24602833,1073725440,1073725440
24832833,1073725440,1073725440
25062833,1073725440,1073725440
25292833,1073725440,1073725440
25522833,1073725440,1073725440
25752833,1073725440,1073725440
25990833,1073725440,1073725440
26225833,1073725440,1073725440
26459833,1073725440,1073725440
26691833,1073725440,1073725440
26923833,1073725440,1073725440
27154833,1073725440,1073725440
27387833,1073725440,1073725440
27619833,1073725440,1073725440
27851833,1073725440,1073725440
28088833,1073725440,1073725440
28322833,1073725440,1073725440
28555833,1073725440,1073725440
28787833,1073725440,1073725440
29018833,1073725440,1073725440
29249833,1073725440,1073725440
29481833,1073725440,1073725440
29716833,1073725440,1073725440
29954833,1073725440,1073725440
30211833,1073725440,1073725440
30453833,1073725440,1073725440
30690833,1073725440,1073725440
30924833,1073725440,1073725440
31156833,1073725440,1073725440
31387833,1073725440,1073725440
31618833,1073725440,1073725440
31873833,1073725440,1073725440
32116833,1073725440,1073725440
32354833,1073725440,1073725440
32588833,1073725440,1073725440
32821833,1073725440,1073725440
33053833,1073725440,1073725440
33284833,1073725440,1073725440
33517833,1073725440,1073725440
33752833,1073725440,1073725440
33985833,1073725440,1073725440
34223833,1073725440,1073725440
34458833,1073725440,1073725440
34692833,1073725440,1073725440
34925833,1073725440,1073725440
35157833,1073725440,1073725440
35389833,1073725440,1073725440
35620833,1073725440,1073725440
35851833,1073725440,1073725440
36082833,1073725440,1073725440
36313833,1073725440,1073725440
36543833,1073725440,1073725440
36773833,1073725440,1073725440
37006833,1073725440,1073725440
37238833,1073725440,1073725440
37490833,1073725440,1073725440
37730833,1073725440,1073725440
37966833,1073725440,1073725440
38199833,1073725440,1073725440
38437833,1073725440,1073725440
38687833,1073725440,1073725440
38925833,1073725440,1073725440
39158833,1073725440,1073725440
39389833,1073725440,1073725440
39619833,1073725440,1073725440
39849833,1073725440,1073725440
40079833,1073725440,1073725440
40309833,1073725440,1073725440
40539833,1073725440,1073725440
40770833,1073725440,1073725440
41001833,1073725440,1073725440
41232833,1073725440,1073725440
41463833,1073725440,1073725440
41693833,1073725440,1073725440
41923833,1073725440,1073725440
42154833,1073725440,1073725440
42385833,1073725440,1073725440
42616833,1073725440,1073725440
42846833,1073725440,1073725440
43076833,1073725440,1073725440
43308833,1073725440,1073725440
43539833,1073725440,1073725440
43770833,1073725440,1073725440
44001833,1073725440,1073725440
44238833,1073725440,1073725440
44472833,1073725440,1073725440
44728833,1073725440,1073725440
44969833,1073725440,1073725440
45246833,1073725440,1073725440
45545833,1073725440,1073725440
45833833,1073725440,1073725440
46082833,1073725440,1073725440
46340833,1073725440,1073725440
46589833,1073725440,1073725440
46832833,1073725440,1073725440
47070833,1073725440,1073725440
47305833,1073725440,1073725440
47538833,1073725440,1073725440
47770833,1073725440,1073725440
48002833,1073725440,1073725440
48233833,1073725440,1073725440
48464833,1073725440,1073725440
48698833,1073725440,1073725440
48934833,1073725440,1073725440
49193833,1073725440,1073725440
49436833,1073725440,1073725440
49672833,1073725440,1073725440
49905833,1073725440,1073725440
50137833,1073725440,1073725440
50368833,1073725440,1073725440
50599833,1073725440,1073725440
50829833,1073725440,1073725440
51061833,1073725440,1073725440
51292833,1073725440,1073725440
51523833,1073725440,1073725440
51753833,1073725440,1073725440
51983833,1073725440,1073725440
52215833,1073725440,1073725440
52446833,1073725440,1073725440
52676833,1073725440,1073725440
52906833,1073725440,1073725440
53136833,1073725440,1073725440
53366833,1073725440,1073725440
53596833,1073725440,1073725440
53826833,1073725440,1073725440
54056833,1073725440,1073725440
54286833,1073725440,1073725440
54516833,1073725440,1073725440
54746833,1073725440,1073725440
54976833,1073725440,1073725440
55208833,1073725440,1073725440
55439833,1073725440,1073725440
55670833,1073725440,1073725440
55900833,1073725440,1073725440
56133833,1073725440,1073725440
56365833,1073725440,1073725440
56596833,1073725440,1073725440
56829833,1073725440,1073725440
57061833,1073725440,1073725440
57300833,1073725440,1073725440
57535833,1073725440,1073725440
57767833,1073725440,1073725440
57998833,1073725440,1073725440
58229833,1073725440,1073725440
58463833,1073725440,1073725440
58695833,1073725440,1073725440
58926833,1073725440,1073725440
59157833,1073725440,1073725440
59394833,1073725440,1073725440
59627833,1073725440,1073725440
59864833,1073725440,1073725440
