timestamp,rtt0,rtt1
611833,218,184
611833,218,184
829833,223,184
1052833,246,219
1298833,240,221
1538833,254,222
1792833,242,223
2034833,235,224
2269833,233,225
2502833,232,225
2734833,231,226
2965833,232,226
3197833,231,227
3428833,231,227
3659833,231,227
3890833,230,228
4120833,232,228
4352833,231,228
4583833,231,228
4814833,231,229
5045833,230,229
5275833,230,229
5505833,237,229
5742833,254,229
5996833,241,229
6237833,235,229
6472833,232,229
6704833,231,230
6935833,233,230
7168833,232,230
7400833,232,230
7632833,231,230
7863833,230,230
8093833,230,230
8323833,236,230
8559833,233,230
8792833,237,230
9029833,234,230
9263833,233,230
9496833,232,230
9728833,258,230
9986833,241,230
10227833,236,230
10463833,233,230
10696833,232,230
10928833,232,230
11160833,233,230
11393833,231,230
11624833,231,230
11855833,230,230
12085833,232,230
12317833,231,230
12548833,231,230
12779833,231,230
13010833,233,230
13243833,232,230
13475833,234,230
13709833,233,230
13942833,237,230
14179833,235,230
14414833,256,230
14670833,241,230
14911833,250,230
15161833,237,230
15398833,234,230
15632833,232,230
15864833,230,230
16094833,231,230
16325833,230,230
16555833,230,230
16785833,230,230
17015833,230,230
17245833,230,230
17475833,232,230
17707833,232,230
17939833,235,230
18174833,246,230
18420833,238,230
18658833,235,230
18893833,233,230
19126833,233,230
19359833,240,230
19599833,265,230
19864833,262,230
20126833,261,230
20387833,246,230
20633833,239,230
20872833,234,230
21106833,233,230
21339833,240,230
21579833,248,230
21827833,238,230
22065833,234,230
22299833,232,230
22531833,231,230
22762833,230,230
22992833,230,230
23222833,230,230
23452833,230,230
23682833,230,230
23912833,230,230
24142833,230,230
24372833,230,230
24602833,230,230
24832833,230,230
25062833,230,230
25292833,230,230
25522833,230,230
25752833,238,230
25990833,235,230
26225833,234,230
26459833,232,230
26691833,232,230
26923833,231,230
27154833,233,230
27387833,232,230
27619833,232,230
27851833,237,230
28088833,234,230
28322833,233,230
28555833,232,230
28787833,231,230
29018833,231,230
29249833,232,230
29481833,235,230
29716833,238,230
29954833,257,230
30211833,242,230
30453833,237,230
30690833,234,230
30924833,232,230
31156833,231,230
31387833,231,230
31618833,255,230
31873833,243,230
32116833,238,230
32354833,234,230
32588833,233,230
32821833,232,230
33053833,231,230
33284833,233,230
33517833,235,230
33752833,233,230
33985833,238,230
34223833,235,230
34458833,234,230
34692833,233,230
34925833,232,230
35157833,232,230
35389833,231,230
35620833,231,230
35851833,231,230
36082833,231,230
36313833,230,230
36543833,230,230
36773833,233,230
37006833,232,230
37238833,252,230
37490833,240,230
37730833,236,230
37966833,233,230
38199833,238,230
38437833,250,230
38687833,238,230
38925833,233,230
39158833,231,230
39389833,230,230
39619833,230,230
39849833,230,230
40079833,230,230
40309833,230,230
40539833,231,230
40770833,231,230
41001833,231,230
41232833,231,230
41463833,230,230
41693833,230,230
41923833,231,230
42154833,231,230
42385833,231,230
42616833,230,230
42846833,230,230
43076833,232,230
43308833,231,230
43539833,231,230
43770833,231,230
44001833,237,230
44238833,234,230
44472833,256,230
44728833,241,230
44969833,277,230
45246833,299,230
45545833,288,230
45833833,249,230
46082833,258,230
46340833,249,230
46589833,243,230
46832833,238,230
47070833,235,230
47305833,233,230
47538833,232,230
47770833,232,230
48002833,231,230
48233833,231,230
48464833,234,230
48698833,236,230
48934833,259,230
49193833,243,230
49436833,236,230
49672833,233,230
49905833,232,230
50137833,231,230
50368833,231,230
50599833,230,230
50829833,232,230
51061833,231,230
51292833,231,230
51523833,230,230
51753833,230,230
51983833,232,230
52215833,231,230
52446833,230,230
52676833,230,230
52906833,230,230
53136833,230,230
53366833,230,230
53596833,230,230
53826833,230,230
54056833,230,230
54286833,230,230
54516833,230,230
54746833,230,230
54976833,232,230
55208833,231,230
55439833,231,230
55670833,230,230
55900833,233,230
56133833,232,230
56365833,231,230
56596833,233,230
56829833,232,230
57061833,239,230
57300833,235,230
57535833,232,230
57767833,231,230
57998833,231,230
58229833,234,230
58463833,232,230
58695833,231,230
58926833,231,230
59157833,237,230
59394833,233,230
59627833,237,230
59864833,232,230
