timestamp,lastAckedSeq,highTxMark,availableTxBuffer,nextTxSeq,totalCwnd,unAckMeta
611833,5673,17017,1158,17017,11344,11344
611833,5673,17017,1158,17017,12119,11344
829833,11345,26943,1158,26943,12119,15598
1052833,26943,39705,1158,39705,12964,12762
1298833,41123,56721,1158,56721,16249,15598
1538833,56721,72319,1158,72319,15903,15598
1792833,72319,82245,1158,82245,10765,9926
2034833,82245,90753,1158,90753,9966,8508
2269833,90753,96425,1158,96425,7126,5672
2502833,96425,102097,1158,102097,7075,5672
2734833,103515,112023,1158,112023,9217,8508
2965833,112023,117695,2576,117695,8237,5672
3197833,117695,123367,1158,123367,6711,5672
3428833,123367,127621,1158,127621,5325,4254
3659833,129039,133293,2576,133293,6203,4254
3890833,134711,140383,2576,140383,7479,5672
4120833,140383,147473,1158,147473,7420,7090
4352833,147473,154563,1158,154563,8185,7090
4583833,154563,158817,1158,158817,5283,4254
4814833,158817,163071,1158,163071,4856,4254
5045833,164489,168743,2576,168743,6060,4254
5275833,168743,177251,1158,177251,8987,8508
5505833,177251,190013,1158,190013,13547,12762
5742833,190013,199939,1158,199939,10314,9926
5996833,199939,209865,1158,209865,10167,9926
6237833,209865,218373,1158,218373,9004,8508
6472833,219791,229717,1158,229717,10328,9926
6704833,229717,241061,1158,241061,12214,11344
6935833,241061,250987,1158,250987,11352,9926
7168833,250987,262331,1158,262331,11822,11344
7400833,262331,272257,1158,272257,10254,9926
7632833,272257,277929,1158,277929,6046,5672
7863833,277929,282183,1158,282183,5607,4254
8093833,282183,289273,1158,289273,7291,7090
8323833,289273,296363,1158,296363,8570,7090
8559833,296363,304871,1158,304871,8814,8508
8792833,304871,311961,1158,311961,8458,7090
9029833,311961,317633,1158,317633,6774,5672
9263833,317633,324723,1158,324723,7904,7090
9496833,324723,337485,1158,337485,13156,12762
9728833,337485,348829,1158,348829,12146,11344
9986833,348829,357337,1158,357337,9588,8508
10227833,357337,365845,1158,365845,9492,8508
10463833,365845,370099,1158,370099,5422,4254
10696833,370099,374353,1158,374353,5709,4254
10928833,375771,382861,1158,382861,8074,7090
11160833,382861,389951,1158,389951,7260,7090
11393833,389951,395623,1158,395623,6256,5672
11624833,395623,401295,1158,401295,6780,5672
11855833,401295,408385,1158,408385,8276,7090
12085833,408385,415475,1158,415475,7938,7090
12317833,415475,419729,1158,419729,5066,4254
12548833,419729,422565,1158,422565,4012,2836
12779833,422565,426819,1158,426819,4759,4254
13010833,426819,429655,1158,429655,4144,2836
13243833,429655,433909,1158,433909,4562,4254
13475833,433909,438163,1158,438163,4548,4254
13709833,438163,443835,1158,443835,5852,5672
13942833,443835,449507,1158,449507,5826,5672
14179833,449507,459433,1158,459433,10518,9926
14414833,459433,469359,1158,469359,10912,9926
14670833,470777,484957,1158,484957,13320,14180
14911833,486375,499137,1158,499137,13314,12762
15161833,499137,507645,1158,507645,9464,8508
15398833,509063,517571,2576,517571,10016,8508
15632833,518989,528915,1158,528915,11392,9926
15864833,528915,540259,1158,540259,12385,11344
16094833,540259,550185,1158,550185,10511,9926
16325833,550185,560111,1158,560111,10417,9926
16555833,560111,565783,2576,565783,7401,5672
16785833,565783,571455,1158,571455,6201,5672
17015833,571455,575709,1158,575709,5190,4254
17245833,575709,582799,1158,582799,8101,7090
17475833,582799,589889,1158,589889,8404,7090
17707833,589889,598397,1158,598397,8656,8508
17939833,598397,609741,1158,609741,12209,11344
18174833,609741,618249,1158,618249,9754,8508
18420833,618249,625339,1158,625339,7992,7090
18658833,625339,631011,1158,631011,6904,5672
18893833,632429,640937,1158,640937,8832,8508
19126833,640937,652281,1158,652281,12038,11344
19359833,652281,667879,1158,667879,16589,15598
19599833,667879,684895,1158,684895,17742,17016
19864833,684895,701911,1158,701911,17888,17016
20126833,701911,710419,1158,710419,9163,8508
20387833,710419,718927,1158,718927,9690,8508
20633833,718927,727435,1158,727435,9329,8508
20872833,728853,740197,1158,740197,11923,11344
21106833,740197,754377,1158,754377,14909,14180
21339833,754377,769975,1158,769975,16023,15598
21579833,769975,779901,1158,779901,10593,9926
21827833,779901,789827,1158,789827,11199,9926
22065833,789827,799753,1158,799753,10417,9926
22299833,801171,812515,1158,812515,11636,11344
22531833,812515,823859,1158,823859,12317,11344
22762833,823859,833785,1158,833785,10806,9926
22992833,833785,842293,1158,842293,9730,8508
23222833,842293,850801,1158,850801,9701,8508
23452833,850801,855055,2576,855055,6862,4254
23682833,855055,860727,1158,860727,6412,5672
23912833,860727,864981,1158,864981,5527,4254
24142833,864981,869235,1158,869235,4473,4254
24372833,869235,873489,1158,873489,5480,4254
24602833,873489,876325,1158,876325,3848,2836
24832833,876325,880579,1158,880579,4507,4254
25062833,880579,884833,1158,884833,5535,4254
25292833,884833,889087,1158,889087,4942,4254
25522833,889087,896177,1158,896177,7826,7090
25752833,896177,901849,1158,901849,6168,5672
25990833,901849,907521,1158,907521,6887,5672
26225833,907521,913193,1158,913193,6214,5672
26459833,913193,917447,1158,917447,5241,4254
26691833,917447,921701,1158,921701,5109,4254
26923833,923119,930209,1158,930209,7800,7090
27154833,930209,934463,1158,934463,5638,4254
27387833,934463,938717,1158,938717,5175,4254
27619833,938717,945807,1158,945807,8086,7090
27851833,945807,952897,1158,952897,7842,7090
28088833,952897,958569,1158,958569,6099,5672
28322833,958569,964241,1158,964241,6684,5672
28555833,964241,969913,1158,969913,6974,5672
28787833,969913,972749,1158,972749,4329,2836
29018833,972749,977003,1158,977003,5588,4254
29249833,977003,982675,1158,982675,7038,5672
29481833,982675,989765,1158,989765,8247,7090
29716833,989765,1001109,1158,1001109,11915,11344
29954833,1002527,1012453,2576,1012453,11796,9926
30211833,1012453,1019543,1158,1019543,8317,7090
30453833,1019543,1026633,1158,1026633,7213,7090
30690833,1026633,1033723,1158,1033723,7944,7090
30924833,1033723,1040813,1158,1040813,8373,7090
31156833,1042231,1050739,1158,1050739,8735,8508
31387833,1050739,1063501,1158,1063501,13308,12762
31618833,1063501,1072009,1158,1072009,9003,8508
31873833,1072009,1079099,1158,1079099,8130,7090
32116833,1080517,1087607,1158,1087607,8213,7090
32354833,1087607,1093279,1158,1093279,6609,5672
32588833,1093279,1097533,1158,1097533,5392,4254
32821833,1098951,1104623,1158,1104623,6571,5672
33053833,1104623,1111713,1158,1111713,7885,7090
33284833,1111713,1120221,1158,1120221,9856,8508
33517833,1120221,1127311,1158,1127311,8176,7090
33752833,1127311,1137237,1158,1137237,10847,9926
33985833,1137237,1142909,1158,1142909,6636,5672
34223833,1142909,1147163,1158,1147163,5576,4254
34458833,1147163,1151417,1158,1151417,5415,4254
34692833,1151417,1155671,1158,1155671,5638,4254
34925833,1155671,1159925,1158,1159925,4420,4254
35157833,1159925,1164179,1158,1164179,5247,4254
35389833,1164179,1167015,1158,1167015,4279,2836
35620833,1167015,1169851,1158,1169851,3557,2836
35851833,1169851,1174105,1158,1174105,5525,4254
36082833,1174105,1178359,1158,1178359,5102,4254
36313833,1178359,1182613,1158,1182613,4556,4254
36543833,1182613,1188285,1158,1188285,6272,5672
36773833,1188285,1193957,1158,1193957,6161,5672
37006833,1193957,1203883,1158,1203883,10065,9926
37238833,1203883,1213809,1158,1213809,10288,9926
37490833,1213809,1219481,1158,1219481,6125,5672
37730833,1220899,1227989,1158,1227989,7312,7090
37966833,1227989,1237915,1158,1237915,10999,9926
38199833,1237915,1250677,1158,1250677,13306,12762
38437833,1250677,1260603,1158,1260603,10834,9926
38687833,1262021,1273365,1158,1273365,11707,11344
38925833,1273365,1283291,1158,1283291,10801,9926
39158833,1283291,1293217,1158,1293217,10033,9926
39389833,1293217,1300307,1158,1300307,7557,7090
39619833,1300307,1305979,1158,1305979,6423,5672
39849833,1305979,1313069,1158,1313069,7669,7090
40079833,1313069,1317323,1158,1317323,5266,4254
40309833,1317323,1322995,1158,1322995,6148,5672
40539833,1322995,1327249,1158,1327249,4736,4254
40770833,1327249,1332921,1158,1332921,6014,5672
41001833,1332921,1337175,1158,1337175,4932,4254
41232833,1337175,1341429,1158,1341429,5481,4254
41463833,1341429,1345683,1158,1345683,5562,4254
41693833,1345683,1351355,1158,1351355,6200,5672
41923833,1351355,1357027,1158,1357027,5854,5672
42154833,1357027,1361281,1158,1361281,4629,4254
42385833,1361281,1364117,1158,1364117,3600,2836
42616833,1364117,1366953,1158,1366953,3039,2836
42846833,1366953,1371207,1158,1371207,5315,4254
43076833,1371207,1375461,1158,1375461,5296,4254
43308833,1375461,1379715,1158,1379715,4369,4254
43539833,1379715,1382551,1158,1382551,4258,2836
43770833,1382551,1388223,1158,1388223,7087,5672
44001833,1388223,1393895,1158,1393895,6674,5672
44238833,1393895,1403821,1158,1403821,10540,9926
44472833,1403821,1413747,1158,1413747,11346,9926
44728833,1415165,1430763,1158,1430763,15905,15598
44969833,1430763,1450615,1158,1450615,21193,19852
45246833,1449197,1467631,1158,1467631,18670,18434
45545833,1467631,1481811,1158,1481811,15232,14180
45833833,1487483,1504499,1158,1504499,18308,17016
46082833,1503081,1510171,1158,1510171,8349,7090
46340833,1510171,1515843,1158,1515843,7044,5672
46589833,1515843,1521515,1158,1521515,7082,5672
46832833,1521515,1527187,1158,1527187,6865,5672
47070833,1528605,1535695,1158,1535695,8328,7090
47305833,1535695,1542785,1158,1542785,7536,7090
47538833,1542785,1551293,1158,1551293,9020,8508
47770833,1551293,1558383,1158,1558383,7975,7090
48002833,1558383,1564055,1158,1564055,6121,5672
48233833,1564055,1572563,1158,1572563,9206,8508
48464833,1572563,1582489,1158,1582489,10077,9926
48698833,1582489,1596669,1158,1596669,15441,14180
48934833,1596669,1606595,1158,1606595,11156,9926
49193833,1606595,1616521,1158,1616521,10810,9926
49436833,1616521,1626447,1158,1626447,10244,9926
49672833,1626447,1632119,1158,1632119,7159,5672
49905833,1632119,1637791,1158,1637791,6816,5672
50137833,1637791,1643463,1158,1643463,6286,5672
50368833,1644881,1651971,1158,1651971,7195,7090
50599833,1651971,1660479,1158,1660479,9405,8508
50829833,1660479,1666151,2576,1666151,7578,5672
51061833,1667569,1673241,2576,1673241,7728,5672
51292833,1674659,1680331,2576,1680331,8060,5672
51523833,1680331,1687421,1158,1687421,7480,7090
51753833,1687421,1695929,1158,1695929,9890,8508
51983833,1695929,1703019,1158,1703019,7786,7090
52215833,1703019,1710109,1158,1710109,8515,7090
52446833,1710109,1715781,1158,1715781,6989,5672
52676833,1715781,1721453,1158,1721453,6181,5672
52906833,1721453,1727125,1158,1727125,6638,5672
53136833,1727125,1734215,1158,1734215,8170,7090
53366833,1734215,1741305,1158,1741305,7568,7090
53596833,1741305,1746977,1158,1746977,6971,5672
53826833,1746977,1751231,1158,1751231,5745,4254
54056833,1751231,1755485,1158,1755485,5318,4254
54286833,1755485,1759739,1158,1759739,5722,4254
54516833,1759739,1765411,1158,1765411,6530,5672
54746833,1765411,1772501,1158,1772501,7254,7090
54976833,1772501,1778173,1158,1778173,6234,5672
55208833,1779591,1786681,1158,1786681,8148,7090
55439833,1786681,1793771,1158,1793771,7402,7090
55670833,1793771,1802279,1158,1802279,8925,8508
55900833,1802279,1806533,2576,1806533,7075,4254
56133833,1807951,1813623,1158,1813623,6922,5672
56365833,1813623,1820713,1158,1820713,8557,7090
56596833,1820713,1827803,1158,1827803,8221,7090
56829833,1827803,1837729,1158,1837729,10223,9926
57061833,1837729,1846237,1158,1846237,8963,8508
57300833,1846237,1854745,1158,1854745,9692,8508
57535833,1854745,1861835,1158,1861835,8070,7090
57767833,1861835,1867507,1158,1867507,6480,5672
57998833,1867507,1876015,1158,1876015,8633,8508
58229833,1876015,1884523,1158,1884523,8822,8508
58463833,1884523,1890195,1158,1890195,6781,5672
58695833,1890195,1897285,1158,1897285,7189,7090
58926833,1897285,1907211,1158,1907211,10819,9926
59157833,1907211,1917137,1158,1917137,11358,9926
59394833,1917137,1928481,1158,1928481,12390,11344
59627833,1928481,1939825,1158,1939825,12243,11344
59864833,1941243,1955423,1158,1955423,14508,14180
