timestamp,rtt0,rtt1
611833,218,184
611833,218,184
829833,223,184
1052833,309,219
1361833,306,221
1667833,252,223
1919833,237,224
2156833,232,225
2388833,231,225
2619833,230,226
2849833,230,226
3079833,230,227
3309833,232,227
3541833,249,227
3790833,238,228
4028833,234,228
4262833,232,228
4494833,232,228
4726833,263,229
4989833,292,229
5281833,324,229
5605833,277,229
5882833,304,229
6186833,254,229
6440833,239,229
6679833,233,229
6912833,261,230
7173833,241,230
7414833,234,230
7648833,232,230
7880833,247,230
8127833,317,230
8444833,268,230
8712833,243,230
8955833,244,230
9199833,272,230
9471833,331,230
9802833,400,230
10202833,387,230
10589833,423,230
11012833,427,230
11439833,349,230
11788833,397,230
12185833,423,230
12608833,564,230
13172833,415,230
13587833,427,230
14014833,309,230
14323833,286,230
14609833,263,230
14872833,243,230
15115833,239,230
15354833,271,230
15625833,253,230
15878833,240,230
16118833,234,230
16352833,233,230
16585833,231,230
16816833,236,230
17052833,244,230
17296833,314,230
17610833,427,230
18037833,399,230
18436833,350,230
18786833,312,230
19098833,292,230
19390833,305,230
19695833,261,230
19956833,316,230
20272833,282,230
20554833,251,230
20805833,330,230
21135833,421,230
21556833,383,230
21939833,322,230
22261833,270,230
22531833,241,230
22772833,234,230
23006833,231,230
23237833,231,230
23468833,230,230
23698833,232,230
23930833,231,230
24161833,284,230
24445833,250,230
24695833,237,230
24932833,233,230
25165833,231,230
25396833,231,230
25627833,235,230
25862833,232,230
26094833,230,230
26324833,272,230
26596833,263,230
26859833,242,230
27101833,235,230
27336833,232,230
27568833,231,230
27799833,231,230
28030833,243,230
28273833,235,230
28508833,233,230
28741833,232,230
28973833,232,230
29205833,288,230
29493833,348,230
29841833,292,230
30133833,251,230
30384833,243,230
30627833,237,230
30864833,234,230
31098833,232,230
31330833,231,230
31561833,231,230
31792833,232,230
32024833,231,230
32255833,230,230
32485833,230,230
32715833,232,230
32947833,235,230
33182833,233,230
33415833,232,230
33647833,231,230
33878833,231,230
34109833,236,230
34345833,239,230
34584833,234,230
34818833,270,230
35088833,306,230
35394833,327,230
35721833,351,230
36072833,395,230
36467833,281,230
36748833,266,230
37014833,331,230
37345833,335,230
37680833,333,230
38013833,391,230
38404833,402,230
38806833,404,230
39210833,289,230
39499833,248,230
39747833,237,230
39984833,244,230
40228833,284,230
40512833,267,230
40779833,247,230
41026833,238,230
41264833,284,230
41548833,283,230
41831833,338,230
42169833,477,230
42646833,645,230
43291833,537,230
43828833,518,230
44346833,457,230
44803833,277,230
45080833,249,230
45329833,260,230
45589833,261,230
45850833,365,230
46215833,359,230
46574833,454,230
47028833,353,230
47381833,317,230
47698833,253,230
47951833,240,230
48191833,240,230
48431833,233,230
48664833,267,230
48931833,262,230
49193833,328,230
49521833,400,230
49921833,529,230
50450833,528,230
50978833,401,230
51379833,404,230
51783833,324,230
52107833,390,230
52497833,270,230
52767833,244,230
53011833,237,230
53248833,274,230
53522833,244,230
53766833,235,230
54001833,313,230
54314833,364,230
54678833,304,230
54982833,260,230
55242833,297,230
55539833,289,230
55828833,254,230
56082833,241,230
56323833,234,230
56557833,248,230
56805833,322,230
57127833,352,230
57479833,299,230
57778833,399,230
58177833,330,230
58507833,353,230
58860833,336,230
59196833,392,230
59588833,352,230
59940833,397,230
