timestamp,cWnd0,cWnd1
611833,5672,5672
611833,21742,1500
829833,21742,1500
1052833,16445,1500
1361833,14956,1500
1667833,12105,1500
1919833,12017,1500
2156833,10647,1500
2388833,10716,1500
2619833,10541,1500
2849833,6256,1500
3079833,8956,1500
3309833,13251,1500
3541833,9861,1500
3790833,7255,1500
4028833,6879,1500
4262833,8635,1500
4494833,15277,1500
4726833,18447,1500
4989833,20491,1500
5281833,11791,1500
5605833,19200,1500
5882833,15150,1500
6186833,12575,1500
6440833,10894,1500
6679833,15298,1500
6912833,12698,1500
7173833,12047,1500
7414833,11069,1500
7648833,15255,1500
7880833,22373,1500
8127833,14743,1500
8444833,13536,1500
8712833,14559,1500
8955833,17088,1500
9199833,22367,1500
9471833,26241,1500
9802833,23683,1500
10202833,25776,1500
10589833,25718,1500
11012833,19839,1500
11439833,24826,1500
11788833,26229,1500
12185833,35521,1500
12608833,17634,1500
13172833,26469,1500
13587833,19111,1500
14014833,17629,1500
14323833,16129,1500
14609833,15254,1500
14872833,14465,1500
15115833,17096,1500
15354833,10222,1500
15625833,7989,1500
15878833,8559,1500
16118833,11376,1500
16352833,11521,1500
16585833,12804,1500
16816833,15573,1500
17052833,21678,1500
17296833,33848,1500
17610833,19092,1500
18037833,21422,1500
18436833,18867,1500
18786833,18402,1500
19098833,18434,1500
19390833,12818,1500
19695833,20569,1500
19956833,16796,1500
20272833,11387,1500
20554833,20333,1500
20805833,29024,1500
21135833,23256,1500
21556833,20061,1500
21939833,15889,1500
22261833,13327,1500
22531833,11752,1500
22772833,11389,1500
23006833,7583,1500
23237833,6956,1500
23468833,8623,1500
23698833,8087,1500
23930833,15689,1500
24161833,15555,1500
24445833,10762,1500
24695833,12039,1500
24932833,7806,1500
25165833,8230,1500
25396833,11817,1500
25627833,10868,1500
25862833,12318,1500
26094833,15778,1500
26324833,16328,1500
26596833,12544,1500
26859833,10727,1500
27101833,11335,1500
27336833,6026,1500
27568833,6965,1500
27799833,11457,1500
28030833,10013,1500
28273833,6599,1500
28508833,7425,1500
28741833,9421,1500
28973833,16703,1500
29205833,22835,1500
29493833,11064,1500
29841833,14125,1500
30133833,6477,1500
30384833,6128,1500
30627833,6992,1500
30864833,6887,1500
31098833,7452,1500
31330833,6899,1500
31561833,7512,1500
31792833,8124,1500
32024833,7958,1500
32255833,5866,1500
32485833,7468,1500
32715833,9436,1500
32947833,6813,1500
33182833,4727,1500
33415833,4022,1500
33647833,5157,1500
33878833,7377,1500
34109833,8808,1500
34345833,7233,1500
34584833,13081,1500
34818833,18706,1500
35088833,20641,1500
35394833,22220,1500
35721833,24802,1500
36072833,13623,1500
36467833,16076,1500
36748833,21720,1500
37014833,20231,1500
37345833,20100,1500
37680833,24259,1500
38013833,24954,1500
38404833,24954,1500
38806833,19304,1500
39210833,14650,1500
39499833,12177,1500
39747833,13771,1500
39984833,17840,1500
40228833,16854,1500
40512833,9365,1500
40779833,8178,1500
41026833,16387,1500
41264833,17463,1500
41548833,21425,1500
41831833,36616,1500
42169833,42285,1500
42646833,32586,1500
43291833,31651,1500
43828833,29392,1500
44346833,18948,1500
44803833,13987,1500
45080833,16375,1500
45329833,16588,1500
45589833,26083,1500
45850833,20202,1500
46215833,29309,1500
46574833,21975,1500
47028833,19794,1500
47381833,10881,1500
47698833,11031,1500
47951833,12212,1500
48191833,12120,1500
48431833,16482,1500
48664833,16419,1500
48931833,22502,1500
49193833,26216,1500
49521833,34951,1500
49921833,31960,1500
50450833,22726,1500
50978833,24399,1500
51379833,16286,1500
51783833,24834,1500
52107833,14321,1500
52497833,11997,1500
52767833,13033,1500
53011833,17684,1500
53248833,13992,1500
53522833,14067,1500
53766833,22075,1500
54001833,23660,1500
54314833,19786,1500
54678833,15379,1500
54982833,18993,1500
55242833,17509,1500
55539833,10375,1500
55828833,7518,1500
56082833,9734,1500
56323833,14131,1500
56557833,21326,1500
56805833,22263,1500
57127833,16464,1500
57479833,25589,1500
57778833,14407,1500
58177833,21984,1500
58507833,20680,1500
58860833,25268,1500
59196833,20046,1500
59588833,25159,1500
59940833,22053,1500
