timestamp,rWnd0,rWnd1
611833,1073725440,1073725440
611833,1073725440,1073725440
829833,1073725440,1073725440
1052833,1073725440,1073725440
1361833,1073725440,1073725440
1667833,1073725440,1073725440
1919833,1073725440,1073725440
2156833,1073725440,1073725440
2388833,1073725440,1073725440
2619833,1073725440,1073725440
2849833,1073725440,1073725440
3079833,1073725440,1073725440
3309833,1073725440,1073725440
3541833,1073725440,1073725440
3790833,1073725440,1073725440
4028833,1073725440,1073725440
4262833,1073725440,1073725440
4494833,1073725440,1073725440
4726833,1073725440,1073725440
4989833,1073725440,1073725440
5281833,1073725440,1073725440
5605833,1073725440,1073725440
5882833,1073725440,1073725440
6186833,1073725440,1073725440
6440833,1073725440,1073725440
6679833,1073725440,1073725440
6912833,1073725440,1073725440
7173833,1073725440,1073725440
7414833,1073725440,1073725440
7648833,1073725440,1073725440
7880833,1073725440,1073725440
8127833,1073725440,1073725440
8444833,1073725440,1073725440
8712833,1073725440,1073725440
8955833,1073725440,1073725440
9199833,1073725440,1073725440
9471833,1073725440,1073725440
9802833,1073725440,1073725440
10202833,1073725440,1073725440
10589833,1073725440,1073725440
11012833,1073725440,1073725440
11439833,1073725440,1073725440
11788833,1073725440,1073725440
12185833,1073725440,1073725440
12608833,1073725440,1073725440
13172833,1073725440,1073725440
13587833,1073725440,1073725440
14014833,1073725440,1073725440
14323833,1073725440,1073725440
14609833,1073725440,1073725440
14872833,1073725440,1073725440
15115833,1073725440,1073725440
15354833,1073725440,1073725440
15625833,1073725440,1073725440
15878833,1073725440,1073725440
16118833,1073725440,1073725440
16352833,1073725440,1073725440
16585833,1073725440,1073725440
16816833,1073725440,1073725440
17052833,1073725440,1073725440
17296833,1073725440,1073725440
17610833,1073725440,1073725440
18037833,1073725440,1073725440
18436833,1073725440,1073725440
18786833,1073725440,1073725440
19098833,1073725440,1073725440
19390833,1073725440,1073725440
19695833,1073725440,1073725440
19956833,1073725440,1073725440
20272833,1073725440,1073725440
20554833,1073725440,1073725440
20805833,1073725440,1073725440
21135833,1073725440,1073725440
21556833,1073725440,1073725440
21939833,1073725440,1073725440
22261833,1073725440,1073725440
22531833,1073725440,1073725440
22772833,1073725440,1073725440
23006833,1073725440,1073725440
23237833,1073725440,1073725440
23468833,1073725440,1073725440
23698833,1073725440,1073725440
23930833,1073725440,1073725440
24161833,1073725440,1073725440
24445833,1073725440,1073725440
24695833,1073725440,1073725440
24932833,1073725440,1073725440
25165833,1073725440,1073725440
25396833,1073725440,1073725440
25627833,1073725440,1073725440
25862833,1073725440,1073725440
26094833,1073725440,1073725440
26324833,1073725440,1073725440
26596833,1073725440,1073725440
26859833,1073725440,1073725440
27101833,1073725440,1073725440
27336833,1073725440,1073725440
27568833,1073725440,1073725440
27799833,1073725440,1073725440
28030833,1073725440,1073725440
28273833,1073725440,1073725440
28508833,1073725440,1073725440
28741833,1073725440,1073725440
28973833,1073725440,1073725440
29205833,1073725440,1073725440
29493833,1073725440,1073725440
29841833,1073725440,1073725440
30133833,1073725440,1073725440
30384833,1073725440,1073725440
30627833,1073725440,1073725440
30864833,1073725440,1073725440
31098833,1073725440,1073725440
31330833,1073725440,1073725440
31561833,1073725440,1073725440
31792833,1073725440,1073725440
32024833,1073725440,1073725440
32255833,1073725440,1073725440
32485833,1073725440,1073725440
32715833,1073725440,1073725440
32947833,1073725440,1073725440
33182833,1073725440,1073725440
33415833,1073725440,1073725440
33647833,1073725440,1073725440
33878833,1073725440,1073725440
34109833,1073725440,1073725440
34345833,1073725440,1073725440
34584833,1073725440,1073725440
34818833,1073725440,1073725440
35088833,1073725440,1073725440
35394833,1073725440,1073725440
35721833,1073725440,1073725440
36072833,1073725440,1073725440
36467833,1073725440,1073725440
36748833,1073725440,1073725440
37014833,1073725440,1073725440
37345833,1073725440,1073725440
37680833,1073725440,1073725440
38013833,1073725440,1073725440
38404833,1073725440,1073725440
38806833,1073725440,1073725440
39210833,1073725440,1073725440
39499833,1073725440,1073725440
39747833,1073725440,1073725440
39984833,1073725440,1073725440
40228833,1073725440,1073725440
40512833,1073725440,1073725440
40779833,1073725440,1073725440
41026833,1073725440,1073725440
41264833,1073725440,1073725440
41548833,1073725440,1073725440
41831833,1073725440,1073725440
42169833,1073725440,1073725440
42646833,1073725440,1073725440
43291833,1073725440,1073725440
43828833,1073725440,1073725440
44346833,1073725440,1073725440
44803833,1073725440,1073725440
45080833,1073725440,1073725440
45329833,1073725440,1073725440
45589833,1073725440,1073725440
45850833,1073725440,1073725440
46215833,1073725440,1073725440
46574833,1073725440,1073725440
47028833,1073725440,1073725440
47381833,1073725440,1073725440
47698833,1073725440,1073725440
47951833,1073725440,1073725440
48191833,1073725440,1073725440
48431833,1073725440,1073725440
48664833,1073725440,1073725440
48931833,1073725440,1073725440
49193833,1073725440,1073725440
49521833,1073725440,1073725440
49921833,1073725440,1073725440
50450833,1073725440,1073725440
50978833,1073725440,1073725440
51379833,1073725440,1073725440
51783833,1073725440,1073725440
52107833,1073725440,1073725440
52497833,1073725440,1073725440
52767833,1073725440,1073725440
53011833,1073725440,1073725440
53248833,1073725440,1073725440
53522833,1073725440,1073725440
53766833,1073725440,1073725440
54001833,1073725440,1073725440
54314833,1073725440,1073725440
54678833,1073725440,1073725440
54982833,1073725440,1073725440
55242833,1073725440,1073725440
55539833,1073725440,1073725440
55828833,1073725440,1073725440
56082833,1073725440,1073725440
56323833,1073725440,1073725440
56557833,1073725440,1073725440
56805833,1073725440,1073725440
57127833,1073725440,1073725440
57479833,1073725440,1073725440
57778833,1073725440,1073725440
58177833,1073725440,1073725440
58507833,1073725440,1073725440
58860833,1073725440,1073725440
59196833,1073725440,1073725440
59588833,1073725440,1073725440
59940833,1073725440,1073725440
