timestamp,availableTxBuffer0,availableTxBuffer1
611833,246472,246472
611833,246472,246472
829833,230874,246472
1052833,236546,250726
1361833,237964,250726
1667833,240800,250726
1919833,240800,250726
2156833,242218,250726
2388833,242218,250726
2619833,242218,250726
2849833,246472,250726
3079833,243636,250726
3309833,239382,250726
3541833,243636,250726
3790833,245054,250726
4028833,246472,250726
4262833,243636,250726
4494833,237964,250726
4726833,233710,250726
4989833,232292,250726
5281833,240800,250726
5605833,235128,250726
5882833,237964,250726
6186833,240800,250726
6440833,242218,250726
6679833,237964,250726
6912833,240800,250726
7173833,240800,250726
7414833,242218,250726
7648833,237964,250726
7880833,230874,250726
8127833,237964,250726
8444833,239382,250726
8712833,237964,250726
8955833,235128,250726
9199833,230874,250726
9471833,226620,250726
9802833,229456,250726
10202833,226620,250726
10589833,226620,250726
11012833,233710,252144
11439833,228038,250726
11788833,226620,250726
12185833,216694,250726
12608833,235128,250726
13172833,226620,250726
13587833,233710,250726
14014833,235128,250726
14323833,236546,250726
14609833,237964,250726
14872833,237964,250726
15115833,235128,250726
15354833,242218,250726
15625833,245054,250726
15878833,243636,250726
16118833,240800,250726
16352833,240800,250726
16585833,239382,250726
16816833,237964,250726
17052833,230874,250726
17296833,219530,250726
17610833,233710,250726
18037833,230874,250726
18436833,233710,250726
18786833,235128,250726
19098833,235128,252144
19390833,239382,250726
19695833,232292,250726
19956833,236546,250726
20272833,240800,250726
20554833,232292,250726
20805833,223784,250726
21135833,229456,250726
21556833,232292,250726
21939833,236546,250726
22261833,239382,250726
22531833,240800,250726
22772833,240800,250726
23006833,245054,250726
23237833,246472,250726
23468833,243636,250726
23698833,245054,250726
23930833,236546,250726
24161833,237964,250726
24445833,242218,250726
24695833,240800,250726
24932833,245054,250726
25165833,245054,250726
25396833,242218,250726
25627833,242218,250726
25862833,240800,250726
26094833,236546,250726
26324833,236546,250726
26596833,240800,250726
26859833,242218,250726
27101833,242218,250726
27336833,246472,250726
27568833,246472,250726
27799833,242218,250726
28030833,242218,250726
28273833,246472,250726
28508833,245054,250726
28741833,243636,250726
28973833,236546,250726
29205833,229456,250726
29493833,242218,250726
29841833,239382,250726
30133833,246472,250726
30384833,246472,250726
30627833,246472,250726
30864833,246472,250726
31098833,245054,250726
31330833,246472,250726
31561833,245054,250726
31792833,245054,250726
32024833,245054,250726
32255833,246472,250726
32485833,245054,250726
32715833,245054,250726
32947833,246472,250726
33182833,247890,250726
33415833,249308,250726
33647833,247890,250726
33878833,245054,250726
34109833,245054,250726
34345833,245054,250726
34584833,239382,250726
34818833,233710,250726
35088833,232292,250726
35394833,230874,250726
35721833,228038,250726
36072833,240800,250726
36467833,236546,252144
36748833,230874,250726
37014833,232292,250726
37345833,232292,250726
37680833,228038,250726
38013833,228038,250726
38404833,228038,250726
38806833,233710,250726
39210833,237964,250726
39499833,240800,250726
39747833,239382,250726
39984833,236546,250726
40228833,236546,250726
40512833,243636,250726
40779833,245054,250726
41026833,236546,250726
41264833,235128,250726
41548833,230874,250726
41831833,216694,250726
42169833,211022,250726
42646833,220948,250726
43291833,220948,250726
43828833,223784,250726
44346833,233710,250726
44803833,239382,250726
45080833,237964,250726
45329833,236546,250726
45589833,226620,250726
45850833,232292,250726
46215833,223784,250726
46574833,230874,250726
47028833,233710,250726
47381833,242218,250726
47698833,242218,250726
47951833,242218,250726
48191833,240800,250726
48431833,236546,250726
48664833,236546,250726
48931833,230874,250726
49193833,226620,250726
49521833,218112,250726
49921833,220948,250726
50450833,229456,250726
50978833,228038,250726
51379833,236546,250726
51783833,228038,250726
52107833,237964,250726
52497833,240800,250726
52767833,239382,250726
53011833,235128,250726
53248833,239382,250726
53522833,239382,250726
53766833,230874,250726
54001833,229456,250726
54314833,233710,250726
54678833,237964,250726
54982833,233710,250726
55242833,235128,250726
55539833,242218,250726
55828833,245054,250726
56082833,243636,250726
56323833,239382,250726
56557833,230874,250726
56805833,230874,250726
57127833,236546,250726
57479833,226620,250726
57778833,237964,250726
58177833,230874,250726
58507833,232292,250726
58860833,228038,250726
59196833,232292,250726
59588833,228038,250726
59940833,230874,250726
