timestamp,unAck0,unAck1
611833,5672,5672
611833,5672,5672
829833,21270,5672
1052833,15598,1418
1361833,14180,1418
1667833,11344,1418
1919833,11344,1418
2156833,9926,1418
2388833,9926,1418
2619833,9926,1418
2849833,5672,1418
3079833,8508,1418
3309833,12762,1418
3541833,8508,1418
3790833,7090,1418
4028833,5672,1418
4262833,8508,1418
4494833,14180,1418
4726833,18434,1418
4989833,19852,1418
5281833,11344,1418
5605833,17016,1418
5882833,14180,1418
6186833,11344,1418
6440833,9926,1418
6679833,14180,1418
6912833,11344,1418
7173833,11344,1418
7414833,9926,1418
7648833,14180,1418
7880833,21270,1418
8127833,14180,1418
8444833,12762,1418
8712833,14180,1418
8955833,17016,1418
9199833,21270,1418
9471833,25524,1418
9802833,22688,1418
10202833,25524,1418
10589833,25524,1418
11012833,18434,0
11439833,24106,1418
11788833,25524,1418
12185833,35450,1418
12608833,17016,1418
13172833,25524,1418
13587833,18434,1418
14014833,17016,1418
14323833,15598,1418
14609833,14180,1418
14872833,14180,1418
15115833,17016,1418
15354833,9926,1418
15625833,7090,1418
15878833,8508,1418
16118833,11344,1418
16352833,11344,1418
16585833,12762,1418
16816833,14180,1418
17052833,21270,1418
17296833,32614,1418
17610833,18434,1418
18037833,21270,1418
18436833,18434,1418
18786833,17016,1418
19098833,17016,0
19390833,12762,1418
19695833,19852,1418
19956833,15598,1418
20272833,11344,1418
20554833,19852,1418
20805833,28360,1418
21135833,22688,1418
21556833,19852,1418
21939833,15598,1418
22261833,12762,1418
22531833,11344,1418
22772833,11344,1418
23006833,7090,1418
23237833,5672,1418
23468833,8508,1418
23698833,7090,1418
23930833,15598,1418
24161833,14180,1418
24445833,9926,1418
24695833,11344,1418
24932833,7090,1418
25165833,7090,1418
25396833,9926,1418
25627833,9926,1418
25862833,11344,1418
26094833,15598,1418
26324833,15598,1418
26596833,11344,1418
26859833,9926,1418
27101833,9926,1418
27336833,5672,1418
27568833,5672,1418
27799833,9926,1418
28030833,9926,1418
28273833,5672,1418
28508833,7090,1418
28741833,8508,1418
28973833,15598,1418
29205833,22688,1418
29493833,9926,1418
29841833,12762,1418
30133833,5672,1418
30384833,5672,1418
30627833,5672,1418
30864833,5672,1418
31098833,7090,1418
31330833,5672,1418
31561833,7090,1418
31792833,7090,1418
32024833,7090,1418
32255833,5672,1418
32485833,7090,1418
32715833,7090,1418
32947833,5672,1418
33182833,4254,1418
33415833,2836,1418
33647833,4254,1418
33878833,7090,1418
34109833,7090,1418
34345833,7090,1418
34584833,12762,1418
34818833,18434,1418
35088833,19852,1418
35394833,21270,1418
35721833,24106,1418
36072833,11344,1418
36467833,15598,0
36748833,21270,1418
37014833,19852,1418
37345833,19852,1418
37680833,24106,1418
38013833,24106,1418
38404833,24106,1418
38806833,18434,1418
39210833,14180,1418
39499833,11344,1418
39747833,12762,1418
39984833,15598,1418
40228833,15598,1418
40512833,8508,1418
40779833,7090,1418
41026833,15598,1418
41264833,17016,1418
41548833,21270,1418
41831833,35450,1418
42169833,41122,1418
42646833,31196,1418
43291833,31196,1418
43828833,28360,1418
44346833,18434,1418
44803833,12762,1418
45080833,14180,1418
45329833,15598,1418
45589833,25524,1418
45850833,19852,1418
46215833,28360,1418
46574833,21270,1418
47028833,18434,1418
47381833,9926,1418
47698833,9926,1418
47951833,9926,1418
48191833,11344,1418
48431833,15598,1418
48664833,15598,1418
48931833,21270,1418
49193833,25524,1418
49521833,34032,1418
49921833,31196,1418
50450833,22688,1418
50978833,24106,1418
51379833,15598,1418
51783833,24106,1418
52107833,14180,1418
52497833,11344,1418
52767833,12762,1418
53011833,17016,1418
53248833,12762,1418
53522833,12762,1418
53766833,21270,1418
54001833,22688,1418
54314833,18434,1418
54678833,14180,1418
54982833,18434,1418
55242833,17016,1418
55539833,9926,1418
55828833,7090,1418
56082833,8508,1418
56323833,12762,1418
56557833,21270,1418
56805833,21270,1418
57127833,15598,1418
57479833,25524,1418
57778833,14180,1418
58177833,21270,1418
58507833,19852,1418
58860833,24106,1418
59196833,19852,1418
59588833,24106,1418
59940833,21270,1418
