timestamp,lastAckedSeq,highTxMark,availableTxBuffer,nextTxSeq,totalCwnd,unAckMeta
611833,5673,17017,1158,17017,11344,11344
611833,5673,17017,1158,17017,23242,11344
829833,11345,38287,1158,38287,23242,26942
1052833,29779,46795,1158,46795,17945,17016
1361833,49631,65229,1158,65229,16456,15598
1667833,68065,80827,1158,80827,13605,12762
1919833,82245,95007,1158,95007,13517,12762
2156833,95007,106351,1158,106351,12147,11344
2388833,106351,117695,1158,117695,12216,11344
2619833,117695,129039,1158,129039,12041,11344
2849833,129039,136129,1158,136129,7756,7090
3079833,136129,146055,1158,146055,10456,9926
3309833,146055,160235,1158,160235,14751,14180
3541833,160235,170161,1158,170161,11361,9926
3790833,170161,178669,1158,178669,8755,8508
4028833,178669,185759,1158,185759,8379,7090
4262833,187177,197103,1158,197103,10135,9926
4494833,197103,212701,1158,212701,16777,15598
4726833,211283,231135,1158,231135,19947,19852
4989833,228299,249569,1158,249569,21991,21270
5281833,248151,260913,1158,260913,13291,12762
5605833,266585,286437,2576,286437,20700,19852
5882833,283601,300617,1158,300617,16650,17016
6186833,302035,314797,1158,314797,14075,12762
6440833,314797,326141,1158,326141,12394,11344
6679833,327559,343157,1158,343157,16798,15598
6912833,343157,355919,1158,355919,14198,12762
7173833,355919,368681,1158,368681,13547,12762
7414833,368681,380025,1158,380025,12569,11344
7648833,381443,397041,1158,397041,16755,15598
7880833,395623,418311,1158,418311,23873,22688
8127833,412639,428237,1158,428237,16243,15598
8444833,432491,446671,1158,446671,15036,14180
8712833,449507,465105,1158,465105,16059,15598
8955833,465105,483539,1158,483539,18588,18434
9199833,480703,503391,1158,503391,23867,22688
9471833,499137,526079,2576,526079,27741,26942
9802833,518989,543095,1158,543095,25183,24106
10202833,544513,572873,1158,572873,27276,28360
10589833,570037,598397,1158,598397,27218,28360
11012833,598397,618249,1158,618249,21339,19852
11439833,626757,652281,1158,652281,26326,25524
11788833,649445,677805,1158,677805,27729,28360
12185833,674969,711837,1158,711837,37021,36868
12608833,701911,721763,1158,721763,19134,19852
13172833,740197,768557,1158,768557,27969,28360
13587833,765721,786991,1158,786991,20611,21270
14014833,795499,813933,1158,813933,19129,18434
14323833,815351,832367,1158,832367,17629,17016
14609833,835203,850801,1158,850801,16754,15598
14872833,852219,867817,1158,867817,15965,15598
15115833,867817,886251,1158,886251,18596,18434
15354833,881997,894759,1158,894759,11722,12762
15625833,894759,903267,1158,903267,9489,8508
15878833,904685,914611,1158,914611,10059,9926
16118833,916029,928791,1158,928791,12876,12762
16352833,928791,941553,1158,941553,13021,12762
16585833,941553,955733,1158,955733,14304,14180
16816833,955733,971331,1158,971331,17073,15598
17052833,971331,994019,1158,994019,23178,22688
17296833,985511,1020961,1158,1020961,35348,35450
17610833,1005363,1026633,1158,1026633,20592,21270
18037833,1035141,1057829,1158,1057829,22922,22688
18436833,1060665,1081935,1158,1081935,20367,21270
18786833,1083353,1101787,1158,1101787,19902,18434
19098833,1104623,1123057,2576,1123057,19934,18434
19390833,1124475,1138655,1158,1138655,14318,14180
19695833,1142909,1164179,1158,1164179,22069,21270
19956833,1159925,1176941,1158,1176941,18296,17016
20272833,1176941,1189703,1158,1189703,12887,12762
20554833,1193957,1216645,1158,1216645,21833,22688
20805833,1209555,1240751,1158,1240751,30524,31196
21135833,1230825,1256349,1158,1256349,24756,25524
21556833,1259185,1281873,1158,1281873,21561,22688
21939833,1284709,1301725,1158,1301725,17389,17016
22261833,1304561,1318741,1158,1318741,14827,14180
22531833,1320159,1332921,1158,1332921,13252,12762
22772833,1332921,1345683,1158,1345683,12889,12762
23006833,1345683,1354191,1158,1354191,9083,8508
23237833,1354191,1361281,1158,1361281,8456,7090
23468833,1361281,1371207,1158,1371207,10123,9926
23698833,1371207,1379715,1158,1379715,9587,8508
23930833,1379715,1396731,1158,1396731,17189,17016
24161833,1395313,1410911,1158,1410911,17055,15598
24445833,1410911,1422255,1158,1422255,12262,11344
24695833,1423673,1436435,1158,1436435,13539,12762
24932833,1436435,1444943,1158,1444943,9306,8508
25165833,1444943,1453451,1158,1453451,9730,8508
25396833,1454869,1466213,2576,1466213,13317,11344
25627833,1466213,1477557,1158,1477557,12368,11344
25862833,1478975,1491737,1158,1491737,13818,12762
26094833,1491737,1508753,1158,1508753,17278,17016
26324833,1505917,1522933,1158,1522933,17828,17016
26596833,1522933,1535695,1158,1535695,14044,12762
26859833,1535695,1547039,1158,1547039,12227,11344
27101833,1547039,1558383,1158,1558383,12835,11344
27336833,1558383,1565473,1158,1565473,7526,7090
27568833,1565473,1572563,1158,1572563,8465,7090
27799833,1573981,1585325,2576,1585325,12957,11344
28030833,1585325,1596669,1158,1596669,11513,11344
28273833,1596669,1603759,1158,1603759,8099,7090
28508833,1605177,1613685,1158,1613685,8925,8508
28741833,1613685,1623611,1158,1623611,10921,9926
28973833,1623611,1640627,1158,1640627,18203,17016
29205833,1637791,1661897,1158,1661897,24335,24106
29493833,1657643,1670405,1158,1670405,12564,12762
29841833,1676077,1690257,1158,1690257,15625,14180
30133833,1690257,1697347,1158,1697347,7977,7090
30384833,1697347,1704437,1158,1704437,7628,7090
30627833,1704437,1711527,1158,1711527,8492,7090
30864833,1712945,1720035,1158,1720035,8387,7090
31098833,1721453,1729961,1158,1729961,8952,8508
31330833,1729961,1737051,1158,1737051,8399,7090
31561833,1737051,1745559,1158,1745559,9012,8508
31792833,1745559,1754067,1158,1754067,9624,8508
32024833,1754067,1762575,1158,1762575,9458,8508
32255833,1762575,1769665,1158,1769665,7366,7090
32485833,1769665,1778173,1158,1778173,8968,8508
32715833,1778173,1786681,2576,1786681,10936,8508
32947833,1786681,1793771,1158,1793771,8313,7090
33182833,1793771,1799443,1158,1799443,6227,5672
33415833,1799443,1803697,1158,1803697,5522,4254
33647833,1805115,1810787,1158,1810787,6657,5672
33878833,1810787,1819295,1158,1819295,8877,8508
34109833,1819295,1827803,2576,1827803,10308,8508
34345833,1827803,1836311,1158,1836311,8733,8508
34584833,1837729,1851909,1158,1851909,14581,14180
34818833,1851909,1871761,1158,1871761,20206,19852
35088833,1867507,1890195,1158,1890195,22141,22688
35394833,1888777,1911465,1158,1911465,23720,22688
35721833,1910047,1935571,1158,1935571,26302,25524
36072833,1932735,1946915,2576,1946915,15123,14180
36467833,1956841,1973857,1158,1973857,17576,17016
36748833,1975275,1999381,1158,1999381,23220,24106
37014833,1992291,2014979,1158,2014979,21731,22688
37345833,2014979,2036249,1158,2036249,21600,21270
37680833,2036249,2063191,1158,2063191,25759,26942
38013833,2057519,2084461,1158,2084461,26454,26942
38404833,2083043,2109985,1158,2109985,26454,26942
38806833,2109985,2129837,1158,2129837,20804,19852
39210833,2136927,2152525,1158,2152525,16150,15598
39499833,2153943,2166705,1158,2166705,13677,12762
39747833,2166705,2180885,1158,2180885,15271,14180
39984833,2182303,2199319,2576,2199319,19340,17016
40228833,2197901,2214917,1158,2214917,18354,17016
40512833,2216335,2226261,1158,2226261,10865,9926
40779833,2226261,2234769,1158,2234769,9678,8508
41026833,2236187,2253203,1158,2253203,17887,17016
41264833,2251785,2270219,1158,2270219,18963,18434
41548833,2270219,2292907,1158,2292907,22925,22688
41831833,2288653,2325521,1158,2325521,38116,36868
42169833,2308505,2353881,1158,2353881,43785,45376
42646833,2339701,2375151,1158,2375151,34086,35450
43291833,2382241,2416273,1158,2416273,33151,34032
43828833,2419109,2450305,2576,2450305,30892,31196
44346833,2451723,2472993,1158,2472993,20448,21270
44803833,2482919,2497099,1158,2497099,15487,14180
45080833,2499935,2515533,2576,2515533,17875,15598
45329833,2515533,2532549,1158,2532549,18088,17016
45589833,2532549,2559491,1158,2559491,27583,26942
45850833,2548147,2570835,1158,2570835,21702,22688
46215833,2572253,2603449,1158,2603449,30809,31196
46574833,2594941,2619047,1158,2619047,23475,24106
47028833,2626137,2645989,1158,2645989,21294,19852
47381833,2645989,2657333,1158,2657333,12381,11344
47698833,2663005,2674349,1158,2674349,12531,11344
47951833,2675767,2687111,2576,2687111,13712,11344
48191833,2688529,2701291,1158,2701291,13620,12762
48431833,2701291,2718307,1158,2718307,17982,17016
48664833,2716889,2733905,1158,2733905,17919,17016
48931833,2733905,2756593,1158,2756593,24002,22688
49193833,2750921,2777863,1158,2777863,27716,26942
49521833,2772191,2809059,1158,2809059,36451,36868
49921833,2797715,2831747,1158,2831747,33460,34032
50450833,2833165,2857271,1158,2857271,24226,24106
50978833,2867197,2894139,1158,2894139,25899,26942
51379833,2894139,2911155,1158,2911155,17786,17016
51783833,2919663,2946605,1158,2946605,26334,26942
52107833,2940933,2956531,1158,2956531,15821,15598
52497833,2965039,2977801,1158,2977801,13497,12762
52767833,2979219,2993399,1158,2993399,14533,14180
53011833,2994817,3013251,1158,3013251,19184,18434
53248833,3010415,3024595,1158,3024595,15492,14180
53522833,3027431,3041611,1158,3041611,15567,14180
53766833,3041611,3064299,1158,3064299,23575,22688
54001833,3057209,3081315,1158,3081315,25160,24106
54314833,3077061,3098331,1158,3098331,21286,21270
54678833,3101167,3116765,1158,3116765,16879,15598
54982833,3121019,3142289,1158,3142289,20493,21270
55242833,3138035,3157887,1158,3157887,19009,19852
55539833,3157887,3169231,1158,3169231,11875,11344
55828833,3169231,3177739,1158,3177739,9018,8508
56082833,3179157,3189083,1158,3189083,11234,9926
56323833,3190501,3204681,1158,3204681,15631,14180
56557833,3204681,3227369,1158,3227369,22826,22688
56805833,3220279,3242967,1158,3242967,23763,22688
57127833,3241549,3259983,1158,3259983,17964,18434
57479833,3265655,3292597,1158,3292597,27089,26942
57778833,3284089,3299687,1158,3299687,15907,15598
58177833,3311031,3333719,1158,3333719,23484,22688
58507833,3332301,3353571,1158,3353571,22180,21270
58860833,3353571,3380513,1158,3380513,26768,26942
59196833,3376259,3397529,1158,3397529,21546,21270
59588833,3401783,3428725,1158,3428725,26659,26942
59940833,3425889,3448577,1158,3448577,23553,22688
