timestamp,cWnd0,cWnd1
611833,5672,5672
611833,25066,1500
829833,25066,1500
1052833,38682,1500
1361833,19837,1500
1812833,19304,1500
2272833,18442,1500
2593833,8198,1500
2904833,11137,1500
3169833,6486,1500
3413833,6086,1500
3651833,8545,1500
3885833,6191,1500
4118833,5791,1500
4350833,7815,1500
4581833,9782,1500
4812833,9191,1500
5045833,11991,1500
5276833,18094,1500
5526833,18995,1500
5827833,18901,1500
6133833,19029,1500
6441833,22179,1500
6749833,16429,1500
7096833,13132,1500
7365833,8990,1500
7607833,10705,1500
7842833,11394,1500
8074833,15424,1500
8305833,24893,1500
8553833,22517,1500
8886833,19673,1500
9250833,24893,1500
9572833,13899,1500
9963833,18333,1500
10258833,19799,1500
10545833,21752,1500
10850833,13813,1500
11195833,10566,1500
11460833,11956,1500
11704833,13731,1500
11946833,14448,1500
12186833,12491,1500
12430833,12838,1500
12666833,9534,1500
12898833,4903,1500
13129833,6722,1500
13360833,11022,1500
13592833,11486,1500
13838833,11326,1500
14081833,14527,1500
14316833,13598,1500
14566833,11231,1500
14803833,11765,1500
15036833,19318,1500
15267833,20311,1500
15561833,14496,1500
15884833,14517,1500
16141833,14851,1500
16383833,19800,1500
16622833,18207,1500
16907833,7279,1500
17195833,13834,1500
17456833,12181,1500
17699833,11924,1500
17934833,8814,1500
18166833,12035,1500
18397833,12361,1500
18629833,16589,1500
18860833,25189,1500
19126833,23975,1500
19470833,20058,1500
19850833,20345,1500
20189833,16777,1500
20522833,17165,1500
20802833,17556,1500
21086833,20496,1500
21371833,13818,1500
21692833,14649,1500
21950833,12498,1500
22192833,16759,1500
22426833,14055,1500
22685833,26419,1500
22926833,35323,1500
23279833,14273,1500
23755833,14378,1500
24062833,13263,1500
24311833,16738,1500
24548833,19163,1500
24811833,13212,1500
25106833,8293,1500
25359833,5230,1500
25601833,4901,1500
25839833,8211,1500
26074833,9433,1500
26308833,6904,1500
26543833,10087,1500
26776833,14125,1500
27016833,15085,1500
27271833,9465,1500
27521833,5871,1500
27760833,4002,1500
27996833,5869,1500
28230833,6551,1500
28464833,5417,1500
28696833,6459,1500
28928833,8357,1500
29160833,5193,1500
29394833,4637,1500
29627833,4828,1500
29859833,4589,1500
30090833,5288,1500
30320833,9674,1500
30550833,11539,1500
30788833,8612,1500
31034833,6056,1500
31271833,8380,1500
31504833,10013,1500
31736833,12503,1500
31970833,17500,1500
32206833,16751,1500
32498833,20544,1500
32769833,19385,1500
33086833,20344,1500
33398833,22997,1500
33727833,15463,1500
34097833,11658,1500
34362833,13383,1500
34605833,19600,1500
34843833,21716,1500
35134833,14144,1500
35470833,16431,1500
35745833,14870,1500
36009833,15681,1500
36254833,21304,1500
36511833,19506,1500
36832833,15311,1500
37139833,11799,1500
37391833,9969,1500
37629833,14527,1500
37862833,19220,1500
38118833,31676,1500
38409833,21192,1500
38812833,32447,1500
39216833,14814,1500
39721833,19683,1500
40041833,23756,1500
40352833,30771,1500
40718833,25809,1500
41182833,24085,1500
41608833,27369,1500
42000833,34208,1500
42445833,38335,1500
42997833,37001,1500
43631833,43570,1500
44251833,27191,1500
44962833,31819,1500
45473833,26751,1500
45996833,45530,1500
46448833,27159,1500
47163833,25398,1500
47610833,26747,1500
48021833,15278,1500
48447833,12564,1500
48706833,10551,1500
48946833,6824,1500
49180833,11551,1500
49412833,14796,1500
49651833,8060,1500
49908833,10499,1500
50153833,8875,1500
50392833,15098,1500
50626833,14451,1500
50871833,15264,1500
51110833,14962,1500
51348833,13515,1500
51585833,15792,1500
51817833,18398,1500
52070833,21853,1500
52346833,23644,1500
52679833,30339,1500
53050833,29125,1500
53520833,17214,1500
53997833,17302,1500
54295833,19947,1500
54583833,19320,1500
54906833,19177,1500
55218833,21250,1500
55527833,19750,1500
55855833,16369,1500
56161833,12602,1500
56432833,12515,1500
56675833,11889,1500
56909833,12898,1500
57140833,7638,1500
57380833,7165,1500
57615833,10007,1500
57848833,10865,1500
58081833,11903,1500
58312833,9949,1500
58545833,12282,1500
58776833,9081,1500
59006833,11148,1500
59236833,13046,1500
59467833,10967,1500
59704833,10708,1500
59937833,14841,1500
