timestamp,rtt0,rtt1
611833,218,184
611833,218,184
829833,223,184
1052833,309,219
1361833,451,221
1812833,460,223
2272833,321,224
2593833,311,226
2904833,265,226
3169833,244,227
3413833,238,227
3651833,234,227
3885833,233,228
4118833,232,228
4350833,231,228
4581833,231,228
4812833,233,228
5045833,231,229
5276833,250,229
5526833,301,229
5827833,306,229
6133833,308,229
6441833,308,229
6749833,347,229
7096833,269,229
7365833,242,229
7607833,235,229
7842833,232,229
8074833,231,230
8305833,248,230
8553833,333,230
8886833,364,230
9250833,322,230
9572833,391,230
9963833,295,230
10258833,287,230
10545833,305,230
10850833,345,230
11195833,265,230
11460833,244,230
11704833,242,230
11946833,240,230
12186833,244,230
12430833,236,230
12666833,232,230
12898833,231,230
13129833,231,230
13360833,232,230
13592833,246,230
13838833,243,230
14081833,235,230
14316833,250,230
14566833,237,230
14803833,233,230
15036833,231,230
15267833,294,230
15561833,323,230
15884833,257,230
16141833,242,230
16383833,239,230
16622833,285,230
16907833,288,230
17195833,261,230
17456833,243,230
17699833,235,230
17934833,232,230
18166833,231,230
18397833,232,230
18629833,231,230
18860833,266,230
19126833,344,230
19470833,380,230
19850833,339,230
20189833,333,230
20522833,280,230
20802833,284,230
21086833,285,230
21371833,321,230
21692833,258,230
21950833,242,230
22192833,234,230
22426833,259,230
22685833,241,230
22926833,353,230
23279833,476,230
23755833,307,230
24062833,249,230
24311833,237,230
24548833,263,230
24811833,295,230
25106833,253,230
25359833,242,230
25601833,238,230
25839833,235,230
26074833,234,230
26308833,235,230
26543833,233,230
26776833,240,230
27016833,255,230
27271833,250,230
27521833,239,230
27760833,236,230
27996833,234,230
28230833,234,230
28464833,232,230
28696833,232,230
28928833,232,230
29160833,234,230
29394833,233,230
29627833,232,230
29859833,231,230
30090833,230,230
30320833,230,230
30550833,238,230
30788833,246,230
31034833,237,230
31271833,233,230
31504833,232,230
31736833,234,230
31970833,236,230
32206833,292,230
32498833,271,230
32769833,317,230
33086833,312,230
33398833,329,230
33727833,370,230
34097833,265,230
34362833,243,230
34605833,238,230
34843833,291,230
35134833,336,230
35470833,275,230
35745833,264,230
36009833,245,230
36254833,257,230
36511833,321,230
36832833,307,230
37139833,252,230
37391833,238,230
37629833,233,230
37862833,256,230
38118833,291,230
38409833,403,230
38812833,404,230
39216833,505,230
39721833,320,230
40041833,311,230
40352833,366,230
40718833,464,230
41182833,426,230
41608833,392,230
42000833,445,230
42445833,552,230
42997833,634,230
43631833,620,230
44251833,711,230
44962833,511,230
45473833,523,230
45996833,452,230
46448833,715,230
47163833,447,230
47610833,411,230
48021833,426,230
48447833,259,230
48706833,240,230
48946833,234,230
49180833,232,230
49412833,239,230
49651833,257,230
49908833,245,230
50153833,239,230
50392833,234,230
50626833,245,230
50871833,239,230
51110833,238,230
51348833,237,230
51585833,232,230
51817833,253,230
52070833,276,230
52346833,333,230
52679833,371,230
53050833,470,230
53520833,477,230
53997833,298,230
54295833,288,230
54583833,323,230
54906833,312,230
55218833,309,230
55527833,328,230
55855833,306,230
56161833,271,230
56432833,243,230
56675833,234,230
56909833,231,230
57140833,240,230
57380833,235,230
57615833,233,230
57848833,233,230
58081833,231,230
58312833,233,230
58545833,231,230
58776833,230,230
59006833,230,230
59236833,231,230
59467833,237,230
59704833,233,230
59937833,231,230
