timestamp,unAck0,unAck1
611833,5672,5672
611833,5672,5672
829833,24106,5672
1052833,38286,1418
1361833,19852,1418
1812833,18434,1418
2272833,18434,1418
2593833,7090,1418
2904833,9926,1418
3169833,5672,1418
3413833,5672,1418
3651833,8508,1418
3885833,5672,1418
4118833,5672,1418
4350833,7090,1418
4581833,8508,1418
4812833,8508,1418
5045833,11344,1418
5276833,17016,1418
5526833,17016,1418
5827833,18434,1418
6133833,18434,1418
6441833,21270,1418
6749833,15598,1418
7096833,12762,1418
7365833,8508,1418
7607833,9926,1418
7842833,11344,1418
8074833,14180,1418
8305833,24106,1418
8553833,21270,1418
8886833,18434,0
9250833,24106,1418
9572833,12762,1418
9963833,17016,1418
10258833,18434,1418
10545833,21270,1418
10850833,12762,1418
11195833,9926,1418
11460833,11344,1418
11704833,12762,1418
11946833,14180,1418
12186833,11344,1418
12430833,12762,1418
12666833,8508,1418
12898833,4254,1418
13129833,5672,1418
13360833,9926,1418
13592833,11344,1418
13838833,9926,1418
14081833,14180,1418
14316833,11344,1418
14566833,9926,1418
14803833,11344,1418
15036833,18434,1418
15267833,19852,1418
15561833,14180,1418
15884833,14180,1418
16141833,14180,1418
16383833,18434,1418
16622833,17016,1418
16907833,7090,0
17195833,11344,1418
17456833,11344,1418
17699833,11344,1418
17934833,8508,1418
18166833,11344,1418
18397833,11344,1418
18629833,15598,1418
18860833,24106,1418
19126833,22688,1418
19470833,19852,1418
19850833,19852,1418
20189833,15598,1418
20522833,17016,1418
20802833,15598,1418
21086833,19852,1418
21371833,12762,1418
21692833,14180,1418
21950833,11344,1418
22192833,15598,1418
22426833,12762,1418
22685833,25524,1418
22926833,34032,1418
23279833,14180,1418
23755833,14180,1418
24062833,12762,1418
24311833,15598,1418
24548833,17016,1418
24811833,12762,1418
25106833,7090,1418
25359833,4254,1418
25601833,4254,1418
25839833,7090,1418
26074833,8508,1418
26308833,5672,1418
26543833,9926,1418
26776833,12762,1418
27016833,14180,1418
27271833,8508,1418
27521833,5672,1418
27760833,2836,1418
27996833,5672,1418
28230833,5672,1418
28464833,4254,1418
28696833,5672,1418
28928833,7090,1418
29160833,4254,1418
29394833,4254,1418
29627833,4254,1418
29859833,4254,1418
30090833,4254,1418
30320833,8508,1418
30550833,11344,1418
30788833,8508,1418
31034833,5672,1418
31271833,7090,1418
31504833,9926,1418
31736833,11344,1418
31970833,17016,1418
32206833,15598,1418
32498833,19852,1418
32769833,18434,1418
33086833,19852,1418
33398833,22688,1418
33727833,12762,1418
34097833,11344,1418
34362833,12762,1418
34605833,18434,1418
34843833,21270,1418
35134833,12762,1418
35470833,15598,1418
35745833,14180,1418
36009833,15598,1418
36254833,21270,1418
36511833,18434,1418
36832833,14180,1418
37139833,11344,1418
37391833,9926,1418
37629833,14180,1418
37862833,18434,1418
38118833,31196,1418
38409833,19852,1418
38812833,31196,1418
39216833,14180,1418
39721833,18434,0
40041833,22688,1418
40352833,29778,1418
40718833,25524,1418
41182833,22688,1418
41608833,25524,1418
42000833,34032,1418
42445833,38286,1418
42997833,36868,1418
43631833,42540,1418
44251833,26942,0
44962833,31196,1418
45473833,25524,1418
45996833,45376,1418
46448833,26942,1418
47163833,24106,1418
47610833,25524,1418
48021833,14180,1418
48447833,11344,1418
48706833,9926,1418
48946833,5672,1418
49180833,11344,1418
49412833,14180,1418
49651833,7090,1418
49908833,9926,1418
50153833,8508,1418
50392833,14180,1418
50626833,14180,1418
50871833,14180,1418
51110833,14180,1418
51348833,12762,1418
51585833,15598,1418
51817833,17016,1418
52070833,21270,1418
52346833,22688,1418
52679833,28360,1418
53050833,28360,1418
53520833,17016,1418
53997833,17016,1418
54295833,19852,1418
54583833,18434,1418
54906833,18434,1418
55218833,19852,1418
55527833,18434,1418
55855833,15598,1418
56161833,11344,1418
56432833,11344,1418
56675833,11344,1418
56909833,12762,1418
57140833,7090,1418
57380833,7090,1418
57615833,9926,1418
57848833,9926,1418
58081833,9926,1418
58312833,9926,1418
58545833,11344,1418
58776833,8508,1418
59006833,8508,1418
59236833,12762,1418
59467833,9926,1418
59704833,9926,1418
59937833,14180,1418
