timestamp,availableTxBuffer0,availableTxBuffer1
611833,246472,246472
611833,246472,246472
829833,228038,246472
1052833,213858,250726
1361833,232292,250726
1812833,233710,250726
2272833,233710,250726
2593833,245054,250726
2904833,242218,250726
3169833,246472,250726
3413833,246472,250726
3651833,243636,250726
3885833,246472,250726
4118833,246472,250726
4350833,245054,250726
4581833,243636,250726
4812833,243636,250726
5045833,240800,250726
5276833,235128,250726
5526833,235128,250726
5827833,233710,250726
6133833,233710,250726
6441833,230874,250726
6749833,236546,250726
7096833,239382,250726
7365833,243636,250726
7607833,242218,250726
7842833,240800,250726
8074833,237964,250726
8305833,228038,250726
8553833,230874,250726
8886833,233710,252144
9250833,228038,250726
9572833,239382,250726
9963833,235128,250726
10258833,233710,250726
10545833,230874,250726
10850833,239382,250726
11195833,242218,250726
11460833,240800,250726
11704833,239382,250726
11946833,237964,250726
12186833,240800,250726
12430833,239382,250726
12666833,243636,250726
12898833,247890,250726
13129833,246472,250726
13360833,242218,250726
13592833,240800,250726
13838833,242218,250726
14081833,237964,250726
14316833,240800,250726
14566833,242218,250726
14803833,240800,250726
15036833,233710,250726
15267833,232292,250726
15561833,237964,250726
15884833,237964,250726
16141833,237964,250726
16383833,233710,250726
16622833,235128,250726
16907833,245054,252144
17195833,240800,250726
17456833,240800,250726
17699833,240800,250726
17934833,243636,250726
18166833,240800,250726
18397833,240800,250726
18629833,236546,250726
18860833,228038,250726
19126833,229456,250726
19470833,232292,250726
19850833,232292,250726
20189833,236546,250726
20522833,235128,250726
20802833,236546,250726
21086833,232292,250726
21371833,239382,250726
21692833,237964,250726
21950833,240800,250726
22192833,236546,250726
22426833,239382,250726
22685833,226620,250726
22926833,218112,250726
23279833,237964,250726
23755833,237964,250726
24062833,239382,250726
24311833,236546,250726
24548833,235128,250726
24811833,239382,250726
25106833,245054,250726
25359833,247890,250726
25601833,247890,250726
25839833,245054,250726
26074833,243636,250726
26308833,246472,250726
26543833,242218,250726
26776833,239382,250726
27016833,237964,250726
27271833,243636,250726
27521833,246472,250726
27760833,249308,250726
27996833,246472,250726
28230833,246472,250726
28464833,247890,250726
28696833,246472,250726
28928833,245054,250726
29160833,247890,250726
29394833,247890,250726
29627833,247890,250726
29859833,247890,250726
30090833,247890,250726
30320833,243636,250726
30550833,240800,250726
30788833,243636,250726
31034833,246472,250726
31271833,245054,250726
31504833,242218,250726
31736833,240800,250726
31970833,235128,250726
32206833,236546,250726
32498833,232292,250726
32769833,233710,250726
33086833,232292,250726
33398833,229456,250726
33727833,239382,250726
34097833,240800,250726
34362833,239382,250726
34605833,233710,250726
34843833,230874,250726
35134833,239382,250726
35470833,236546,250726
35745833,237964,250726
36009833,236546,250726
36254833,230874,250726
36511833,233710,250726
36832833,237964,250726
37139833,240800,250726
37391833,242218,250726
37629833,237964,250726
37862833,233710,250726
38118833,220948,250726
38409833,232292,250726
38812833,220948,250726
39216833,237964,250726
39721833,233710,252144
40041833,229456,250726
40352833,222366,250726
40718833,226620,250726
41182833,229456,250726
41608833,226620,250726
42000833,218112,250726
42445833,213858,250726
42997833,215276,250726
43631833,209604,250726
44251833,225202,252144
44962833,220948,250726
45473833,226620,250726
45996833,206768,250726
46448833,225202,250726
47163833,228038,250726
47610833,226620,250726
48021833,237964,250726
48447833,240800,250726
48706833,242218,250726
48946833,246472,250726
49180833,240800,250726
49412833,237964,250726
49651833,245054,250726
49908833,242218,250726
50153833,243636,250726
50392833,237964,250726
50626833,237964,250726
50871833,237964,250726
51110833,237964,250726
51348833,239382,250726
51585833,236546,250726
51817833,235128,250726
52070833,230874,250726
52346833,229456,250726
52679833,223784,250726
53050833,223784,250726
53520833,235128,250726
53997833,235128,250726
54295833,232292,250726
54583833,233710,250726
54906833,233710,250726
55218833,232292,250726
55527833,233710,250726
55855833,236546,250726
56161833,240800,250726
56432833,240800,250726
56675833,240800,250726
56909833,239382,250726
57140833,245054,250726
57380833,245054,250726
57615833,242218,250726
57848833,242218,250726
58081833,242218,250726
58312833,242218,250726
58545833,240800,250726
58776833,243636,250726
59006833,243636,250726
59236833,239382,250726
59467833,242218,250726
59704833,242218,250726
59937833,237964,250726
