timestamp,rWnd0,rWnd1
611833,1073725440,1073725440
611833,1073725440,1073725440
829833,1073725440,1073725440
1052833,1073725440,1073725440
1361833,1073725440,1073725440
1812833,1073725440,1073725440
2272833,1073725440,1073725440
2593833,1073725440,1073725440
2904833,1073725440,1073725440
3169833,1073725440,1073725440
3413833,1073725440,1073725440
3651833,1073725440,1073725440
3885833,1073725440,1073725440
4118833,1073725440,1073725440
4350833,1073725440,1073725440
4581833,1073725440,1073725440
4812833,1073725440,1073725440
5045833,1073725440,1073725440
5276833,1073725440,1073725440
5526833,1073725440,1073725440
5827833,1073725440,1073725440
6133833,1073725440,1073725440
6441833,1073725440,1073725440
6749833,1073725440,1073725440
7096833,1073725440,1073725440
7365833,1073725440,1073725440
7607833,1073725440,1073725440
7842833,1073725440,1073725440
8074833,1073725440,1073725440
8305833,1073725440,1073725440
8553833,1073725440,1073725440
8886833,1073725440,1073725440
9250833,1073725440,1073725440
9572833,1073725440,1073725440
9963833,1073725440,1073725440
10258833,1073725440,1073725440
10545833,1073725440,1073725440
10850833,1073725440,1073725440
11195833,1073725440,1073725440
11460833,1073725440,1073725440
11704833,1073725440,1073725440
11946833,1073725440,1073725440
12186833,1073725440,1073725440
12430833,1073725440,1073725440
12666833,1073725440,1073725440
12898833,1073725440,1073725440
13129833,1073725440,1073725440
13360833,1073725440,1073725440
13592833,1073725440,1073725440
13838833,1073725440,1073725440
14081833,1073725440,1073725440
14316833,1073725440,1073725440
14566833,1073725440,1073725440
14803833,1073725440,1073725440
15036833,1073725440,1073725440
15267833,1073725440,1073725440
15561833,1073725440,1073725440
15884833,1073725440,1073725440
16141833,1073725440,1073725440
16383833,1073725440,1073725440
16622833,1073725440,1073725440
16907833,1073725440,1073725440
17195833,1073725440,1073725440
17456833,1073725440,1073725440
17699833,1073725440,1073725440
17934833,1073725440,1073725440
18166833,1073725440,1073725440
18397833,1073725440,1073725440
18629833,1073725440,1073725440
18860833,1073725440,1073725440
19126833,1073725440,1073725440
19470833,1073725440,1073725440
19850833,1073725440,1073725440
20189833,1073725440,1073725440
20522833,1073725440,1073725440
20802833,1073725440,1073725440
21086833,1073725440,1073725440
21371833,1073725440,1073725440
21692833,1073725440,1073725440
21950833,1073725440,1073725440
22192833,1073725440,1073725440
22426833,1073725440,1073725440
22685833,1073725440,1073725440
22926833,1073725440,1073725440
23279833,1073725440,1073725440
23755833,1073725440,1073725440
24062833,1073725440,1073725440
24311833,1073725440,1073725440
24548833,1073725440,1073725440
24811833,1073725440,1073725440
25106833,1073725440,1073725440
25359833,1073725440,1073725440
25601833,1073725440,1073725440
25839833,1073725440,1073725440
26074833,1073725440,1073725440
26308833,1073725440,1073725440
26543833,1073725440,1073725440
26776833,1073725440,1073725440
27016833,1073725440,1073725440
27271833,1073725440,1073725440
27521833,1073725440,1073725440
27760833,1073725440,1073725440
27996833,1073725440,1073725440
28230833,1073725440,1073725440
28464833,1073725440,1073725440
28696833,1073725440,1073725440
28928833,1073725440,1073725440
29160833,1073725440,1073725440
29394833,1073725440,1073725440
29627833,1073725440,1073725440
29859833,1073725440,1073725440
30090833,1073725440,1073725440
30320833,1073725440,1073725440
30550833,1073725440,1073725440
30788833,1073725440,1073725440
31034833,1073725440,1073725440
31271833,1073725440,1073725440
31504833,1073725440,1073725440
31736833,1073725440,1073725440
31970833,1073725440,1073725440
32206833,1073725440,1073725440
32498833,1073725440,1073725440
32769833,1073725440,1073725440
33086833,1073725440,1073725440
33398833,1073725440,1073725440
33727833,1073725440,1073725440
34097833,1073725440,1073725440
34362833,1073725440,1073725440
34605833,1073725440,1073725440
34843833,1073725440,1073725440
35134833,1073725440,1073725440
35470833,1073725440,1073725440
35745833,1073725440,1073725440
36009833,1073725440,1073725440
36254833,1073725440,1073725440
36511833,1073725440,1073725440
36832833,1073725440,1073725440
37139833,1073725440,1073725440
37391833,1073725440,1073725440
37629833,1073725440,1073725440
37862833,1073725440,1073725440
38118833,1073725440,1073725440
38409833,1073725440,1073725440
38812833,1073725440,1073725440
39216833,1073725440,1073725440
39721833,1073725440,1073725440
40041833,1073725440,1073725440
40352833,1073725440,1073725440
40718833,1073725440,1073725440
41182833,1073725440,1073725440
41608833,1073725440,1073725440
42000833,1073725440,1073725440
42445833,1073725440,1073725440
42997833,1073725440,1073725440
43631833,1073725440,1073725440
44251833,1073725440,1073725440
44962833,1073725440,1073725440
45473833,1073725440,1073725440
45996833,1073725440,1073725440
46448833,1073725440,1073725440
47163833,1073725440,1073725440
47610833,1073725440,1073725440
48021833,1073725440,1073725440
48447833,1073725440,1073725440
48706833,1073725440,1073725440
48946833,1073725440,1073725440
49180833,1073725440,1073725440
49412833,1073725440,1073725440
49651833,1073725440,1073725440
49908833,1073725440,1073725440
50153833,1073725440,1073725440
50392833,1073725440,1073725440
50626833,1073725440,1073725440
50871833,1073725440,1073725440
51110833,1073725440,1073725440
51348833,1073725440,1073725440
51585833,1073725440,1073725440
51817833,1073725440,1073725440
52070833,1073725440,1073725440
52346833,1073725440,1073725440
52679833,1073725440,1073725440
53050833,1073725440,1073725440
53520833,1073725440,1073725440
53997833,1073725440,1073725440
54295833,1073725440,1073725440
54583833,1073725440,1073725440
54906833,1073725440,1073725440
55218833,1073725440,1073725440
55527833,1073725440,1073725440
55855833,1073725440,1073725440
56161833,1073725440,1073725440
56432833,1073725440,1073725440
56675833,1073725440,1073725440
56909833,1073725440,1073725440
57140833,1073725440,1073725440
57380833,1073725440,1073725440
57615833,1073725440,1073725440
57848833,1073725440,1073725440
58081833,1073725440,1073725440
58312833,1073725440,1073725440
58545833,1073725440,1073725440
58776833,1073725440,1073725440
59006833,1073725440,1073725440
59236833,1073725440,1073725440
59467833,1073725440,1073725440
59704833,1073725440,1073725440
59937833,1073725440,1073725440
