timestamp,lastAckedSeq,highTxMark,availableTxBuffer,nextTxSeq,totalCwnd,unAckMeta
611833,5673,17017,1158,17017,11344,11344
611833,5673,17017,1158,17017,26566,11344
829833,11345,41123,1158,41123,26566,29778
1052833,29779,69483,1158,69483,40182,39704
1361833,48213,70901,1158,70901,21337,22688
1812833,79409,99261,1158,99261,20804,19852
2272833,109187,129039,1158,129039,19942,19852
2593833,130457,138965,1158,138965,9698,8508
2904833,141801,153145,1158,153145,12637,11344
3169833,153145,160235,1158,160235,7986,7090
3413833,160235,167325,1158,167325,7586,7090
3651833,168743,178669,1158,178669,10045,9926
3885833,178669,185759,1158,185759,7691,7090
4118833,185759,192849,1158,192849,7291,7090
4350833,192849,201357,1158,201357,9315,8508
4581833,201357,211283,1158,211283,11282,9926
4812833,211283,221209,1158,221209,10691,9926
5045833,221209,233971,1158,233971,13491,12762
5276833,233971,252405,1158,252405,19594,18434
5526833,250987,269421,2576,269421,20495,18434
5827833,269421,289273,1158,289273,20401,19852
6133833,289273,310543,1158,310543,20529,21270
6441833,310543,333231,1158,333231,23679,22688
6749833,330395,347411,1158,347411,17929,17016
7096833,353083,367263,1158,367263,14632,14180
7365833,367263,377189,1158,377189,10490,9926
7607833,378607,389951,1158,389951,12205,11344
7842833,389951,402713,1158,402713,12894,12762
8074833,402713,418311,1158,418311,16924,15598
8305833,418311,443835,1158,443835,26393,25524
8553833,432491,456597,1158,456597,24017,24106
8886833,455179,475031,1158,475031,21173,19852
9250833,477867,504809,1158,504809,26393,26942
9572833,500555,514735,1158,514735,15399,14180
9963833,526079,544513,1158,544513,19833,18434
10258833,544513,564365,1158,564365,21299,19852
10545833,562947,585635,1158,585635,23252,22688
10850833,582799,598397,1158,598397,15313,15598
11195833,601233,612577,1158,612577,12066,11344
11460833,613995,626757,1158,626757,13456,12762
11704833,628175,642355,1158,642355,15231,14180
11946833,642355,657953,1158,657953,15948,15598
12186833,657953,670715,1158,670715,13991,12762
12430833,673551,687731,2576,687731,14338,14180
12666833,687731,697657,1158,697657,11034,9926
12898833,697657,703329,1158,703329,6403,5672
13129833,703329,710419,2576,710419,8222,7090
13360833,710419,721763,2576,721763,12522,11344
13592833,721763,734525,2576,734525,12986,12762
13838833,734525,745869,1158,745869,12826,11344
14081833,747287,762885,1158,762885,16027,15598
14316833,762885,775647,2576,775647,15098,12762
14566833,775647,786991,1158,786991,12731,11344
14803833,788409,801171,1158,801171,13265,12762
15036833,801171,821023,1158,821023,20818,19852
15267833,815351,838039,1158,838039,21811,22688
15561833,833785,850801,1158,850801,15996,17016
15884833,855055,870653,1158,870653,16017,15598
16141833,872071,887669,1158,887669,16351,15598
16383833,887669,907521,1158,907521,21300,19852
16622833,903267,921701,1158,921701,19707,18434
16907833,923119,930209,2576,930209,8779,7090
17195833,934463,948643,2576,948643,15334,14180
17456833,950061,962823,1158,962823,13681,12762
17699833,962823,975585,1158,975585,13424,12762
17934833,975585,985511,1158,985511,10314,9926
18166833,985511,998273,1158,998273,13535,12762
18397833,998273,1011035,1158,1011035,13861,12762
18629833,1011035,1028051,1158,1028051,18089,17016
18860833,1026633,1052157,1158,1052157,26689,25524
19126833,1042231,1067755,1158,1067755,25475,25524
19470833,1066337,1087607,1158,1087607,21558,21270
19850833,1091861,1113131,1158,1113131,21845,21270
20189833,1113131,1130147,1158,1130147,18277,17016
20522833,1135819,1154253,1158,1154253,18665,18434
20802833,1154253,1171269,2576,1171269,19056,17016
21086833,1171269,1192539,1158,1192539,21996,21270
21371833,1189703,1203883,1158,1203883,15318,14180
21692833,1210973,1226571,1158,1226571,16149,15598
21950833,1226571,1239333,1158,1239333,13998,12762
22192833,1240751,1257767,1158,1257767,18259,17016
22426833,1256349,1270529,1158,1270529,15555,14180
22685833,1271947,1298889,1158,1298889,27919,26942
22926833,1286127,1322995,1158,1322995,36823,36868
23279833,1308815,1325831,1158,1325831,15773,17016
23755833,1341429,1357027,1158,1357027,15878,15598
24062833,1361281,1375461,1158,1375461,14763,14180
24311833,1376879,1393895,1158,1393895,18238,17016
24548833,1392477,1410911,2576,1410911,20663,18434
24811833,1409493,1423673,1158,1423673,14712,14180
25106833,1423673,1432181,1158,1432181,9793,8508
25359833,1432181,1437853,1158,1437853,6730,5672
25601833,1437853,1443525,1158,1443525,6401,5672
25839833,1444943,1453451,1158,1453451,9711,8508
26074833,1453451,1463377,1158,1463377,10933,9926
26308833,1463377,1470467,1158,1470467,8404,7090
26543833,1470467,1481811,1158,1481811,11587,11344
26776833,1481811,1495991,1158,1495991,15625,14180
27016833,1497409,1513007,1158,1513007,16585,15598
27271833,1514425,1524351,1158,1524351,10965,9926
27521833,1524351,1531441,1158,1531441,7371,7090
27760833,1531441,1535695,1158,1535695,5502,4254
27996833,1537113,1544203,1158,1544203,7369,7090
28230833,1544203,1551293,1158,1551293,8051,7090
28464833,1551293,1556965,1158,1556965,6917,5672
28696833,1556965,1564055,1158,1564055,7959,7090
28928833,1564055,1572563,1158,1572563,9857,8508
29160833,1572563,1578235,1158,1578235,6693,5672
29394833,1578235,1583907,1158,1583907,6137,5672
29627833,1583907,1589579,1158,1589579,6328,5672
29859833,1589579,1595251,1158,1595251,6089,5672
30090833,1595251,1600923,1158,1600923,6788,5672
30320833,1600923,1610849,1158,1610849,11174,9926
30550833,1610849,1623611,1158,1623611,13039,12762
30788833,1623611,1633537,1158,1633537,10112,9926
31034833,1633537,1640627,1158,1640627,7556,7090
31271833,1642045,1650553,1158,1650553,9880,8508
31504833,1650553,1661897,1158,1661897,11513,11344
31736833,1661897,1674659,1158,1674659,14003,12762
31970833,1674659,1693093,1158,1693093,19000,18434
32206833,1690257,1707273,1158,1707273,18251,17016
32498833,1708691,1729961,1158,1729961,22044,21270
32769833,1725707,1745559,1158,1745559,20885,19852
33086833,1746977,1769665,1158,1769665,21844,22688
33398833,1766829,1792353,1158,1792353,24497,25524
33727833,1789517,1803697,2576,1803697,16963,14180
34097833,1810787,1823549,1158,1823549,13158,12762
34362833,1826385,1840565,1158,1840565,14883,14180
34605833,1840565,1860417,1158,1860417,21100,19852
34843833,1856163,1878851,1158,1878851,23216,22688
35134833,1874597,1888777,1158,1888777,15644,14180
35470833,1897285,1914301,2576,1914301,17931,17016
35745833,1914301,1929899,1158,1929899,16370,15598
36009833,1931317,1948333,1158,1948333,17181,17016
36254833,1946915,1969603,1158,1969603,22804,22688
36511833,1962513,1983783,1158,1983783,21006,21270
36832833,1985201,2000799,1158,2000799,16811,15598
37139833,2003635,2016397,1158,2016397,13299,12762
37391833,2016397,2027741,1158,2027741,11469,11344
37629833,2029159,2044757,1158,2044757,16027,15598
37862833,2044757,2064609,1158,2064609,20720,19852
38118833,2058937,2092969,1158,2092969,33176,34032
38409833,2077371,2100059,1158,2100059,22692,22688
38812833,2104313,2138345,1158,2138345,33947,34032
39216833,2129837,2146853,1158,2146853,16314,17016
39721833,2163869,2183721,1158,2183721,21183,19852
40041833,2185139,2210663,1158,2210663,25256,25524
40352833,2206409,2237605,1158,2237605,32271,31196
40718833,2229097,2257457,1158,2257457,27309,28360
41182833,2260293,2285817,1158,2285817,25585,25524
41608833,2288653,2315595,2576,2315595,28869,26942
42000833,2312759,2349627,1158,2349627,35708,36868
42445833,2342537,2383659,2576,2383659,39835,41122
42997833,2377987,2417691,1158,2417691,38501,39704
43631833,2417691,2464485,1158,2464485,45070,46794
44251833,2457395,2488591,1158,2488591,28691,31196
44962833,2505607,2539639,1158,2539639,33319,34032
45473833,2538221,2567999,1158,2567999,28251,29778
45996833,2573671,2621883,1158,2621883,47030,48212
46448833,2600613,2633227,1158,2633227,28659,32614
47163833,2650243,2677185,1158,2677185,26898,26942
47610833,2680021,2708381,1158,2708381,28247,28360
48021833,2705545,2722561,1158,2722561,16778,17016
48447833,2732487,2745249,1158,2745249,14064,12762
48706833,2745249,2756593,1158,2756593,12051,11344
48946833,2756593,2763683,1158,2763683,8324,7090
49180833,2765101,2777863,1158,2777863,13051,12762
49412833,2777863,2793461,1158,2793461,16296,15598
49651833,2793461,2801969,1158,2801969,9560,8508
49908833,2803387,2814731,1158,2814731,11999,11344
50153833,2814731,2824657,1158,2824657,10375,9926
50392833,2824657,2840255,1158,2840255,16598,15598
50626833,2840255,2855853,1158,2855853,15951,15598
50871833,2857271,2872869,1158,2872869,16764,15598
51110833,2872869,2888467,1158,2888467,16462,15598
51348833,2888467,2902647,1158,2902647,15015,14180
51585833,2902647,2919663,1158,2919663,17292,17016
51817833,2916827,2935261,1158,2935261,19898,18434
52070833,2933843,2956531,1158,2956531,23353,22688
52346833,2952277,2977801,1158,2977801,25144,25524
52679833,2973547,3004743,2576,3004743,31839,31196
53050833,2996235,3028849,1158,3028849,30625,32614
53520833,3028849,3048701,1158,3048701,18714,19852
53997833,3060045,3079897,1158,3079897,18802,19852
54295833,3079897,3101167,1158,3101167,21447,21270
54583833,3098331,3118183,1158,3118183,20820,19852
54906833,3119601,3139453,1158,3139453,20677,19852
55218833,3139453,3162141,1158,3162141,22750,22688
55527833,3160723,3180575,1158,3180575,21250,19852
55855833,3181993,3199009,1158,3199009,17869,17016
56161833,3200427,3213189,1158,3213189,14102,12762
56432833,3214607,3227369,1158,3227369,14015,12762
56675833,3228787,3241549,1158,3241549,13389,12762
56909833,3241549,3255729,1158,3255729,14398,14180
57140833,3255729,3264237,1158,3264237,9138,8508
57380833,3264237,3272745,1158,3272745,8665,8508
57615833,3272745,3284089,1158,3284089,11507,11344
57848833,3284089,3295433,1158,3295433,12365,11344
58081833,3296851,3308195,2576,3308195,13403,11344
58312833,3308195,3319539,1158,3319539,11449,11344
58545833,3320957,3333719,1158,3333719,13782,12762
58776833,3333719,3343645,1158,3343645,10581,9926
59006833,3343645,3353571,2576,3353571,12648,9926
59236833,3353571,3367751,1158,3367751,14546,14180
59467833,3367751,3379095,1158,3379095,12467,11344
59704833,3379095,3390439,1158,3390439,12208,11344
59937833,3391857,3407455,1158,3407455,16341,15598
