timestamp,unAck0,unAck1
611833,5672,5672
611833,5672,5672
829833,9926,5672
1052833,15598,1418
1298833,8508,1418
1585833,12762,1418
1842833,9926,1418
2080833,8508,1418
2314833,8508,0
2546833,17016,1418
2777833,17016,0
3057833,17016,1418
3341833,22688,1418
3626833,21270,1418
3981833,15598,1418
4340833,17016,1418
4624833,9926,1418
4909833,11344,1418
5161833,19852,0
5398833,24106,0
5702833,18434,1418
6074833,12762,1418
6382833,11344,1418
6630833,12762,1418
6867833,9926,1418
7105833,4254,1418
7338833,4254,1418
7570833,5672,1418
7801833,5672,1418
8032833,7090,1418
8263833,5672,1418
8495833,12762,1418
8726833,11344,1418
8981833,14180,1418
9219833,14180,1418
9462833,12762,1418
9700833,14180,1418
9933833,21270,1418
10169833,26942,1418
10476833,29778,1418
10874833,28360,1418
11355833,32614,1418
11832833,29778,1418
12373833,32614,1418
12882833,32614,1418
13427833,24106,1418
13974833,26942,1418
14409833,35450,1418
14859833,34032,1418
15435833,21270,1418
16008833,38286,1418
16465833,25524,1418
17092833,19852,1418
17476833,11344,1418
17803833,21270,1418
18077833,15598,1418
18438833,9926,1418
18721833,9926,1418
18967833,11344,1418
19203833,8508,1418
19441833,5672,1418
19674833,5672,1418
19906833,4254,1418
20137833,4254,1418
20367833,7090,1418
20597833,8508,1418
20829833,14180,1418
21063833,11344,1418
21326833,7090,1418
21568833,8508,1418
21804833,11344,1418
22037833,9926,1418
22271833,11344,1418
22502833,14180,1418
22732833,14180,1418
22984833,15598,1418
23226833,38286,1418
23499833,22688,1418
23880833,22688,1418
24485833,25524,1418
24905833,18434,1418
25332833,11344,1418
25629833,12762,1418
25881833,18434,1418
26122833,15598,1418
26415833,8508,1418
26689833,8508,1418
26939833,11344,1418
27177833,15598,1418
27416833,18434,1418
27714833,25524,1418
28036833,34032,1418
28439833,26942,1418
28963833,15598,1418
29368833,24106,1418
29684833,15598,1418
30075833,12762,1418
30350833,17016,1418
30596833,19852,1418
30875833,22688,1418
31192833,15598,1418
31557833,17016,1418
31848833,24106,1418
32134833,21270,1418
32506833,34032,1418
32871833,21270,1418
33396833,22688,1418
33797833,12762,1418
34180833,9926,1418
34438833,7090,1418
34679833,7090,1418
34915833,9926,0
35148833,9926,1418
35382833,17016,1418
35613833,25524,1418
35905833,21270,1418
36278833,17016,1418
36649833,19852,1418
36958833,15598,1418
37287833,19852,1418
37573833,21270,1418
37896833,21270,1418
38245833,22688,1418
38600833,26942,1418
38977833,18434,1418
39417833,21270,1418
39775833,22688,1418
40132833,18434,1418
40509833,15598,1418
40812833,19852,1418
41084833,18434,1418
41404833,17016,1418
41716833,15598,1418
42002833,18434,1418
42269833,28360,1418
42568833,17016,1418
42977833,19852,1418
43325833,15598,1418
43651833,14180,1418
43918833,14180,1418
44165833,19852,1418
44422833,15598,1418
44733833,12762,1418
45007833,7090,1418
45251833,7090,1418
45488833,14180,1418
45721833,8508,1418
45990833,15598,1418
46239833,7090,1418
46506833,8508,1418
46753833,8508,1418
46991833,7090,1418
47224833,4254,1418
47456833,4254,1418
47687833,4254,1418
47918833,4254,1418
48148833,5672,1418
48378833,7090,1418
48608833,4254,1418
48840833,4254,1418
49071833,4254,1418
49302833,5672,1418
49532833,8508,1418
49764833,12762,1418
49998833,9926,1418
50248833,12762,1418
50486833,14180,1418
50721833,8508,1418
50965833,12762,1418
51201833,8508,1418
51437833,9926,1418
51670833,18434,1418
51902833,22688,1418
52195833,21270,1418
52544833,28360,1418
52902833,19852,1418
53354833,15598,1418
53672833,9926,1418
53946833,9926,1418
54191833,7090,1418
54427833,12762,1418
54660833,14180,1418
54915833,9926,1418
55165833,12762,1418
55402833,14180,1418
55636833,31196,1418
55873833,51048,1418
56210833,43958,1418
56708833,38286,1418
57517833,34032,1418
58121833,29778,1418
58684833,35450,1418
59196833,35450,1418
59786833,32614,1418
