timestamp,cWnd0,cWnd1
611833,5672,5672
611833,10765,1500
829833,10765,1500
1052833,16442,1500
1298833,10646,1500
1585833,12969,1500
1842833,10792,1500
2080833,9259,1500
2314833,8812,1500
2546833,18352,1500
2777833,17302,1500
3057833,17557,1500
3341833,23440,1500
3626833,21381,1500
3981833,16843,1500
4340833,17785,1500
4624833,10736,1500
4909833,12092,1500
5161833,20394,1500
5398833,24280,1500
5702833,19160,1500
6074833,13741,1500
6382833,11553,1500
6630833,13812,1500
6867833,10252,1500
7105833,5149,1500
7338833,5598,1500
7570833,6119,1500
7801833,7015,1500
8032833,7989,1500
8263833,7051,1500
8495833,13455,1500
8726833,12682,1500
8981833,15181,1500
9219833,15272,1500
9462833,13774,1500
9700833,15449,1500
9933833,21632,1500
10169833,28103,1500
10476833,30506,1500
10874833,29654,1500
11355833,33750,1500
11832833,30016,1500
12373833,33362,1500
12882833,32639,1500
13427833,25218,1500
13974833,27809,1500
14409833,35904,1500
14859833,34583,1500
15435833,22028,1500
16008833,38870,1500
16465833,26188,1500
17092833,20508,1500
17476833,12641,1500
17803833,22225,1500
18077833,16424,1500
18438833,10838,1500
18721833,10563,1500
18967833,12083,1500
19203833,8864,1500
19441833,6964,1500
19674833,6008,1500
19906833,5280,1500
20137833,7029,1500
20367833,8506,1500
20597833,9822,1500
20829833,14377,1500
21063833,11376,1500
21326833,8379,1500
21568833,9460,1500
21804833,12296,1500
22037833,10801,1500
22271833,12652,1500
22502833,15134,1500
22732833,14398,1500
22984833,17543,1500
23226833,39532,1500
23499833,21382,1500
23880833,23054,1500
24485833,25743,1500
24905833,18582,1500
25332833,11794,1500
25629833,13658,1500
25881833,19362,1500
26122833,16340,1500
26415833,9533,1500
26689833,9511,1500
26939833,12751,1500
27177833,17052,1500
27416833,20878,1500
27714833,25541,1500
28036833,35195,1500
28439833,27662,1500
28963833,16858,1500
29368833,25250,1500
29684833,15625,1500
30075833,13333,1500
30350833,18152,1500
30596833,19869,1500
30875833,23892,1500
31192833,16758,1500
31557833,17689,1500
31848833,25215,1500
32134833,22597,1500
32506833,34951,1500
32871833,22318,1500
33396833,23877,1500
33797833,13936,1500
34180833,10104,1500
34438833,7794,1500
34679833,8256,1500
34915833,10114,1500
35148833,10944,1500
35382833,17605,1500
35613833,25962,1500
35905833,22513,1500
36278833,18144,1500
36649833,20841,1500
36958833,16341,1500
37287833,20937,1500
37573833,22146,1500
37896833,21545,1500
38245833,24099,1500
38600833,28006,1500
38977833,21184,1500
39417833,22298,1500
39775833,22744,1500
40132833,19643,1500
40509833,17009,1500
40812833,21006,1500
41084833,19542,1500
41404833,17513,1500
41716833,16990,1500
42002833,18484,1500
42269833,29528,1500
42568833,17549,1500
42977833,20959,1500
43325833,16190,1500
43651833,14508,1500
43918833,16401,1500
44165833,21012,1500
44422833,16468,1500
44733833,13442,1500
45007833,8127,1500
45251833,8439,1500
45488833,15230,1500
45721833,9758,1500
45990833,16580,1500
46239833,9372,1500
46506833,9294,1500
46753833,8928,1500
46991833,7451,1500
47224833,5654,1500
47456833,6925,1500
47687833,5814,1500
47918833,6782,1500
48148833,6962,1500
48378833,7613,1500
48608833,5378,1500
48840833,4655,1500
49071833,6826,1500
49302833,7700,1500
49532833,9210,1500
49764833,13151,1500
49998833,10435,1500
50248833,13823,1500
50486833,14594,1500
50721833,10590,1500
50965833,13877,1500
51201833,9060,1500
51437833,11136,1500
51670833,18889,1500
51902833,22751,1500
52195833,21539,1500
52544833,28671,1500
52902833,20916,1500
53354833,16525,1500
53672833,10816,1500
53946833,11006,1500
54191833,8391,1500
54427833,13638,1500
54660833,14820,1500
54915833,10726,1500
55165833,13435,1500
55402833,15323,1500
55636833,32179,1500
55873833,51434,1500
56210833,45239,1500
56708833,39467,1500
57517833,34715,1500
58121833,30958,1500
58684833,36820,1500
59196833,36776,1500
59786833,33926,1500
