timestamp,rtt0,rtt1
611833,218,184
611833,218,184
829833,223,184
1052833,246,219
1298833,287,221
1585833,257,222
1842833,238,223
2080833,234,224
2314833,232,225
2546833,231,226
2777833,280,226
3057833,284,227
3341833,285,227
3626833,355,228
3981833,359,228
4340833,284,228
4624833,285,228
4909833,252,229
5161833,237,229
5398833,304,229
5702833,372,229
6074833,308,229
6382833,248,229
6630833,237,229
6867833,238,230
7105833,233,230
7338833,232,230
7570833,231,230
7801833,231,230
8032833,231,230
8263833,232,230
8495833,231,230
8726833,255,230
8981833,238,230
9219833,243,230
9462833,238,230
9700833,233,230
9933833,236,230
10169833,307,230
10476833,398,230
10874833,481,230
11355833,477,230
11832833,541,230
12373833,509,230
12882833,545,230
13427833,547,230
13974833,435,230
14409833,450,230
14859833,576,230
15435833,573,230
16008833,457,230
16465833,627,230
17092833,384,230
17476833,327,230
17803833,274,230
18077833,361,230
18438833,283,230
18721833,246,230
18967833,236,230
19203833,238,230
19441833,233,230
19674833,232,230
19906833,231,230
20137833,230,230
20367833,230,230
20597833,232,230
20829833,234,230
21063833,263,230
21326833,242,230
21568833,236,230
21804833,233,230
22037833,234,230
22271833,231,230
22502833,230,230
22732833,252,230
22984833,242,230
23226833,273,230
23499833,381,230
23880833,605,230
24485833,420,230
24905833,427,230
25332833,297,230
25629833,252,230
25881833,241,230
26122833,293,230
26415833,274,230
26689833,250,230
26939833,238,230
27177833,239,230
27416833,298,230
27714833,322,230
28036833,403,230
28439833,524,230
28963833,405,230
29368833,316,230
29684833,391,230
30075833,275,230
30350833,246,230
30596833,279,230
30875833,317,230
31192833,365,230
31557833,291,230
31848833,286,230
32134833,372,230
32506833,365,230
32871833,525,230
33396833,401,230
33797833,383,230
34180833,258,230
34438833,241,230
34679833,236,230
34915833,233,230
35148833,234,230
35382833,231,230
35613833,292,230
35905833,373,230
36278833,371,230
36649833,309,230
36958833,329,230
37287833,286,230
37573833,323,230
37896833,349,230
38245833,355,230
38600833,377,230
38977833,440,230
39417833,358,230
39775833,357,230
40132833,377,230
40509833,303,230
40812833,272,230
41084833,320,230
41404833,312,230
41716833,286,230
42002833,267,230
42269833,299,230
42568833,409,230
42977833,348,230
43325833,326,230
43651833,267,230
43918833,247,230
44165833,257,230
44422833,311,230
44733833,274,230
45007833,244,230
45251833,237,230
45488833,233,230
45721833,269,230
45990833,249,230
46239833,267,230
46506833,247,230
46753833,238,230
46991833,233,230
47224833,232,230
47456833,231,230
47687833,231,230
47918833,230,230
48148833,230,230
48378833,230,230
48608833,232,230
48840833,231,230
49071833,231,230
49302833,230,230
49532833,232,230
49764833,234,230
49998833,250,230
50248833,238,230
50486833,235,230
50721833,244,230
50965833,236,230
51201833,236,230
51437833,233,230
51670833,232,230
51902833,293,230
52195833,349,230
52544833,358,230
52902833,452,230
53354833,318,230
53672833,274,230
53946833,245,230
54191833,236,230
54427833,233,230
54660833,255,230
54915833,250,230
55165833,237,230
55402833,234,230
55636833,237,230
55873833,337,230
56210833,498,230
56708833,809,230
57517833,604,230
58121833,563,230
58684833,512,230
59196833,590,230
59786833,595,230
