timestamp,availableTxBuffer0,availableTxBuffer1
611833,246472,246472
611833,246472,246472
829833,242218,246472
1052833,236546,250726
1298833,243636,250726
1585833,239382,250726
1842833,242218,250726
2080833,243636,250726
2314833,243636,252144
2546833,235128,250726
2777833,235128,252144
3057833,235128,250726
3341833,229456,250726
3626833,230874,250726
3981833,236546,250726
4340833,235128,250726
4624833,242218,250726
4909833,240800,250726
5161833,232292,252144
5398833,228038,252144
5702833,233710,250726
6074833,239382,250726
6382833,240800,250726
6630833,239382,250726
6867833,242218,250726
7105833,247890,250726
7338833,247890,250726
7570833,246472,250726
7801833,246472,250726
8032833,245054,250726
8263833,246472,250726
8495833,239382,250726
8726833,240800,250726
8981833,237964,250726
9219833,237964,250726
9462833,239382,250726
9700833,237964,250726
9933833,230874,250726
10169833,225202,250726
10476833,222366,250726
10874833,223784,250726
11355833,219530,250726
11832833,222366,250726
12373833,219530,250726
12882833,219530,250726
13427833,228038,250726
13974833,225202,250726
14409833,216694,250726
14859833,218112,250726
15435833,230874,250726
16008833,213858,250726
16465833,226620,250726
17092833,232292,250726
17476833,240800,250726
17803833,230874,250726
18077833,236546,250726
18438833,242218,250726
18721833,242218,250726
18967833,240800,250726
19203833,243636,250726
19441833,246472,250726
19674833,246472,250726
19906833,247890,250726
20137833,247890,250726
20367833,245054,250726
20597833,243636,250726
20829833,237964,250726
21063833,240800,250726
21326833,245054,250726
21568833,243636,250726
21804833,240800,250726
22037833,242218,250726
22271833,240800,250726
22502833,237964,250726
22732833,237964,250726
22984833,236546,250726
23226833,213858,250726
23499833,229456,250726
23880833,229456,250726
24485833,226620,250726
24905833,233710,250726
25332833,240800,250726
25629833,239382,250726
25881833,233710,250726
26122833,236546,250726
26415833,243636,250726
26689833,243636,250726
26939833,240800,250726
27177833,236546,250726
27416833,233710,250726
27714833,226620,250726
28036833,218112,250726
28439833,225202,250726
28963833,236546,250726
29368833,228038,250726
29684833,236546,250726
30075833,239382,250726
30350833,235128,250726
30596833,232292,250726
30875833,229456,250726
31192833,236546,250726
31557833,235128,250726
31848833,228038,250726
32134833,230874,250726
32506833,218112,250726
32871833,230874,250726
33396833,229456,250726
33797833,239382,250726
34180833,242218,250726
34438833,245054,250726
34679833,245054,250726
34915833,242218,252144
35148833,242218,250726
35382833,235128,250726
35613833,226620,250726
35905833,230874,250726
36278833,235128,250726
36649833,232292,250726
36958833,236546,250726
37287833,232292,250726
37573833,230874,250726
37896833,230874,250726
38245833,229456,250726
38600833,225202,250726
38977833,233710,250726
39417833,230874,250726
39775833,229456,250726
40132833,233710,250726
40509833,236546,250726
40812833,232292,250726
41084833,233710,250726
41404833,235128,250726
41716833,236546,250726
42002833,233710,250726
42269833,223784,250726
42568833,235128,250726
42977833,232292,250726
43325833,236546,250726
43651833,237964,250726
43918833,237964,250726
44165833,232292,250726
44422833,236546,250726
44733833,239382,250726
45007833,245054,250726
45251833,245054,250726
45488833,237964,250726
45721833,243636,250726
45990833,236546,250726
46239833,245054,250726
46506833,243636,250726
46753833,243636,250726
46991833,245054,250726
47224833,247890,250726
47456833,247890,250726
47687833,247890,250726
47918833,247890,250726
48148833,246472,250726
48378833,245054,250726
48608833,247890,250726
48840833,247890,250726
49071833,247890,250726
49302833,246472,250726
49532833,243636,250726
49764833,239382,250726
49998833,242218,250726
50248833,239382,250726
50486833,237964,250726
50721833,243636,250726
50965833,239382,250726
51201833,243636,250726
51437833,242218,250726
51670833,233710,250726
51902833,229456,250726
52195833,230874,250726
52544833,223784,250726
52902833,232292,250726
53354833,236546,250726
53672833,242218,250726
53946833,242218,250726
54191833,245054,250726
54427833,239382,250726
54660833,237964,250726
54915833,242218,250726
55165833,239382,250726
55402833,237964,250726
55636833,220948,250726
55873833,201096,250726
56210833,208186,250726
56708833,213858,250726
57517833,218112,250726
58121833,222366,250726
58684833,216694,250726
59196833,216694,250726
59786833,219530,250726
