timestamp,rWnd0,rWnd1
611833,1073725440,1073725440
611833,1073725440,1073725440
829833,1073725440,1073725440
1052833,1073725440,1073725440
1298833,1073725440,1073725440
1585833,1073725440,1073725440
1842833,1073725440,1073725440
2080833,1073725440,1073725440
2314833,1073725440,1073725440
2546833,1073725440,1073725440
2777833,1073725440,1073725440
3057833,1073725440,1073725440
3341833,1073725440,1073725440
3626833,1073725440,1073725440
3981833,1073725440,1073725440
4340833,1073725440,1073725440
4624833,1073725440,1073725440
4909833,1073725440,1073725440
5161833,1073725440,1073725440
5398833,1073725440,1073725440
5702833,1073725440,1073725440
6074833,1073725440,1073725440
6382833,1073725440,1073725440
6630833,1073725440,1073725440
6867833,1073725440,1073725440
7105833,1073725440,1073725440
7338833,1073725440,1073725440
7570833,1073725440,1073725440
7801833,1073725440,1073725440
8032833,1073725440,1073725440
8263833,1073725440,1073725440
8495833,1073725440,1073725440
8726833,1073725440,1073725440
8981833,1073725440,1073725440
9219833,1073725440,1073725440
9462833,1073725440,1073725440
9700833,1073725440,1073725440
9933833,1073725440,1073725440
10169833,1073725440,1073725440
10476833,1073725440,1073725440
10874833,1073725440,1073725440
11355833,1073725440,1073725440
11832833,1073725440,1073725440
12373833,1073725440,1073725440
12882833,1073725440,1073725440
13427833,1073725440,1073725440
13974833,1073725440,1073725440
14409833,1073725440,1073725440
14859833,1073725440,1073725440
15435833,1073725440,1073725440
16008833,1073725440,1073725440
16465833,1073725440,1073725440
17092833,1073725440,1073725440
17476833,1073725440,1073725440
17803833,1073725440,1073725440
18077833,1073725440,1073725440
18438833,1073725440,1073725440
18721833,1073725440,1073725440
18967833,1073725440,1073725440
19203833,1073725440,1073725440
19441833,1073725440,1073725440
19674833,1073725440,1073725440
19906833,1073725440,1073725440
20137833,1073725440,1073725440
20367833,1073725440,1073725440
20597833,1073725440,1073725440
20829833,1073725440,1073725440
21063833,1073725440,1073725440
21326833,1073725440,1073725440
21568833,1073725440,1073725440
21804833,1073725440,1073725440
22037833,1073725440,1073725440
22271833,1073725440,1073725440
22502833,1073725440,1073725440
22732833,1073725440,1073725440
22984833,1073725440,1073725440
23226833,1073725440,1073725440
23499833,1073725440,1073725440
23880833,1073725440,1073725440
24485833,1073725440,1073725440
24905833,1073725440,1073725440
25332833,1073725440,1073725440
25629833,1073725440,1073725440
25881833,1073725440,1073725440
26122833,1073725440,1073725440
26415833,1073725440,1073725440
26689833,1073725440,1073725440
26939833,1073725440,1073725440
27177833,1073725440,1073725440
27416833,1073725440,1073725440
27714833,1073725440,1073725440
28036833,1073725440,1073725440
28439833,1073725440,1073725440
28963833,1073725440,1073725440
29368833,1073725440,1073725440
29684833,1073725440,1073725440
30075833,1073725440,1073725440
30350833,1073725440,1073725440
30596833,1073725440,1073725440
30875833,1073725440,1073725440
31192833,1073725440,1073725440
31557833,1073725440,1073725440
31848833,1073725440,1073725440
32134833,1073725440,1073725440
32506833,1073725440,1073725440
32871833,1073725440,1073725440
33396833,1073725440,1073725440
33797833,1073725440,1073725440
34180833,1073725440,1073725440
34438833,1073725440,1073725440
34679833,1073725440,1073725440
34915833,1073725440,1073725440
35148833,1073725440,1073725440
35382833,1073725440,1073725440
35613833,1073725440,1073725440
35905833,1073725440,1073725440
36278833,1073725440,1073725440
36649833,1073725440,1073725440
36958833,1073725440,1073725440
37287833,1073725440,1073725440
37573833,1073725440,1073725440
37896833,1073725440,1073725440
38245833,1073725440,1073725440
38600833,1073725440,1073725440
38977833,1073725440,1073725440
39417833,1073725440,1073725440
39775833,1073725440,1073725440
40132833,1073725440,1073725440
40509833,1073725440,1073725440
40812833,1073725440,1073725440
41084833,1073725440,1073725440
41404833,1073725440,1073725440
41716833,1073725440,1073725440
42002833,1073725440,1073725440
42269833,1073725440,1073725440
42568833,1073725440,1073725440
42977833,1073725440,1073725440
43325833,1073725440,1073725440
43651833,1073725440,1073725440
43918833,1073725440,1073725440
44165833,1073725440,1073725440
44422833,1073725440,1073725440
44733833,1073725440,1073725440
45007833,1073725440,1073725440
45251833,1073725440,1073725440
45488833,1073725440,1073725440
45721833,1073725440,1073725440
45990833,1073725440,1073725440
46239833,1073725440,1073725440
46506833,1073725440,1073725440
46753833,1073725440,1073725440
46991833,1073725440,1073725440
47224833,1073725440,1073725440
47456833,1073725440,1073725440
47687833,1073725440,1073725440
47918833,1073725440,1073725440
48148833,1073725440,1073725440
48378833,1073725440,1073725440
48608833,1073725440,1073725440
48840833,1073725440,1073725440
49071833,1073725440,1073725440
49302833,1073725440,1073725440
49532833,1073725440,1073725440
49764833,1073725440,1073725440
49998833,1073725440,1073725440
50248833,1073725440,1073725440
50486833,1073725440,1073725440
50721833,1073725440,1073725440
50965833,1073725440,1073725440
51201833,1073725440,1073725440
51437833,1073725440,1073725440
51670833,1073725440,1073725440
51902833,1073725440,1073725440
52195833,1073725440,1073725440
52544833,1073725440,1073725440
52902833,1073725440,1073725440
53354833,1073725440,1073725440
53672833,1073725440,1073725440
53946833,1073725440,1073725440
54191833,1073725440,1073725440
54427833,1073725440,1073725440
54660833,1073725440,1073725440
54915833,1073725440,1073725440
55165833,1073725440,1073725440
55402833,1073725440,1073725440
55636833,1073725440,1073725440
55873833,1073725440,1073725440
56210833,1073725440,1073725440
56708833,1073725440,1073725440
57517833,1073725440,1073725440
58121833,1073725440,1073725440
58684833,1073725440,1073725440
59196833,1073725440,1073725440
59786833,1073725440,1073725440
