timestamp,lastAckedSeq,highTxMark,availableTxBuffer,nextTxSeq,totalCwnd,unAckMeta
611833,5673,17017,1158,17017,11344,11344
611833,5673,17017,1158,17017,12265,11344
829833,11345,26943,1158,26943,12265,15598
1052833,26943,43959,1158,43959,17942,17016
1298833,43959,53885,2576,53885,12146,9926
1585833,58139,72319,1158,72319,14469,14180
1842833,72319,83663,1158,83663,12292,11344
2080833,83663,93589,1158,93589,10759,9926
2314833,95007,103515,2576,103515,10312,8508
2546833,104933,124785,1158,124785,19852,19852
2777833,119113,137547,1158,137547,18802,18434
3057833,138965,157399,1158,157399,19057,18434
3341833,157399,181505,1158,181505,24940,24106
3626833,174415,198521,1158,198521,22881,24106
3981833,198521,216955,1158,216955,18343,18434
4340833,222627,241061,1158,241061,19285,18434
4624833,241061,252405,1158,252405,12236,11344
4909833,253823,266585,1158,266585,13592,12762
5161833,268003,289273,1158,289273,21894,21270
5398833,283601,309125,1158,309125,25780,25524
5702833,303453,324723,1158,324723,20660,21270
6074833,327559,341739,1158,341739,15241,14180
6382833,345993,358755,1158,358755,13053,12762
6630833,360173,374353,1158,374353,15312,14180
6867833,374353,385697,1158,385697,11752,11344
7105833,385697,391369,1158,391369,6649,5672
7338833,391369,397041,1158,397041,7098,5672
7570833,397041,404131,1158,404131,7619,7090
7801833,404131,411221,1158,411221,8515,7090
8032833,411221,419729,1158,419729,9489,8508
8263833,419729,426819,1158,426819,8551,7090
8495833,426819,440999,1158,440999,14955,14180
8726833,440999,453761,1158,453761,14182,12762
8981833,455179,470777,1158,470777,16681,15598
9219833,470777,486375,1158,486375,16772,15598
9462833,486375,500555,1158,500555,15274,14180
9700833,501973,517571,1158,517571,16949,15598
9933833,516153,538841,1158,538841,23132,22688
10169833,530333,560111,1158,560111,29603,29778
10476833,550185,582799,1158,582799,32006,32614
10874833,577127,608323,1158,608323,31154,31196
11355833,608323,643773,1158,643773,35250,35450
11832833,639519,672133,1158,672133,31516,32614
12373833,674969,710419,1158,710419,34862,35450
12882833,707583,743033,1158,743033,34139,35450
13427833,744451,771393,1158,771393,26718,26942
13974833,779901,809679,1158,809679,29309,29778
14409833,808261,846547,1158,846547,37404,38286
14859833,836621,874907,1158,874907,36083,38286
15435833,874907,899013,1158,899013,23528,24106
16008833,911775,952897,1158,952897,40370,41122
16465833,941553,969913,1158,969913,27688,28360
17092833,982675,1005363,1158,1005363,22008,22688
17476833,1008199,1020961,1158,1020961,14141,12762
17803833,1026633,1049321,1158,1049321,23725,22688
18077833,1043649,1060665,1158,1060665,17924,17016
18438833,1064919,1076263,1158,1076263,12338,11344
18721833,1079099,1090443,1158,1090443,12063,11344
18967833,1090443,1103205,1158,1103205,13583,12762
19203833,1103205,1113131,1158,1113131,10364,9926
19441833,1113131,1120221,1158,1120221,8464,7090
19674833,1120221,1127311,1158,1127311,7508,7090
19906833,1127311,1132983,1158,1132983,6780,5672
20137833,1134401,1140073,2576,1140073,8529,5672
20367833,1140073,1148581,1158,1148581,10006,8508
20597833,1148581,1158507,1158,1158507,11322,9926
20829833,1159925,1175523,1158,1175523,15877,15598
21063833,1174105,1186867,1158,1186867,12876,12762
21326833,1186867,1195375,1158,1195375,9879,8508
21568833,1196793,1206719,1158,1206719,10960,9926
21804833,1206719,1219481,1158,1219481,13796,12762
22037833,1219481,1230825,1158,1230825,12301,11344
22271833,1230825,1243587,1158,1243587,14152,12762
22502833,1243587,1259185,1158,1259185,16634,15598
22732833,1259185,1274783,1158,1274783,15898,15598
22984833,1276201,1293217,2576,1293217,19043,17016
23226833,1291799,1331503,1158,1331503,41032,39704
23499833,1307397,1332921,1158,1332921,22882,25524
23880833,1332921,1358445,1158,1358445,24554,25524
24485833,1372625,1399567,1158,1399567,27243,26942
24905833,1400985,1420837,1158,1420837,20082,19852
25332833,1426509,1439271,1158,1439271,13294,12762
25629833,1443525,1457705,1158,1457705,15158,14180
25881833,1459123,1478975,1158,1478975,20862,19852
26122833,1474721,1491737,1158,1491737,17840,17016
26415833,1493155,1503081,1158,1503081,11033,9926
26689833,1503081,1513007,1158,1513007,11011,9926
26939833,1514425,1527187,1158,1527187,14251,12762
27177833,1528605,1545621,2576,1545621,18552,17016
27416833,1544203,1564055,3994,1564055,22378,19852
27714833,1562637,1589579,1158,1589579,27041,26942
28036833,1583907,1620775,1158,1620775,36695,36868
28439833,1608013,1637791,1158,1637791,29162,29778
28963833,1643463,1660479,1158,1660479,18358,17016
29368833,1668987,1695929,1158,1695929,26750,26942
29684833,1691675,1708691,1158,1708691,17125,17016
30075833,1715781,1729961,1158,1729961,14833,14180
30350833,1732797,1751231,1158,1751231,19652,18434
30596833,1748395,1769665,1158,1769665,21369,21270
30875833,1766829,1790935,1158,1790935,25392,24106
31192833,1786681,1805115,1158,1805115,18258,18434
31557833,1812205,1830639,1158,1830639,19189,18434
31848833,1830639,1857581,1158,1857581,26715,26942
32134833,1849073,1873179,1158,1873179,24097,24106
32506833,1873179,1908629,1158,1908629,36451,35450
32871833,1895867,1921391,1158,1921391,23818,25524
33396833,1931317,1956841,1158,1956841,25377,25524
33797833,1958259,1972439,1158,1972439,15436,14180
34180833,1978111,1989455,1158,1989455,11604,11344
34438833,1989455,1997963,1158,1997963,9294,8508
34679833,1997963,2006471,1158,2006471,9756,8508
34915833,2007889,2019233,1158,2019233,11614,11344
35148833,2020651,2031995,1158,2031995,12444,11344
35382833,2031995,2050429,1158,2050429,19105,18434
35613833,2046175,2074535,1158,2074535,27462,28360
35905833,2064609,2088715,1158,2088715,24013,24106
36278833,2088715,2107149,1158,2107149,19644,18434
36649833,2112821,2135509,1158,2135509,22341,22688
36958833,2134091,2151107,1158,2151107,17841,17016
37287833,2155361,2178049,1158,2178049,22437,22688
37573833,2173795,2197901,1158,2197901,23646,24106
37896833,2195065,2217753,1158,2217753,23045,22688
38245833,2217753,2243277,1158,2243277,25599,25524
38600833,2240441,2270219,1158,2270219,29506,29778
38977833,2265965,2287235,2576,2287235,22684,21270
39417833,2294325,2317013,1158,2317013,23798,22688
39775833,2317013,2342537,1158,2342537,24244,25524
40132833,2341119,2360971,1158,2360971,21143,19852
40509833,2366643,2383659,1158,2383659,18509,17016
40812833,2385077,2406347,1158,2406347,22506,21270
41084833,2403511,2423363,1158,2423363,21042,19852
41404833,2424781,2443215,1158,2443215,19013,18434
41716833,2444633,2461649,1158,2461649,18490,17016
42002833,2463067,2482919,1158,2482919,19984,19852
42269833,2480083,2509861,1158,2509861,31028,29778
42568833,2499935,2519787,1158,2519787,19049,19852
42977833,2526877,2548147,1158,2548147,22459,21270
43325833,2550983,2567999,1158,2567999,17690,17016
43651833,2570835,2586433,1158,2586433,16008,15598
43918833,2589269,2604867,2576,2604867,17901,15598
44165833,2604867,2626137,1158,2626137,22512,21270
44422833,2621883,2638899,1158,2638899,17968,17016
44733833,2641735,2655915,1158,2655915,14942,14180
45007833,2655915,2664423,1158,2664423,9627,8508
45251833,2664423,2672931,1158,2672931,9939,8508
45488833,2674349,2689947,1158,2689947,16730,15598
45721833,2689947,2699873,1158,2699873,11258,9926
45990833,2701291,2718307,1158,2718307,18080,17016
46239833,2718307,2726815,2576,2726815,10872,8508
46506833,2728233,2738159,1158,2738159,10794,9926
46753833,2738159,2748085,1158,2748085,10428,9926
46991833,2748085,2756593,1158,2756593,8951,8508
47224833,2756593,2762265,1158,2762265,7154,5672
47456833,2763683,2769355,2576,2769355,8425,5672
47687833,2770773,2776445,2576,2776445,7314,5672
47918833,2777863,2783535,2576,2783535,8282,5672
48148833,2783535,2790625,1158,2790625,8462,7090
48378833,2790625,2799133,1158,2799133,9113,8508
48608833,2799133,2804805,1158,2804805,6878,5672
48840833,2804805,2810477,1158,2810477,6155,5672
49071833,2811895,2817567,2576,2817567,8326,5672
49302833,2818985,2826075,2576,2826075,9200,7090
49532833,2826075,2836001,1158,2836001,10710,9926
49764833,2837419,2851599,1158,2851599,14651,14180
49998833,2851599,2862943,1158,2862943,11935,11344
50248833,2862943,2877123,1158,2877123,15323,14180
50486833,2878541,2894139,1158,2894139,16094,15598
50721833,2894139,2904065,2576,2904065,12090,9926
50965833,2905483,2919663,1158,2919663,15377,14180
51201833,2919663,2929589,1158,2929589,10560,9926
51437833,2929589,2940933,1158,2940933,12636,11344
51670833,2940933,2960785,1158,2960785,20389,19852
51902833,2956531,2980637,1158,2980637,24251,24106
52195833,2974965,2999071,1158,2999071,23039,24106
52544833,2999071,3028849,1158,3028849,30171,29778
52902833,3021759,3044447,1158,3044447,22416,22688
53354833,3051537,3068553,1158,3068553,18025,17016
53672833,3069971,3081315,1158,3081315,12316,11344
53946833,3082733,3094077,1158,3094077,12506,11344
54191833,3094077,3102585,1158,3102585,9891,8508
54427833,3104003,3118183,1158,3118183,15138,14180
54660833,3118183,3133781,1158,3133781,16320,15598
54915833,3133781,3145125,1158,3145125,12226,11344
55165833,3146543,3160723,1158,3160723,14935,14180
55402833,3160723,3176321,1158,3176321,16823,15598
55636833,3176321,3208935,1158,3208935,33679,32614
55873833,3190501,3244385,1158,3244385,52934,53884
56210833,3211771,3259983,1158,3259983,46739,48212
56708833,3242967,3286925,1158,3286925,40967,43958
57517833,3298269,3335137,1158,3335137,36215,36868
58121833,3336555,3370587,1158,3370587,32458,34032
58684833,3374841,3413127,1158,3413127,38320,38286
59196833,3407455,3445741,1158,3445741,38276,38286
59786833,3445741,3482609,1158,3482609,35426,36868
