timestamp,rWnd0,rWnd1
611833,1073725440,1073725440
611833,1073725440,1073725440
829833,1073725440,1073725440
1052833,1073725440,1073725440
1361833,1073725440,1073725440
1686833,1073725440,1073725440
1998833,1073725440,1073725440
2456833,1073725440,1073725440
2906833,1073725440,1073725440
3643833,1073725440,1073725440
4185833,1073725440,1073725440
4651833,1073725440,1073725440
5170833,1073725440,1073725440
5600833,1073725440,1073725440
6072833,1073725440,1073725440
6590833,1073725440,1073725440
7010833,1073725440,1073725440
7459833,1073725440,1073725440
7796833,1073725440,1073725440
8149833,1073725440,1073725440
8428833,1073725440,1073725440
8682833,1073725440,1073725440
8932833,1073725440,1073725440
9170833,1073725440,1073725440
9415833,1073725440,1073725440
9652833,1073725440,1073725440
9885833,1073725440,1073725440
10117833,1073725440,1073725440
10348833,1073725440,1073725440
10578833,1073725440,1073725440
10812833,1073725440,1073725440
11043833,1073725440,1073725440
11279833,1073725440,1073725440
11512833,1073725440,1073725440
11751833,1073725440,1073725440
11988833,1073725440,1073725440
12221833,1073725440,1073725440
12465833,1073725440,1073725440
12700833,1073725440,1073725440
12932833,1073725440,1073725440
13163833,1073725440,1073725440
13393833,1073725440,1073725440
13623833,1073725440,1073725440
13862833,1073725440,1073725440
14116833,1073725440,1073725440
14481833,1073725440,1073725440
15027833,1073725440,1073725440
15513833,1073725440,1073725440
15899833,1073725440,1073725440
16221833,1073725440,1073725440
16491833,1073725440,1073725440
16754833,1073725440,1073725440
17016833,1073725440,1073725440
17260833,1073725440,1073725440
17496833,1073725440,1073725440
17734833,1073725440,1073725440
17968833,1073725440,1073725440
18201833,1073725440,1073725440
18432833,1073725440,1073725440
18663833,1073725440,1073725440
18893833,1073725440,1073725440
19123833,1073725440,1073725440
19353833,1073725440,1073725440
19587833,1073725440,1073725440
19819833,1073725440,1073725440
20050833,1073725440,1073725440
20281833,1073725440,1073725440
20511833,1073725440,1073725440
20741833,1073725440,1073725440
20971833,1073725440,1073725440
21203833,1073725440,1073725440
21434833,1073725440,1073725440
21665833,1073725440,1073725440
21895833,1073725440,1073725440
22125833,1073725440,1073725440
22357833,1073725440,1073725440
22589833,1073725440,1073725440
22820833,1073725440,1073725440
23075833,1073725440,1073725440
23325833,1073725440,1073725440
23561833,1073725440,1073725440
23822833,1073725440,1073725440
24083833,1073725440,1073725440
24379833,1073725440,1073725440
24685833,1073725440,1073725440
24993833,1073725440,1073725440
25321833,1073725440,1073725440
25708833,1073725440,1073725440
25971833,1073725440,1073725440
26210833,1073725440,1073725440
26443833,1073725440,1073725440
26783833,1073725440,1073725440
27230833,1073725440,1073725440
27539833,1073725440,1073725440
27848833,1073725440,1073725440
28137833,1073725440,1073725440
28423833,1073725440,1073725440
28841833,1073725440,1073725440
29285833,1073725440,1073725440
29593833,1073725440,1073725440
29857833,1073725440,1073725440
30101833,1073725440,1073725440
30336833,1073725440,1073725440
30568833,1073725440,1073725440
30799833,1073725440,1073725440
31042833,1073725440,1073725440
31342833,1073725440,1073725440
31652833,1073725440,1073725440
31918833,1073725440,1073725440
32169833,1073725440,1073725440
32410833,1073725440,1073725440
32647833,1073725440,1073725440
32880833,1073725440,1073725440
33122833,1073725440,1073725440
33358833,1073725440,1073725440
33592833,1073725440,1073725440
33836833,1073725440,1073725440
34079833,1073725440,1073725440
34315833,1073725440,1073725440
34547833,1073725440,1073725440
34778833,1073725440,1073725440
35009833,1073725440,1073725440
35239833,1073725440,1073725440
35469833,1073725440,1073725440
35699833,1073725440,1073725440
35931833,1073725440,1073725440
36169833,1073725440,1073725440
36407833,1073725440,1073725440
36640833,1073725440,1073725440
36871833,1073725440,1073725440
37104833,1073725440,1073725440
37388833,1073725440,1073725440
37672833,1073725440,1073725440
37935833,1073725440,1073725440
38178833,1073725440,1073725440
38417833,1073725440,1073725440
38672833,1073725440,1073725440
39007833,1073725440,1073725440
39471833,1073725440,1073725440
40034833,1073725440,1073725440
40419833,1073725440,1073725440
40800833,1073725440,1073725440
41075833,1073725440,1073725440
41323833,1073725440,1073725440
41561833,1073725440,1073725440
41796833,1073725440,1073725440
42038833,1073725440,1073725440
42314833,1073725440,1073725440
42666833,1073725440,1073725440
43030833,1073725440,1073725440
43387833,1073725440,1073725440
43637833,1073725440,1073725440
43873833,1073725440,1073725440
44166833,1073725440,1073725440
44430833,1073725440,1073725440
44764833,1073725440,1073725440
45098833,1073725440,1073725440
45411833,1073725440,1073725440
45674833,1073725440,1073725440
45917833,1073725440,1073725440
46153833,1073725440,1073725440
46428833,1073725440,1073725440
46678833,1073725440,1073725440
46914833,1073725440,1073725440
47146833,1073725440,1073725440
47377833,1073725440,1073725440
47607833,1073725440,1073725440
47837833,1073725440,1073725440
48067833,1073725440,1073725440
48304833,1073725440,1073725440
48537833,1073725440,1073725440
48768833,1073725440,1073725440
49030833,1073725440,1073725440
49290833,1073725440,1073725440
49530833,1073725440,1073725440
49787833,1073725440,1073725440
50028833,1073725440,1073725440
50272833,1073725440,1073725440
50508833,1073725440,1073725440
50750833,1073725440,1073725440
50986833,1073725440,1073725440
51224833,1073725440,1073725440
51512833,1073725440,1073725440
51784833,1073725440,1073725440
52040833,1073725440,1073725440
52327833,1073725440,1073725440
52590833,1073725440,1073725440
52832833,1073725440,1073725440
53116833,1073725440,1073725440
53401833,1073725440,1073725440
53648833,1073725440,1073725440
53883833,1073725440,1073725440
54115833,1073725440,1073725440
54346833,1073725440,1073725440
54576833,1073725440,1073725440
54814833,1073725440,1073725440
55047833,1073725440,1073725440
55291833,1073725440,1073725440
55530833,1073725440,1073725440
55763833,1073725440,1073725440
56016833,1073725440,1073725440
56257833,1073725440,1073725440
56502833,1073725440,1073725440
56739833,1073725440,1073725440
56977833,1073725440,1073725440
57217833,1073725440,1073725440
57504833,1073725440,1073725440
57905833,1073725440,1073725440
58372833,1073725440,1073725440
58846833,1073725440,1073725440
59387833,1073725440,1073725440
59684833,1073725440,1073725440
59954833,1073725440,1073725440
