timestamp,cWnd0,cWnd1
611833,5672,5672
611833,23689,1500
829833,23689,1500
1052833,14545,1500
1361833,19418,1500
1686833,32048,1500
1998833,26534,1500
2456833,51879,1500
2906833,35487,1500
3643833,25643,1500
4185833,32323,1500
4651833,23101,1500
5170833,29635,1500
5600833,32031,1500
6072833,23230,1500
6590833,27769,1500
7010833,17501,1500
7459833,21495,1500
7796833,11427,1500
8149833,8269,1500
8428833,10609,1500
8682833,11008,1500
8932833,13784,1500
9170833,9030,1500
9415833,8473,1500
9652833,7365,1500
9885833,8105,1500
10117833,9342,1500
10348833,11860,1500
10578833,10625,1500
10812833,12810,1500
11043833,8014,1500
11279833,12750,1500
11512833,13644,1500
11751833,12236,1500
11988833,14566,1500
12221833,13278,1500
12465833,11612,1500
12700833,12094,1500
12932833,11413,1500
13163833,11711,1500
13393833,14595,1500
13623833,16311,1500
13862833,34842,1500
14116833,39497,1500
14481833,28668,1500
15027833,24468,1500
15513833,21183,1500
15899833,15940,1500
16221833,16149,1500
16491833,15972,1500
16754833,8810,1500
17016833,8537,1500
17260833,12841,1500
17496833,11186,1500
17734833,13372,1500
17968833,12689,1500
18201833,8622,1500
18432833,7676,1500
18663833,8922,1500
18893833,9363,1500
19123833,12202,1500
19353833,7163,1500
19587833,7971,1500
19819833,6780,1500
20050833,4467,1500
20281833,5406,1500
20511833,6859,1500
20741833,7789,1500
20971833,5980,1500
21203833,5468,1500
21434833,4548,1500
21665833,5514,1500
21895833,7276,1500
22125833,6316,1500
22357833,7305,1500
22589833,13476,1500
22820833,14584,1500
23075833,12321,1500
23325833,15736,1500
23561833,15974,1500
23822833,18828,1500
24083833,19590,1500
24379833,19184,1500
24685833,20823,1500
24993833,24683,1500
25321833,13547,1500
25708833,13446,1500
25971833,13563,1500
26210833,30068,1500
26443833,24571,1500
26783833,16940,1500
27230833,19108,1500
27539833,18396,1500
27848833,17619,1500
28137833,30873,1500
28423833,25974,1500
28841833,21049,1500
29285833,16486,1500
29593833,15258,1500
29857833,10434,1500
30101833,11680,1500
30336833,11051,1500
30568833,14411,1500
30799833,20049,1500
31042833,18864,1500
31342833,9547,1500
31652833,6022,1500
31918833,7039,1500
32169833,9922,1500
32410833,8473,1500
32647833,10724,1500
32880833,7538,1500
33122833,7000,1500
33358833,12112,1500
33592833,12915,1500
33836833,9987,1500
34079833,11955,1500
34315833,8035,1500
34547833,6252,1500
34778833,5539,1500
35009833,5846,1500
35239833,4623,1500
35469833,7792,1500
35699833,10121,1500
35931833,11543,1500
36169833,11950,1500
36407833,9409,1500
36640833,12274,1500
36871833,17220,1500
37104833,17837,1500
37388833,16050,1500
37672833,15088,1500
37935833,15579,1500
38178833,15851,1500
38417833,23003,1500
38672833,34522,1500
39007833,34388,1500
39471833,20578,1500
40034833,23549,1500
40419833,16543,1500
40800833,10650,1500
41075833,8152,1500
41323833,9490,1500
41561833,12530,1500
41796833,17010,1500
42038833,25149,1500
42314833,22074,1500
42666833,22553,1500
43030833,15328,1500
43387833,14078,1500
43637833,18484,1500
43873833,14663,1500
44166833,22498,1500
44430833,20247,1500
44764833,19266,1500
45098833,11070,1500
45411833,7876,1500
45674833,9757,1500
45917833,14292,1500
46153833,10636,1500
46428833,13518,1500
46678833,14113,1500
46914833,13627,1500
47146833,11981,1500
47377833,6961,1500
47607833,5647,1500
47837833,8847,1500
48067833,8857,1500
48304833,8975,1500
48537833,14231,1500
48768833,15888,1500
49030833,12556,1500
49290833,16578,1500
49530833,11297,1500
49787833,14192,1500
50028833,9388,1500
50272833,15089,1500
50508833,9242,1500
50750833,14086,1500
50986833,18910,1500
51224833,8448,1500
51512833,11906,1500
51784833,17128,1500
52040833,16461,1500
52327833,13523,1500
52590833,17536,1500
52832833,17075,1500
53116833,15238,1500
53401833,12878,1500
53648833,9598,1500
53883833,10369,1500
54115833,9816,1500
54346833,13571,1500
54576833,13970,1500
54814833,15152,1500
55047833,14815,1500
55291833,13350,1500
55530833,16202,1500
55763833,11269,1500
56016833,14406,1500
56257833,9708,1500
56502833,13141,1500
56739833,14787,1500
56977833,18740,1500
57217833,31711,1500
57504833,27572,1500
57905833,28723,1500
58372833,33562,1500
58846833,20445,1500
59387833,16636,1500
59684833,10927,1500
59954833,10304,1500
