timestamp,availableTxBuffer0,availableTxBuffer1
611833,246472,246472
611833,246472,246472
829833,229456,246472
1052833,237964,250726
1361833,233710,250726
1686833,220948,250726
1998833,226620,250726
2456833,201096,250726
2906833,216694,250726
3643833,226620,250726
4185833,220948,250726
4651833,229456,250726
5170833,223784,250726
5600833,220948,250726
6072833,229456,250726
6590833,225202,250726
7010833,235128,250726
7459833,230874,250726
7796833,240800,250726
8149833,245054,250726
8428833,243636,250726
8682833,242218,250726
8932833,239382,250726
9170833,243636,250726
9415833,245054,250726
9652833,245054,250726
9885833,245054,250726
10117833,243636,250726
10348833,240800,250726
10578833,242218,250726
10812833,239382,250726
11043833,245054,250726
11279833,240800,250726
11512833,239382,250726
11751833,240800,250726
11988833,237964,250726
12221833,239382,250726
12465833,240800,250726
12700833,240800,250726
12932833,240800,250726
13163833,240800,250726
13393833,237964,250726
13623833,236546,250726
13862833,218112,250726
14116833,213858,250726
14481833,223784,250726
15027833,228038,250726
15513833,232292,250726
15899833,236546,250726
16221833,236546,250726
16491833,236546,250726
16754833,243636,250726
17016833,243636,250726
17260833,239382,250726
17496833,242218,250726
17734833,240800,250726
17968833,240800,250726
18201833,243636,250726
18432833,245054,250726
18663833,245054,250726
18893833,243636,250726
19123833,240800,250726
19353833,245054,250726
19587833,245054,250726
19819833,246472,250726
20050833,247890,250726
20281833,247890,250726
20511833,246472,250726
20741833,245054,250726
20971833,246472,250726
21203833,247890,250726
21434833,247890,250726
21665833,247890,250726
21895833,245054,250726
22125833,246472,250726
22357833,245054,250726
22589833,239382,250726
22820833,237964,250726
23075833,240800,250726
23325833,236546,250726
23561833,236546,250726
23822833,233710,250726
24083833,233710,250726
24379833,233710,250726
24685833,232292,252144
24993833,228038,250726
25321833,239382,250726
25708833,239382,250726
25971833,239382,250726
26210833,222366,250726
26443833,228038,250726
26783833,236546,250726
27230833,233710,250726
27539833,235128,250726
27848833,235128,250726
28137833,222366,250726
28423833,226620,250726
28841833,232292,250726
29285833,236546,250726
29593833,237964,250726
29857833,242218,250726
30101833,240800,250726
30336833,242218,250726
30568833,237964,250726
30799833,232292,250726
31042833,233710,250726
31342833,243636,250726
31652833,246472,250726
31918833,246472,250726
32169833,243636,250726
32410833,245054,250726
32647833,242218,250726
32880833,245054,250726
33122833,246472,250726
33358833,240800,250726
33592833,239382,250726
33836833,242218,250726
34079833,242218,250726
34315833,245054,250726
34547833,246472,250726
34778833,247890,250726
35009833,247890,250726
35239833,247890,250726
35469833,245054,250726
35699833,242218,250726
35931833,240800,250726
36169833,240800,250726
36407833,243636,250726
36640833,240800,250726
36871833,235128,250726
37104833,235128,250726
37388833,236546,250726
37672833,237964,250726
37935833,237964,250726
38178833,236546,250726
38417833,229456,250726
38672833,218112,250726
39007833,218112,250726
39471833,232292,250726
40034833,229456,250726
40419833,236546,250726
40800833,242218,250726
41075833,245054,250726
41323833,243636,250726
41561833,242218,250726
41796833,236546,250726
42038833,228038,250726
42314833,230874,250726
42666833,230874,250726
43030833,237964,250726
43387833,239382,250726
43637833,233710,250726
43873833,237964,250726
44166833,232292,250726
44430833,232292,250726
44764833,233710,250726
45098833,242218,250726
45411833,245054,250726
45674833,243636,250726
45917833,237964,250726
46153833,242218,250726
46428833,239382,250726
46678833,239382,250726
46914833,239382,250726
47146833,240800,250726
47377833,246472,250726
47607833,247890,250726
47837833,243636,250726
48067833,243636,250726
48304833,243636,250726
48537833,239382,250726
48768833,236546,250726
49030833,240800,250726
49290833,236546,252144
49530833,242218,252144
49787833,237964,250726
50028833,243636,250726
50272833,237964,250726
50508833,243636,250726
50750833,239382,250726
50986833,235128,250726
51224833,245054,250726
51512833,240800,250726
51784833,235128,250726
52040833,236546,250726
52327833,240800,250726
52590833,235128,252144
52832833,235128,250726
53116833,237964,250726
53401833,239382,250726
53648833,243636,250726
53883833,242218,250726
54115833,243636,250726
54346833,239382,250726
54576833,239382,250726
54814833,237964,250726
55047833,237964,250726
55291833,239382,250726
55530833,236546,250726
55763833,242218,250726
56016833,237964,250726
56257833,243636,250726
56502833,239382,250726
56739833,237964,250726
56977833,233710,250726
57217833,220948,250726
57504833,225202,250726
57905833,225202,250726
58372833,219530,250726
58846833,232292,250726
59387833,236546,250726
59684833,242218,250726
59954833,242218,250726
