timestamp,rtt0,rtt1
611833,218,184
611833,218,184
829833,223,184
1052833,309,219
1361833,325,221
1686833,312,223
1998833,458,224
2456833,450,225
2906833,737,226
3643833,542,227
4185833,466,228
4651833,519,228
5170833,430,229
5600833,472,229
6072833,518,229
6590833,420,229
7010833,449,229
7459833,337,229
7796833,353,230
8149833,279,230
8428833,254,230
8682833,250,230
8932833,238,230
9170833,245,230
9415833,237,230
9652833,233,230
9885833,232,230
10117833,231,230
10348833,230,230
10578833,234,230
10812833,231,230
11043833,236,230
11279833,233,230
11512833,239,230
11751833,237,230
11988833,233,230
12221833,244,230
12465833,235,230
12700833,232,230
12932833,231,230
13163833,230,230
13393833,230,230
13623833,239,230
13862833,254,230
14116833,365,230
14481833,546,230
15027833,486,230
15513833,386,230
15899833,322,230
16221833,270,230
16491833,263,230
16754833,262,230
17016833,244,230
17260833,236,230
17496833,238,230
17734833,234,230
17968833,233,230
18201833,231,230
18432833,231,230
18663833,230,230
18893833,230,230
19123833,230,230
19353833,234,230
19587833,232,230
19819833,231,230
20050833,231,230
20281833,230,230
20511833,230,230
20741833,230,230
20971833,232,230
21203833,231,230
21434833,231,230
21665833,230,230
21895833,230,230
22125833,232,230
22357833,232,230
22589833,231,230
22820833,255,230
23075833,250,230
23325833,236,230
23561833,261,230
23822833,261,230
24083833,296,230
24379833,306,230
24685833,308,230
24993833,328,230
25321833,387,230
25708833,263,230
25971833,239,230
26210833,233,230
26443833,340,230
26783833,447,230
27230833,309,230
27539833,309,230
27848833,289,230
28137833,286,230
28423833,418,230
28841833,444,230
29285833,308,230
29593833,264,230
29857833,244,230
30101833,235,230
30336833,232,230
30568833,231,230
30799833,243,230
31042833,300,230
31342833,310,230
31652833,266,230
31918833,251,230
32169833,241,230
32410833,237,230
32647833,233,230
32880833,242,230
33122833,236,230
33358833,234,230
33592833,244,230
33836833,243,230
34079833,236,230
34315833,232,230
34547833,231,230
34778833,231,230
35009833,230,230
35239833,230,230
35469833,230,230
35699833,232,230
35931833,238,230
36169833,238,230
36407833,233,230
36640833,231,230
36871833,233,230
37104833,284,230
37388833,284,230
37672833,263,230
37935833,243,230
38178833,239,230
38417833,255,230
38672833,335,230
39007833,464,230
39471833,563,230
40034833,385,230
40419833,381,230
40800833,275,230
41075833,248,230
41323833,238,230
41561833,235,230
41796833,242,230
42038833,276,230
42314833,352,230
42666833,364,230
43030833,357,230
43387833,250,230
43637833,236,230
43873833,293,230
44166833,264,230
44430833,334,230
44764833,334,230
45098833,313,230
45411833,263,230
45674833,243,230
45917833,236,230
46153833,275,230
46428833,250,230
46678833,236,230
46914833,232,230
47146833,231,230
47377833,230,230
47607833,230,230
47837833,230,230
48067833,237,230
48304833,233,230
48537833,231,230
48768833,262,230
49030833,260,230
49290833,240,230
49530833,257,230
49787833,241,230
50028833,244,230
50272833,236,230
50508833,242,230
50750833,236,230
50986833,238,230
51224833,288,230
51512833,272,230
51784833,256,230
52040833,287,230
52327833,263,230
52590833,242,230
52832833,284,230
53116833,285,230
53401833,247,230
53648833,235,230
53883833,232,230
54115833,231,230
54346833,230,230
54576833,238,230
54814833,233,230
55047833,244,230
55291833,239,230
55530833,233,230
55763833,253,230
56016833,241,230
56257833,245,230
56502833,237,230
56739833,238,230
56977833,240,230
57217833,287,230
57504833,401,230
57905833,467,230
58372833,474,230
58846833,541,230
59387833,297,230
59684833,270,230
59954833,246,230
