timestamp,unAck0,unAck1
611833,5672,5672
611833,5672,5672
829833,22688,5672
1052833,14180,1418
1361833,18434,1418
1686833,31196,1418
1998833,25524,1418
2456833,51048,1418
2906833,35450,1418
3643833,25524,1418
4185833,31196,1418
4651833,22688,1418
5170833,28360,1418
5600833,31196,1418
6072833,22688,1418
6590833,26942,1418
7010833,17016,1418
7459833,21270,1418
7796833,11344,1418
8149833,7090,1418
8428833,8508,1418
8682833,9926,1418
8932833,12762,1418
9170833,8508,1418
9415833,7090,1418
9652833,7090,1418
9885833,7090,1418
10117833,8508,1418
10348833,11344,1418
10578833,9926,1418
10812833,12762,1418
11043833,7090,1418
11279833,11344,1418
11512833,12762,1418
11751833,11344,1418
11988833,14180,1418
12221833,12762,1418
12465833,11344,1418
12700833,11344,1418
12932833,11344,1418
13163833,11344,1418
13393833,14180,1418
13623833,15598,1418
13862833,34032,1418
14116833,38286,1418
14481833,28360,1418
15027833,24106,1418
15513833,19852,1418
15899833,15598,1418
16221833,15598,1418
16491833,15598,1418
16754833,8508,1418
17016833,8508,1418
17260833,12762,1418
17496833,9926,1418
17734833,11344,1418
17968833,11344,1418
18201833,8508,1418
18432833,7090,1418
18663833,7090,1418
18893833,8508,1418
19123833,11344,1418
19353833,7090,1418
19587833,7090,1418
19819833,5672,1418
20050833,4254,1418
20281833,4254,1418
20511833,5672,1418
20741833,7090,1418
20971833,5672,1418
21203833,4254,1418
21434833,4254,1418
21665833,4254,1418
21895833,7090,1418
22125833,5672,1418
22357833,7090,1418
22589833,12762,1418
22820833,14180,1418
23075833,11344,1418
23325833,15598,1418
23561833,15598,1418
23822833,18434,1418
24083833,18434,1418
24379833,18434,1418
24685833,19852,0
24993833,24106,1418
25321833,12762,1418
25708833,12762,1418
25971833,12762,1418
26210833,29778,1418
26443833,24106,1418
26783833,15598,1418
27230833,18434,1418
27539833,17016,1418
27848833,17016,1418
28137833,29778,1418
28423833,25524,1418
28841833,19852,1418
29285833,15598,1418
29593833,14180,1418
29857833,9926,1418
30101833,11344,1418
30336833,9926,1418
30568833,14180,1418
30799833,19852,1418
31042833,18434,1418
31342833,8508,1418
31652833,5672,1418
31918833,5672,1418
32169833,8508,1418
32410833,7090,1418
32647833,9926,1418
32880833,7090,1418
33122833,5672,1418
33358833,11344,1418
33592833,12762,1418
33836833,9926,1418
34079833,9926,1418
34315833,7090,1418
34547833,5672,1418
34778833,4254,1418
35009833,4254,1418
35239833,4254,1418
35469833,7090,1418
35699833,9926,1418
35931833,11344,1418
36169833,11344,1418
36407833,8508,1418
36640833,11344,1418
36871833,17016,1418
37104833,17016,1418
37388833,15598,1418
37672833,14180,1418
37935833,14180,1418
38178833,15598,1418
38417833,22688,1418
38672833,34032,1418
39007833,34032,1418
39471833,19852,1418
40034833,22688,1418
40419833,15598,1418
40800833,9926,1418
41075833,7090,1418
41323833,8508,1418
41561833,9926,1418
41796833,15598,1418
42038833,24106,1418
42314833,21270,1418
42666833,21270,1418
43030833,14180,1418
43387833,12762,1418
43637833,18434,1418
43873833,14180,1418
44166833,19852,1418
44430833,19852,1418
44764833,18434,1418
45098833,9926,1418
45411833,7090,1418
45674833,8508,1418
45917833,14180,1418
46153833,9926,1418
46428833,12762,1418
46678833,12762,1418
46914833,12762,1418
47146833,11344,1418
47377833,5672,1418
47607833,4254,1418
47837833,8508,1418
48067833,8508,1418
48304833,8508,1418
48537833,12762,1418
48768833,15598,1418
49030833,11344,1418
49290833,15598,0
49530833,9926,0
49787833,14180,1418
50028833,8508,1418
50272833,14180,1418
50508833,8508,1418
50750833,12762,1418
50986833,17016,1418
51224833,7090,1418
51512833,11344,1418
51784833,17016,1418
52040833,15598,1418
52327833,11344,1418
52590833,17016,0
52832833,17016,1418
53116833,14180,1418
53401833,12762,1418
53648833,8508,1418
53883833,9926,1418
54115833,8508,1418
54346833,12762,1418
54576833,12762,1418
54814833,14180,1418
55047833,14180,1418
55291833,12762,1418
55530833,15598,1418
55763833,9926,1418
56016833,14180,1418
56257833,8508,1418
56502833,12762,1418
56739833,14180,1418
56977833,18434,1418
57217833,31196,1418
57504833,26942,1418
57905833,26942,1418
58372833,32614,1418
58846833,19852,1418
59387833,15598,1418
59684833,9926,1418
59954833,9926,1418
