timestamp,lastAckedSeq,highTxMark,availableTxBuffer,nextTxSeq,totalCwnd,unAckMeta
611833,5673,17017,1158,17017,11344,11344
611833,5673,17017,1158,17017,25189,11344
829833,11345,39705,1158,39705,25189,28360
1052833,29779,45377,1158,45377,16045,15598
1361833,49631,69483,1158,69483,20918,19852
1686833,70901,104933,1158,104933,33548,34032
1998833,90753,119113,1158,119113,28034,28360
2456833,120531,174415,1158,174415,53379,53884
2906833,147473,188595,1158,188595,36987,41122
3643833,198521,226881,1158,226881,27143,28360
4185833,233971,268003,1158,268003,33823,34032
4651833,263749,289273,1158,289273,24601,25524
5170833,297781,328977,1158,328977,31135,31196
5600833,326141,360173,1158,360173,33531,34032
6072833,357337,382861,1158,382861,24730,25524
6590833,389951,419729,1158,419729,29269,29778
7010833,418311,438163,1158,438163,19001,19852
7459833,448089,472195,1158,472195,22995,24106
7796833,470777,483539,1158,483539,12927,12762
8149833,484957,493465,1158,493465,9769,8508
8428833,497719,507645,2576,507645,12109,9926
8682833,509063,520407,1158,520407,12508,11344
8932833,521825,536005,1158,536005,15284,14180
9170833,536005,545931,1158,545931,10530,9926
9415833,545931,554439,1158,554439,9973,8508
9652833,554439,562947,1158,562947,8865,8508
9885833,562947,571455,1158,571455,9605,8508
10117833,572873,582799,1158,582799,10842,9926
10348833,582799,595561,1158,595561,13360,12762
10578833,594143,605487,1158,605487,12125,11344
10812833,606905,621085,1158,621085,14310,14180
11043833,621085,629593,1158,629593,9514,8508
11279833,629593,642355,1158,642355,14250,12762
11512833,642355,656535,1158,656535,15144,14180
11751833,656535,669297,1158,669297,13736,12762
11988833,669297,684895,1158,684895,16066,15598
12221833,684895,699075,1158,699075,14778,14180
12465833,699075,711837,1158,711837,13112,12762
12700833,711837,724599,1158,724599,13594,12762
12932833,724599,737361,1158,737361,12913,12762
13163833,737361,750123,1158,750123,13211,12762
13393833,750123,765721,1158,765721,16095,15598
13623833,765721,782737,1158,782737,17811,17016
13862833,781319,816769,1158,816769,36342,35450
14116833,796917,838039,1158,838039,40997,41122
14481833,819605,852219,1158,852219,30168,32614
15027833,856473,883415,1158,883415,25968,26942
15513833,889087,910357,1158,910357,22683,21270
15899833,914611,931627,1158,931627,17440,17016
16221833,935881,952897,1158,952897,17649,17016
16491833,952897,969913,1158,969913,17472,17016
16754833,969913,979839,1158,979839,10310,9926
17016833,981257,991183,1158,991183,10037,9926
17260833,992601,1006781,1158,1006781,14341,14180
17496833,1006781,1018125,1158,1018125,12686,11344
17734833,1019543,1032305,2576,1032305,14872,12762
17968833,1032305,1045067,1158,1045067,14189,12762
18201833,1045067,1054993,1158,1054993,10122,9926
18432833,1054993,1063501,1158,1063501,9176,8508
18663833,1064919,1073427,2576,1073427,10422,8508
18893833,1073427,1083353,1158,1083353,10863,9926
19123833,1083353,1096115,1158,1096115,13702,12762
19353833,1096115,1104623,1158,1104623,8663,8508
19587833,1104623,1113131,1158,1113131,9471,8508
19819833,1113131,1120221,1158,1120221,8280,7090
20050833,1120221,1125893,1158,1125893,5967,5672
20281833,1125893,1131565,1158,1131565,6906,5672
20511833,1131565,1138655,1158,1138655,8359,7090
20741833,1138655,1147163,1158,1147163,9289,8508
20971833,1147163,1154253,1158,1154253,7480,7090
21203833,1154253,1159925,1158,1159925,6968,5672
21434833,1159925,1165597,1158,1165597,6048,5672
21665833,1165597,1171269,1158,1171269,7014,5672
21895833,1171269,1179777,1158,1179777,8776,8508
22125833,1179777,1186867,1158,1186867,7816,7090
22357833,1186867,1195375,1158,1195375,8805,8508
22589833,1195375,1209555,1158,1209555,14976,14180
22820833,1209555,1225153,1158,1225153,16084,15598
23075833,1225153,1237915,1158,1237915,13821,12762
23325833,1239333,1256349,1158,1256349,17236,17016
23561833,1254931,1271947,1158,1271947,17474,17016
23822833,1271947,1291799,1158,1291799,20328,19852
24083833,1288963,1308815,1158,1308815,21090,19852
24379833,1307397,1327249,1158,1327249,20684,19852
24685833,1327249,1348519,1158,1348519,22323,21270
24993833,1347101,1374043,1158,1374043,26183,26942
25321833,1368371,1383969,1158,1383969,15047,15598
25708833,1393895,1408075,1158,1408075,14946,14180
25971833,1409493,1423673,1158,1423673,15063,14180
26210833,1423673,1454869,1158,1454869,31568,31196
26443833,1437853,1464795,1158,1464795,26071,26942
26783833,1460541,1477557,1158,1477557,18440,17016
27230833,1490319,1510171,1158,1510171,20608,19852
27539833,1510171,1530023,1158,1530023,19896,19852
27848833,1531441,1549875,1158,1549875,19119,18434
28137833,1549875,1581071,1158,1581071,32373,31196
28423833,1566891,1595251,1158,1595251,27474,28360
28841833,1593833,1616521,1158,1616521,22549,22688
29285833,1625029,1642045,1158,1642045,17986,17016
29593833,1644881,1660479,1158,1660479,16758,15598
29857833,1660479,1671823,1158,1671823,11934,11344
30101833,1673241,1686003,1158,1686003,13180,12762
30336833,1686003,1697347,1158,1697347,12551,11344
30568833,1697347,1712945,1158,1712945,15911,15598
30799833,1712945,1734215,1158,1734215,21549,21270
31042833,1728543,1748395,1158,1748395,20364,19852
31342833,1749813,1759739,1158,1759739,11047,9926
31652833,1759739,1766829,1158,1766829,7522,7090
31918833,1766829,1773919,1158,1773919,8539,7090
32169833,1775337,1785263,1158,1785263,11422,9926
32410833,1785263,1793771,1158,1793771,9973,8508
32647833,1795189,1806533,1158,1806533,12224,11344
32880833,1806533,1815041,1158,1815041,9038,8508
33122833,1815041,1822131,1158,1822131,8500,7090
33358833,1822131,1834893,1158,1834893,13612,12762
33592833,1836311,1850491,1158,1850491,14415,14180
33836833,1850491,1861835,1158,1861835,11487,11344
34079833,1863253,1874597,2576,1874597,13455,11344
34315833,1874597,1883105,1158,1883105,9535,8508
34547833,1883105,1890195,1158,1890195,7752,7090
34778833,1890195,1895867,1158,1895867,7039,5672
35009833,1897285,1902957,2576,1902957,7346,5672
35239833,1902957,1908629,1158,1908629,6123,5672
35469833,1908629,1917137,1158,1917137,9292,8508
35699833,1917137,1928481,1158,1928481,11621,11344
35931833,1929899,1942661,1158,1942661,13043,12762
36169833,1942661,1955423,1158,1955423,13450,12762
36407833,1955423,1965349,1158,1965349,10909,9926
36640833,1965349,1978111,1158,1978111,13774,12762
36871833,1978111,1996545,1158,1996545,18720,18434
37104833,1993709,2012143,1158,2012143,19337,18434
37388833,2012143,2029159,1158,2029159,17550,17016
37672833,2030577,2046175,1158,2046175,16588,15598
37935833,2049011,2064609,1158,2064609,17079,15598
38178833,2064609,2081625,1158,2081625,17351,17016
38417833,2078789,2104313,1158,2104313,24503,25524
38672833,2095805,2132673,1158,2132673,36022,36868
39007833,2117075,2153943,1158,2153943,35888,36868
39471833,2146853,2169541,1158,2169541,22078,22688
40034833,2185139,2209245,1158,2209245,25049,24106
40419833,2210663,2227679,1158,2227679,18043,17016
40800833,2231933,2243277,1158,2243277,12150,11344
41075833,2243277,2251785,1158,2251785,9652,8508
41323833,2253203,2263129,1158,2263129,10990,9926
41561833,2264547,2275891,2576,2275891,14030,11344
41796833,2277309,2294325,1158,2294325,18510,17016
42038833,2292907,2318431,1158,2318431,26649,25524
42314833,2308505,2332611,1158,2332611,23574,24106
42666833,2332611,2355299,1158,2355299,24053,22688
43030833,2356717,2372315,1158,2372315,16828,15598
43387833,2380823,2395003,2576,2395003,15578,14180
43637833,2395003,2414855,1158,2414855,19984,19852
43873833,2409183,2426199,1158,2426199,16163,17016
44166833,2430453,2451723,2576,2451723,23998,21270
44430833,2446051,2468739,1158,2468739,21747,22688
44764833,2468739,2488591,1158,2488591,20766,19852
45098833,2490009,2501353,1158,2501353,12570,11344
45411833,2501353,2509861,1158,2509861,9376,8508
45674833,2512697,2522623,1158,2522623,11257,9926
45917833,2522623,2538221,1158,2538221,15792,15598
46153833,2538221,2549565,1158,2549565,12136,11344
46428833,2552401,2566581,1158,2566581,15018,14180
46678833,2566581,2580761,1158,2580761,15613,14180
46914833,2580761,2594941,1158,2594941,15127,14180
47146833,2594941,2607703,1158,2607703,13481,12762
47377833,2607703,2614793,1158,2614793,8461,7090
47607833,2614793,2620465,1158,2620465,7147,5672
47837833,2620465,2630391,1158,2630391,10347,9926
48067833,2630391,2640317,1158,2640317,10357,9926
48304833,2640317,2650243,1158,2650243,10475,9926
48537833,2651661,2665841,2576,2665841,15731,14180
48768833,2665841,2682857,1158,2682857,17388,17016
49030833,2682857,2695619,1158,2695619,14056,12762
49290833,2697037,2714053,1158,2714053,18078,17016
49530833,2712635,2723979,1158,2723979,12797,11344
49787833,2725397,2742413,1158,2742413,15692,17016
50028833,2742413,2752339,1158,2752339,10888,9926
50272833,2753757,2769355,1158,2769355,16589,15598
50508833,2769355,2779281,1158,2779281,10742,9926
50750833,2779281,2793461,1158,2793461,15586,14180
50986833,2794879,2813313,2576,2813313,20410,18434
51224833,2807641,2817567,1158,2817567,9948,9926
51512833,2821821,2834583,1158,2834583,13406,12762
51784833,2836001,2854435,1158,2854435,18628,18434
52040833,2853017,2870033,1158,2870033,17961,17016
52327833,2871451,2884213,2576,2884213,15023,12762
52590833,2887049,2905483,1158,2905483,19036,18434
52832833,2902647,2921081,1158,2921081,18575,18434
53116833,2922499,2938097,1158,2938097,16738,15598
53401833,2939515,2953695,1158,2953695,14378,14180
53648833,2953695,2963621,1158,2963621,11098,9926
53883833,2965039,2976383,1158,2976383,11869,11344
54115833,2976383,2986309,1158,2986309,11316,9926
54346833,2986309,3000489,1158,3000489,15071,14180
54576833,3000489,3014669,1158,3014669,15470,14180
54814833,3014669,3030267,1158,3030267,16652,15598
55047833,3030267,3045865,1158,3045865,16315,15598
55291833,3045865,3060045,1158,3060045,14850,14180
55530833,3060045,3077061,1158,3077061,17702,17016
55763833,3075643,3086987,1158,3086987,12769,11344
56016833,3088405,3104003,1158,3104003,15906,15598
56257833,3104003,3113929,1158,3113929,11208,9926
56502833,3113929,3128109,1158,3128109,14641,14180
56739833,3129527,3145125,1158,3145125,16287,15598
56977833,3145125,3164977,1158,3164977,20240,19852
57217833,3160723,3193337,1158,3193337,33211,32614
57504833,3177739,3207517,1158,3207517,29072,29778
57905833,3204681,3234459,2576,3234459,30223,29778
58372833,3234459,3269909,1158,3269909,35062,35450
58846833,3265655,3288343,1158,3288343,21945,22688
59387833,3302523,3319539,1158,3319539,18136,17016
59684833,3319539,3330883,1158,3330883,12427,11344
59954833,3332301,3343645,1158,3343645,11804,11344
