timestamp,rtt0,rtt1
611833,218,184
611833,218,184
829833,223,184
1052833,288,219
1340833,253,221
1593833,241,222
1834833,235,223
2069833,234,224
2303833,232,225
2535833,231,226
2766833,239,226
3005833,338,227
3343833,298,227
3641833,345,227
3986833,336,228
4322833,353,228
4675833,376,229
5051833,380,229
5431833,345,229
5776833,280,229
6056833,320,229
6376833,331,229
6707833,286,229
6993833,342,229
7335833,336,229
7671833,353,229
8024833,432,229
8456833,396,229
8852833,627,230
9479833,813,230
10292833,660,230
10952833,504,230
11456833,361,230
11817833,291,230
12108833,247,230
12355833,236,230
12591833,233,230
12824833,231,230
13055833,231,230
13286833,230,230
13516833,238,230
13754833,323,230
14077833,298,230
14375833,266,230
14641833,244,230
14885833,257,230
15142833,360,230
15502833,512,230
16014833,422,230
16436833,408,230
16844833,508,230
17352833,523,230
17875833,323,230
18198833,286,230
18484833,250,230
18734833,238,230
18972833,234,230
19206833,232,230
19438833,231,230
19669833,234,230
19903833,246,230
20149833,297,230
20446833,274,230
20720833,318,230
21038833,261,230
21299833,241,230
21540833,234,230
21774833,236,230
22010833,240,230
22250833,247,230
22497833,305,230
22802833,413,230
23215833,677,230
23892833,481,230
24373833,476,230
24849833,376,230
25225833,598,230
25823833,444,230
26267833,424,230
26691833,367,230
27058833,262,230
27320833,244,230
27564833,250,230
27814833,238,230
28052833,233,230
28285833,298,230
28583833,305,230
28888833,395,230
29283833,350,230
29633833,336,230
29969833,461,230
30430833,339,230
30769833,317,230
31086833,387,230
31473833,439,230
31912833,415,230
32327833,448,230
32775833,670,230
33445833,615,230
34060833,928,230
34988833,637,230
35625833,583,230
36208833,686,230
36894833,556,230
37450833,882,230
38332833,710,230
39042833,649,230
39691833,401,230
40092833,404,230
40496833,309,230
40805833,290,230
41095833,251,230
41346833,351,230
41697833,422,230
42119833,429,230
42548833,345,230
42893833,455,230
43348833,420,230
43768833,296,230
44064833,269,230
44333833,246,230
44579833,236,230
44815833,282,230
45097833,253,230
45350833,237,230
45587833,298,230
45885833,390,230
46275833,410,230
46685833,504,230
47189833,543,230
47732833,519,230
48251833,422,230
48673833,259,230
48932833,242,230
49174833,235,230
49409833,232,230
49641833,231,230
49872833,231,230
50103833,230,230
50333833,233,230
50566833,231,230
50797833,231,230
51028833,233,230
51261833,235,230
51496833,236,230
51732833,233,230
51965833,232,230
52197833,231,230
52428833,258,230
52686833,242,230
52928833,236,230
53164833,236,230
53400833,232,230
53632833,233,230
53865833,239,230
54104833,345,230
54449833,436,230
54885833,269,230
55154833,242,230
55396833,235,230
55631833,233,230
55864833,232,230
56096833,231,230
56327833,230,230
56557833,230,230
56787833,232,230
57019833,258,230
57277833,241,230
57518833,235,230
57753833,236,230
57989833,295,230
58284833,272,230
58556833,382,230
58938833,372,230
59310833,582,230
59892833,687,230
