timestamp,rWnd0,rWnd1
611833,1073725440,1073725440
611833,1073725440,1073725440
829833,1073725440,1073725440
1052833,1073725440,1073725440
1340833,1073725440,1073725440
1593833,1073725440,1073725440
1834833,1073725440,1073725440
2069833,1073725440,1073725440
2303833,1073725440,1073725440
2535833,1073725440,1073725440
2766833,1073725440,1073725440
3005833,1073725440,1073725440
3343833,1073725440,1073725440
3641833,1073725440,1073725440
3986833,1073725440,1073725440
4322833,1073725440,1073725440
4675833,1073725440,1073725440
5051833,1073725440,1073725440
5431833,1073725440,1073725440
5776833,1073725440,1073725440
6056833,1073725440,1073725440
6376833,1073725440,1073725440
6707833,1073725440,1073725440
6993833,1073725440,1073725440
7335833,1073725440,1073725440
7671833,1073725440,1073725440
8024833,1073725440,1073725440
8456833,1073725440,1073725440
8852833,1073725440,1073725440
9479833,1073725440,1073725440
10292833,1073725440,1073725440
10952833,1073725440,1073725440
11456833,1073725440,1073725440
11817833,1073725440,1073725440
12108833,1073725440,1073725440
12355833,1073725440,1073725440
12591833,1073725440,1073725440
12824833,1073725440,1073725440
13055833,1073725440,1073725440
13286833,1073725440,1073725440
13516833,1073725440,1073725440
13754833,1073725440,1073725440
14077833,1073725440,1073725440
14375833,1073725440,1073725440
14641833,1073725440,1073725440
14885833,1073725440,1073725440
15142833,1073725440,1073725440
15502833,1073725440,1073725440
16014833,1073725440,1073725440
16436833,1073725440,1073725440
16844833,1073725440,1073725440
17352833,1073725440,1073725440
17875833,1073725440,1073725440
18198833,1073725440,1073725440
18484833,1073725440,1073725440
18734833,1073725440,1073725440
18972833,1073725440,1073725440
19206833,1073725440,1073725440
19438833,1073725440,1073725440
19669833,1073725440,1073725440
19903833,1073725440,1073725440
20149833,1073725440,1073725440
20446833,1073725440,1073725440
20720833,1073725440,1073725440
21038833,1073725440,1073725440
21299833,1073725440,1073725440
21540833,1073725440,1073725440
21774833,1073725440,1073725440
22010833,1073725440,1073725440
22250833,1073725440,1073725440
22497833,1073725440,1073725440
22802833,1073725440,1073725440
23215833,1073725440,1073725440
23892833,1073725440,1073725440
24373833,1073725440,1073725440
24849833,1073725440,1073725440
25225833,1073725440,1073725440
25823833,1073725440,1073725440
26267833,1073725440,1073725440
26691833,1073725440,1073725440
27058833,1073725440,1073725440
27320833,1073725440,1073725440
27564833,1073725440,1073725440
27814833,1073725440,1073725440
28052833,1073725440,1073725440
28285833,1073725440,1073725440
28583833,1073725440,1073725440
28888833,1073725440,1073725440
29283833,1073725440,1073725440
29633833,1073725440,1073725440
29969833,1073725440,1073725440
30430833,1073725440,1073725440
30769833,1073725440,1073725440
31086833,1073725440,1073725440
31473833,1073725440,1073725440
31912833,1073725440,1073725440
32327833,1073725440,1073725440
32775833,1073725440,1073725440
33445833,1073725440,1073725440
34060833,1073725440,1073725440
34988833,1073725440,1073725440
35625833,1073725440,1073725440
36208833,1073725440,1073725440
36894833,1073725440,1073725440
37450833,1073725440,1073725440
38332833,1073725440,1073725440
39042833,1073725440,1073725440
39691833,1073725440,1073725440
40092833,1073725440,1073725440
40496833,1073725440,1073725440
40805833,1073725440,1073725440
41095833,1073725440,1073725440
41346833,1073725440,1073725440
41697833,1073725440,1073725440
42119833,1073725440,1073725440
42548833,1073725440,1073725440
42893833,1073725440,1073725440
43348833,1073725440,1073725440
43768833,1073725440,1073725440
44064833,1073725440,1073725440
44333833,1073725440,1073725440
44579833,1073725440,1073725440
44815833,1073725440,1073725440
45097833,1073725440,1073725440
45350833,1073725440,1073725440
45587833,1073725440,1073725440
45885833,1073725440,1073725440
46275833,1073725440,1073725440
46685833,1073725440,1073725440
47189833,1073725440,1073725440
47732833,1073725440,1073725440
48251833,1073725440,1073725440
48673833,1073725440,1073725440
48932833,1073725440,1073725440
49174833,1073725440,1073725440
49409833,1073725440,1073725440
49641833,1073725440,1073725440
49872833,1073725440,1073725440
50103833,1073725440,1073725440
50333833,1073725440,1073725440
50566833,1073725440,1073725440
50797833,1073725440,1073725440
51028833,1073725440,1073725440
51261833,1073725440,1073725440
51496833,1073725440,1073725440
51732833,1073725440,1073725440
51965833,1073725440,1073725440
52197833,1073725440,1073725440
52428833,1073725440,1073725440
52686833,1073725440,1073725440
52928833,1073725440,1073725440
53164833,1073725440,1073725440
53400833,1073725440,1073725440
53632833,1073725440,1073725440
53865833,1073725440,1073725440
54104833,1073725440,1073725440
54449833,1073725440,1073725440
54885833,1073725440,1073725440
55154833,1073725440,1073725440
55396833,1073725440,1073725440
55631833,1073725440,1073725440
55864833,1073725440,1073725440
56096833,1073725440,1073725440
56327833,1073725440,1073725440
56557833,1073725440,1073725440
56787833,1073725440,1073725440
57019833,1073725440,1073725440
57277833,1073725440,1073725440
57518833,1073725440,1073725440
57753833,1073725440,1073725440
57989833,1073725440,1073725440
58284833,1073725440,1073725440
58556833,1073725440,1073725440
58938833,1073725440,1073725440
59310833,1073725440,1073725440
59892833,1073725440,1073725440
