timestamp,cWnd0,cWnd1
611833,5672,5672
611833,14897,1500
829833,14897,1500
1052833,15569,1500
1340833,15572,1500
1593833,8666,1500
1834833,5197,1500
2069833,4611,1500
2303833,6339,1500
2535833,11270,1500
2766833,22668,1500
3005833,15222,1500
3343833,21365,1500
3641833,19992,1500
3986833,21815,1500
4322833,23273,1500
4675833,23434,1500
5051833,21656,1500
5431833,15078,1500
5776833,20584,1500
6056833,21134,1500
6376833,16669,1500
6707833,21343,1500
6993833,20697,1500
7335833,21432,1500
7671833,27999,1500
8024833,22813,1500
8456833,42273,1500
8852833,52095,1500
9479833,43601,1500
10292833,35148,1500
10952833,24134,1500
11456833,17859,1500
11817833,11533,1500
12108833,10551,1500
12355833,10140,1500
12591833,8390,1500
12824833,8803,1500
13055833,7859,1500
13286833,11444,1500
13516833,21884,1500
13754833,18394,1500
14077833,15598,1500
14375833,15147,1500
14641833,16612,1500
14885833,30979,1500
15142833,34811,1500
15502833,23715,1500
16014833,24764,1500
16436833,31587,1500
16844833,32251,1500
17352833,22072,1500
17875833,17601,1500
18198833,14594,1500
18484833,10444,1500
18734833,7813,1500
18972833,9725,1500
19206833,6917,1500
19438833,8859,1500
19669833,12489,1500
19903833,17926,1500
20149833,16742,1500
20446833,19893,1500
20720833,14873,1500
21038833,12296,1500
21299833,9414,1500
21540833,11855,1500
21774833,13036,1500
22010833,14557,1500
22250833,20608,1500
22497833,43476,1500
22802833,37698,1500
23215833,28294,1500
23892833,28893,1500
24373833,19650,1500
24849833,39619,1500
25225833,19801,1500
25823833,26263,1500
26267833,24003,1500
26691833,15246,1500
27058833,9650,1500
27320833,11653,1500
27564833,10358,1500
27814833,10036,1500
28052833,17605,1500
28285833,18871,1500
28583833,26122,1500
28888833,20456,1500
29283833,20957,1500
29633833,29872,1500
29969833,18329,1500
30430833,19408,1500
30769833,24119,1500
31086833,27158,1500
31473833,24877,1500
31912833,28304,1500
32327833,44929,1500
32775833,35239,1500
33445833,56982,1500
34060833,45300,1500
34988833,34865,1500
35625833,42200,1500
36208833,26675,1500
36894833,54993,1500
37450833,42631,1500
38332833,41348,1500
39042833,22649,1500
39691833,24128,1500
40092833,18689,1500
40496833,18404,1500
40805833,13319,1500
41095833,23037,1500
41346833,27530,1500
41697833,25758,1500
42119833,17952,1500
42548833,28994,1500
42893833,26865,1500
43348833,18897,1500
43768833,16013,1500
44064833,9632,1500
44333833,12367,1500
44579833,18241,1500
44815833,14183,1500
45097833,11926,1500
45350833,19821,1500
45587833,28213,1500
45885833,25294,1500
46275833,31782,1500
46685833,33739,1500
47189833,31761,1500
47732833,29307,1500
48251833,15490,1500
48673833,11241,1500
48932833,8500,1500
49174833,9687,1500
49409833,6333,1500
49641833,7030,1500
49872833,6967,1500
50103833,9371,1500
50333833,8394,1500
50566833,6520,1500
50797833,9496,1500
51028833,10058,1500
51261833,11815,1500
51496833,8044,1500
51732833,6091,1500
51965833,8387,1500
52197833,14627,1500
52428833,9344,1500
52686833,9728,1500
52928833,13343,1500
53164833,10705,1500
53400833,13406,1500
53632833,15013,1500
53865833,28721,1500
54104833,26099,1500
54449833,16227,1500
54885833,12866,1500
55154833,9031,1500
55396833,7854,1500
55631833,6116,1500
55864833,5005,1500
56096833,6052,1500
56327833,5869,1500
56557833,7572,1500
56787833,13319,1500
57019833,10059,1500
57277833,7421,1500
57518833,12303,1500
57753833,17451,1500
57989833,16345,1500
58284833,25557,1500
58556833,21990,1500
58938833,41241,1500
59310833,41280,1500
59892833,34141,1500
