timestamp,unAck0,unAck1
611833,5672,5672
611833,5672,5672
829833,14180,5672
1052833,14180,1418
1340833,14180,1418
1593833,8508,1418
1834833,4254,1418
2069833,4254,0
2303833,5672,1418
2535833,9926,1418
2766833,21270,1418
3005833,14180,1418
3343833,21270,1418
3641833,19852,1418
3986833,21270,1418
4322833,22688,1418
4675833,22688,1418
5051833,21270,1418
5431833,14180,1418
5776833,19852,1418
6056833,19852,1418
6376833,15598,1418
6707833,21270,1418
6993833,19852,1418
7335833,21270,1418
7671833,26942,1418
8024833,22688,1418
8456833,41122,1418
8852833,51048,1418
9479833,42540,1418
10292833,34032,1418
10952833,24106,1418
11456833,17016,1418
11817833,11344,1418
12108833,8508,1418
12355833,9926,1418
12591833,7090,1418
12824833,8508,1418
13055833,7090,1418
13286833,11344,1418
13516833,21270,1418
13754833,17016,1418
14077833,15598,1418
14375833,14180,1418
14641833,15598,0
14885833,29778,1418
15142833,34032,1418
15502833,21270,1418
16014833,24106,1418
16436833,31196,1418
16844833,31196,1418
17352833,21270,1418
17875833,17016,1418
18198833,14180,1418
18484833,9926,1418
18734833,7090,1418
18972833,8508,1418
19206833,5672,1418
19438833,8508,1418
19669833,11344,1418
19903833,17016,1418
20149833,15598,1418
20446833,19852,1418
20720833,14180,1418
21038833,11344,1418
21299833,8508,1418
21540833,11344,1418
21774833,12762,1418
22010833,14180,1418
22250833,19852,1418
22497833,42540,1418
22802833,36868,1418
23215833,26942,1418
23892833,28360,1418
24373833,18434,1418
24849833,38286,1418
25225833,18434,1418
25823833,25524,1418
26267833,22688,1418
26691833,14180,1418
27058833,8508,1418
27320833,11344,1418
27564833,9926,1418
27814833,9926,1418
28052833,17016,1418
28285833,17016,1418
28583833,25524,1418
28888833,19852,1418
29283833,19852,1418
29633833,29778,1418
29969833,17016,1418
30430833,18434,1418
30769833,24106,1418
31086833,26942,1418
31473833,24106,1418
31912833,25524,1418
32327833,43958,1418
32775833,34032,1418
33445833,56720,1418
34060833,43958,1418
34988833,34032,1418
35625833,41122,1418
36208833,25524,1418
36894833,53884,1418
37450833,41122,0
38332833,41122,1418
39042833,21270,1418
39691833,24106,1418
40092833,18434,1418
40496833,17016,1418
40805833,12762,1418
41095833,22688,1418
41346833,25524,1418
41697833,25524,1418
42119833,17016,1418
42548833,28360,1418
42893833,25524,1418
43348833,18434,1418
43768833,15598,1418
44064833,8508,1418
44333833,11344,1418
44579833,17016,1418
44815833,14180,1418
45097833,11344,1418
45350833,18434,1418
45587833,26942,1418
45885833,24106,1418
46275833,31196,1418
46685833,32614,1418
47189833,31196,0
47732833,28360,1418
48251833,14180,1418
48673833,9926,1418
48932833,7090,1418
49174833,8508,1418
49409833,5672,1418
49641833,5672,1418
49872833,5672,1418
50103833,8508,1418
50333833,7090,1418
50566833,5672,1418
50797833,8508,1418
51028833,9926,1418
51261833,11344,1418
51496833,7090,1418
51732833,5672,1418
51965833,7090,1418
52197833,14180,1418
52428833,8508,1418
52686833,8508,1418
52928833,12762,1418
53164833,9926,1418
53400833,12762,1418
53632833,14180,1418
53865833,28360,1418
54104833,25524,1418
54449833,15598,0
54885833,12762,1418
55154833,8508,1418
55396833,7090,1418
55631833,5672,1418
55864833,4254,1418
56096833,5672,1418
56327833,4254,1418
56557833,7090,1418
56787833,12762,1418
57019833,9926,1418
57277833,7090,1418
57518833,11344,1418
57753833,17016,1418
57989833,15598,1418
58284833,25524,1418
58556833,21270,1418
58938833,41122,1418
59310833,41122,1418
59892833,34032,1418
