timestamp,availableTxBuffer0,availableTxBuffer1
611833,246472,246472
611833,246472,246472
829833,237964,246472
1052833,237964,250726
1340833,237964,250726
1593833,243636,250726
1834833,247890,250726
2069833,247890,252144
2303833,246472,250726
2535833,242218,250726
2766833,230874,250726
3005833,237964,250726
3343833,230874,250726
3641833,232292,250726
3986833,230874,250726
4322833,229456,250726
4675833,229456,250726
5051833,230874,250726
5431833,237964,250726
5776833,232292,250726
6056833,232292,250726
6376833,236546,250726
6707833,230874,250726
6993833,232292,250726
7335833,230874,250726
7671833,225202,250726
8024833,229456,250726
8456833,211022,250726
8852833,201096,250726
9479833,209604,250726
10292833,218112,250726
10952833,228038,250726
11456833,235128,250726
11817833,240800,250726
12108833,243636,250726
12355833,242218,250726
12591833,245054,250726
12824833,243636,250726
13055833,245054,250726
13286833,240800,250726
13516833,230874,250726
13754833,235128,250726
14077833,236546,250726
14375833,237964,250726
14641833,236546,252144
14885833,222366,250726
15142833,218112,250726
15502833,230874,250726
16014833,228038,250726
16436833,220948,250726
16844833,220948,250726
17352833,230874,250726
17875833,235128,250726
18198833,237964,250726
18484833,242218,250726
18734833,245054,250726
18972833,243636,250726
19206833,246472,250726
19438833,243636,250726
19669833,240800,250726
19903833,235128,250726
20149833,236546,250726
20446833,232292,250726
20720833,237964,250726
21038833,240800,250726
21299833,243636,250726
21540833,240800,250726
21774833,239382,250726
22010833,237964,250726
22250833,232292,250726
22497833,209604,250726
22802833,215276,250726
23215833,225202,250726
23892833,223784,250726
24373833,233710,250726
24849833,213858,250726
25225833,233710,250726
25823833,226620,250726
26267833,229456,250726
26691833,237964,250726
27058833,243636,250726
27320833,240800,250726
27564833,242218,250726
27814833,242218,250726
28052833,235128,250726
28285833,235128,250726
28583833,226620,250726
28888833,232292,250726
29283833,232292,250726
29633833,222366,250726
29969833,235128,250726
30430833,233710,250726
30769833,228038,250726
31086833,225202,250726
31473833,228038,250726
31912833,226620,250726
32327833,208186,250726
32775833,218112,250726
33445833,195424,250726
34060833,208186,250726
34988833,218112,250726
35625833,211022,250726
36208833,226620,250726
36894833,198260,250726
37450833,211022,252144
38332833,211022,250726
39042833,230874,250726
39691833,228038,250726
40092833,233710,250726
40496833,235128,250726
40805833,239382,250726
41095833,229456,250726
41346833,226620,250726
41697833,226620,250726
42119833,235128,250726
42548833,223784,250726
42893833,226620,250726
43348833,233710,250726
43768833,236546,250726
44064833,243636,250726
44333833,240800,250726
44579833,235128,250726
44815833,237964,250726
45097833,240800,250726
45350833,233710,250726
45587833,225202,250726
45885833,228038,250726
46275833,220948,250726
46685833,219530,250726
47189833,220948,252144
47732833,223784,250726
48251833,237964,250726
48673833,242218,250726
48932833,245054,250726
49174833,243636,250726
49409833,246472,250726
49641833,246472,250726
49872833,246472,250726
50103833,243636,250726
50333833,245054,250726
50566833,246472,250726
50797833,243636,250726
51028833,242218,250726
51261833,240800,250726
51496833,245054,250726
51732833,246472,250726
51965833,245054,250726
52197833,237964,250726
52428833,243636,250726
52686833,243636,250726
52928833,239382,250726
53164833,242218,250726
53400833,239382,250726
53632833,237964,250726
53865833,223784,250726
54104833,226620,250726
54449833,236546,252144
54885833,239382,250726
55154833,243636,250726
55396833,245054,250726
55631833,246472,250726
55864833,247890,250726
56096833,246472,250726
56327833,247890,250726
56557833,245054,250726
56787833,239382,250726
57019833,242218,250726
57277833,245054,250726
57518833,240800,250726
57753833,235128,250726
57989833,236546,250726
58284833,226620,250726
58556833,230874,250726
58938833,211022,250726
59310833,211022,250726
59892833,218112,250726
