timestamp,lastAckedSeq,highTxMark,availableTxBuffer,nextTxSeq,totalCwnd,unAckMeta
611833,5673,17017,1158,17017,11344,11344
611833,5673,17017,1158,17017,16397,11344
829833,11345,31197,1158,31197,16397,19852
1052833,29779,45377,1158,45377,17069,15598
1340833,48213,63811,1158,63811,17072,15598
1593833,63811,73737,1158,73737,10166,9926
1834833,73737,79409,1158,79409,6697,5672
2069833,80827,85081,2576,85081,6111,4254
2303833,87917,95007,1158,95007,7839,7090
2535833,95007,106351,1158,106351,12770,11344
2766833,106351,129039,1158,129039,24168,22688
3005833,120531,137547,1158,137547,16722,17016
3343833,143219,165907,1158,165907,22865,22688
3641833,161653,182923,1158,182923,21492,21270
3986833,184341,208447,1158,208447,23315,24106
4322833,207029,231135,1158,231135,24773,24106
4675833,229717,255241,1158,255241,24934,25524
5051833,252405,276511,1158,276511,23156,24106
5431833,279347,294945,1158,294945,16578,15598
5776833,302035,323305,1158,323305,22084,21270
6056833,319051,340321,1158,340321,22634,21270
6376833,341739,358755,1158,358755,18169,17016
6707833,363009,385697,1158,385697,22843,22688
6993833,381443,402713,1158,402713,22197,21270
7335833,402713,426819,1158,426819,22932,24106
7671833,425401,453761,1158,453761,29499,28360
8024833,448089,473613,1158,473613,24313,25524
8456833,476449,518989,1158,518989,43773,42540
8852833,500555,555857,1158,555857,53595,55302
9479833,540259,588471,1158,588471,45101,48212
10292833,595561,632429,1158,632429,36648,36868
10952833,639519,666461,1158,666461,25634,26942
11456833,673551,691985,1158,691985,19359,18434
11817833,693403,706165,1158,706165,13033,12762
12108833,710419,720345,2576,720345,12051,9926
12355833,721763,733107,1158,733107,11640,11344
12591833,733107,741615,1158,741615,9890,8508
12824833,741615,751541,1158,751541,10303,9926
13055833,751541,760049,1158,760049,9359,8508
13286833,760049,772811,1158,772811,12944,12762
13516833,772811,795499,1158,795499,23384,22688
13754833,786991,806843,1158,806843,19894,19852
14077833,809679,826695,1158,826695,17098,17016
14375833,828113,843711,1158,843711,16647,15598
14641833,845129,862145,1158,862145,18112,17016
14885833,862145,894759,1158,894759,32479,32614
15142833,877743,914611,1158,914611,36311,36868
15502833,901849,925955,2576,925955,25215,24106
16014833,935881,961405,1158,961405,26264,25524
16436833,962823,996855,1158,996855,33087,34032
16844833,989765,1023797,1158,1023797,33751,34032
17352833,1022379,1046485,1158,1046485,23572,24106
17875833,1057829,1076263,1158,1076263,19101,18434
18198833,1077681,1093279,1158,1093279,16094,15598
18484833,1094697,1106041,1158,1106041,11944,11344
18734833,1106041,1114549,1158,1114549,9313,8508
18972833,1115967,1125893,1158,1125893,11225,9926
19206833,1125893,1132983,1158,1132983,8417,7090
19438833,1132983,1142909,1158,1142909,10359,9926
19669833,1142909,1155671,1158,1155671,13989,12762
19903833,1155671,1174105,1158,1174105,19426,18434
20149833,1169851,1188285,1158,1188285,18242,18434
20446833,1191121,1212391,1158,1212391,21393,21270
20720833,1208137,1223735,1158,1223735,16373,15598
21038833,1227989,1240751,1158,1240751,13796,12762
21299833,1240751,1250677,1158,1250677,10914,9926
21540833,1252095,1264857,1158,1264857,13355,12762
21774833,1264857,1279037,1158,1279037,14536,14180
22010833,1279037,1294635,1158,1294635,16057,15598
22250833,1294635,1315905,1158,1315905,22108,21270
22497833,1310233,1355609,1158,1355609,44976,45376
22802833,1328667,1368371,1158,1368371,39198,39704
23215833,1355609,1386805,1158,1386805,29794,31196
23892833,1400985,1432181,1158,1432181,30393,31196
24373833,1432181,1453451,1158,1453451,21150,21270
24849833,1463377,1504499,1158,1504499,41119,41122
25225833,1486065,1508753,1158,1508753,21301,22688
25823833,1527187,1555547,1158,1555547,27763,28360
26267833,1556965,1582489,1158,1582489,25503,25524
26691833,1583907,1599505,1158,1599505,16746,15598
27058833,1603759,1613685,1158,1613685,11150,9926
27320833,1615103,1627865,1158,1627865,13153,12762
27564833,1627865,1639209,1158,1639209,11858,11344
27814833,1639209,1650553,1158,1650553,11536,11344
28052833,1651971,1670405,1158,1670405,19105,18434
28285833,1667569,1686003,2576,1686003,20371,18434
28583833,1686003,1712945,1158,1712945,27622,26942
28888833,1705855,1728543,1158,1728543,21956,22688
29283833,1731379,1752649,1158,1752649,22457,21270
29633833,1754067,1786681,1158,1786681,31372,32614
29969833,1775337,1795189,1158,1795189,19829,19852
30430833,1806533,1826385,1158,1826385,20908,19852
30769833,1829221,1856163,1158,1856163,25619,26942
31086833,1849073,1878851,1158,1878851,28658,29778
31473833,1874597,1900121,1158,1900121,26377,25524
31912833,1902957,1931317,2576,1931317,29804,28360
32327833,1929899,1976693,1158,1976693,46429,46794
32775833,1958259,1996545,1158,1996545,36739,38286
33445833,2002217,2063191,1158,2063191,58482,60974
34060833,2039085,2088715,1158,2088715,46800,49630
34988833,2102895,2139763,1158,2139763,36365,36868
35625833,2144017,2189393,1158,2189393,43700,45376
36208833,2180885,2210663,1158,2210663,28175,29778
36894833,2226261,2284399,1158,2284399,56493,58138
37450833,2263129,2308505,2576,2308505,44131,45376
38332833,2319849,2365225,1158,2365225,42848,45376
39042833,2369479,2392167,1158,2392167,24149,22688
39691833,2410601,2437543,1158,2437543,25628,26942
40092833,2437543,2458813,1158,2458813,20189,21270
40496833,2464485,2482919,1158,2482919,19904,18434
40805833,2484337,2498517,1158,2498517,14819,14180
41095833,2502771,2526877,1158,2526877,24537,24106
41346833,2518369,2546729,2576,2546729,29030,28360
41697833,2539639,2567999,1158,2567999,27258,28360
42119833,2569417,2587851,1158,2587851,19452,18434
42548833,2596359,2627555,1158,2627555,30494,31196
42893833,2617629,2645989,1158,2645989,28365,28360
43348833,2648825,2668677,1158,2668677,20397,19852
43768833,2677185,2694201,1158,2694201,17513,17016
44064833,2694201,2704127,1158,2704127,11132,9926
44333833,2706963,2719725,1158,2719725,13867,12762
44579833,2721143,2740995,1158,2740995,19741,19852
44815833,2736741,2753757,1158,2753757,15683,17016
45097833,2753757,2766519,1158,2766519,13426,12762
45350833,2767937,2787789,1158,2787789,21321,19852
45587833,2782117,2811895,1158,2811895,29713,29778
45885833,2801969,2828911,1158,2828911,26794,26942
46275833,2827493,2861525,1158,2861525,33282,34032
46685833,2853017,2888467,1158,2888467,35239,35450
47189833,2885631,2919663,1158,2919663,33261,34032
47732833,2922499,2953695,1158,2953695,30807,31196
48251833,2957949,2973547,1158,2973547,16990,15598
48673833,2982055,2993399,1158,2993399,12741,11344
48932833,2993399,3001907,1158,3001907,10000,8508
49174833,3003325,3013251,1158,3013251,11187,9926
49409833,3013251,3020341,1158,3020341,7833,7090
49641833,3020341,3027431,1158,3027431,8530,7090
49872833,3027431,3034521,1158,3034521,8467,7090
50103833,3034521,3044447,1158,3044447,10871,9926
50333833,3044447,3052955,1158,3052955,9894,8508
50566833,3052955,3060045,1158,3060045,8020,7090
50797833,3060045,3069971,1158,3069971,10996,9926
51028833,3069971,3081315,1158,3081315,11558,11344
51261833,3081315,3094077,1158,3094077,13315,12762
51496833,3094077,3102585,1158,3102585,9544,8508
51732833,3102585,3109675,1158,3109675,7591,7090
51965833,3111093,3119601,1158,3119601,9887,8508
52197833,3119601,3135199,1158,3135199,16127,15598
52428833,3133781,3143707,1158,3143707,10844,9926
52686833,3145125,3155051,1158,3155051,11228,9926
52928833,3156469,3170649,1158,3170649,14843,14180
53164833,3170649,3181993,1158,3181993,12205,11344
53400833,3181993,3196173,1158,3196173,14906,14180
53632833,3196173,3211771,1158,3211771,16513,15598
53865833,3211771,3241549,1158,3241549,30221,29778
54104833,3225951,3254311,1158,3254311,27599,28360
54449833,3248639,3265655,1158,3265655,17727,17016
54885833,3276999,3291179,1158,3291179,14366,14180
55154833,3291179,3301105,1158,3301105,10531,9926
55396833,3302523,3311031,1158,3311031,9354,8508
55631833,3311031,3318121,1158,3318121,7616,7090
55864833,3318121,3323793,1158,3323793,6505,5672
56096833,3325211,3332301,1158,3332301,7552,7090
56327833,3332301,3337973,2576,3337973,7369,5672
56557833,3337973,3346481,1158,3346481,9072,8508
56787833,3346481,3360661,1158,3360661,14819,14180
57019833,3360661,3372005,1158,3372005,11559,11344
57277833,3372005,3380513,1158,3380513,8921,8508
57518833,3381931,3394693,1158,3394693,13803,12762
57753833,3394693,3413127,1158,3413127,18951,18434
57989833,3408873,3427307,1158,3427307,17845,18434
58284833,3428725,3455667,1158,3455667,27057,26942
58556833,3445741,3469847,1158,3469847,23490,24106
58938833,3471265,3515223,1158,3515223,42741,43958
59310833,3492535,3537911,1158,3537911,42780,45376
59892833,3532239,3570525,1158,3570525,35641,38286
