timestamp,cWnd0,cWnd1
611833,5672,5672
611833,25972,1500
829833,25972,1500
1052833,50195,1500
1361833,59196,1500
1826833,44012,1500
2596833,41903,1500
3378833,28354,1500
3971833,28104,1500
4428833,34845,1500
4880833,23560,1500
5439833,21969,1500
5821833,18326,1500
6171833,15104,1500
6449833,11308,1500
6697833,11529,1500
6933833,11735,1500
7165833,7837,1500
7396833,9149,1500
7627833,7470,1500
7858833,9620,1500
8088833,8640,1500
8318833,6700,1500
8548833,7646,1500
8778833,10586,1500
9008833,13353,1500
9244833,12800,1500
9487833,12746,1500
9721833,19512,1500
9952833,28653,1500
10243833,41462,1500
10638833,42959,1500
11189833,22109,1500
11891833,41711,1500
12464833,43299,1500
13150833,28932,1500
13863833,23145,1500
14274833,24893,1500
14659833,22846,1500
15061833,23111,1500
15444833,11671,1500
15825833,26933,1500
16129833,19269,1500
16532833,15684,1500
16846833,19122,1500
17121833,31958,1500
17423833,29234,1500
17858833,15720,1500
18340833,22673,1500
18680833,13583,1500
19034833,10372,1500
19293833,8721,1500
19535833,6905,1500
19770833,7695,1500
20003833,8564,1500
20234833,7803,1500
20466833,13080,1500
20697833,11566,1500
20944833,9377,1500
21180833,12987,1500
21412833,14364,1500
21647833,26585,1500
21892833,27063,1500
22237833,24095,1500
22666833,27226,1500
23062833,22838,1500
23508833,20335,1500
23885833,18843,1500
24217833,23600,1500
24530833,15777,1500
24897833,21220,1500
25203833,19174,1500
25530833,21849,1500
25843833,20304,1500
26191833,19562,1500
26524833,23980,1500
26839833,17326,1500
27207833,16839,1500
27502833,24149,1500
27773833,28177,1500
28138833,19479,1500
28569833,11963,1500
28868833,9364,1500
29119833,13626,1500
29359833,10149,1500
29614833,7306,1500
29854833,16504,1500
30089833,18073,1500
30373833,24702,1500
30657833,18096,1500
31028833,21010,1500
31354833,17165,1500
31686833,15938,1500
31972833,15132,1500
32235833,14146,1500
32479833,10595,1500
32714833,9075,1500
32946833,14954,1500
33177833,17938,1500
33427833,19842,1500
33701833,16025,1500
34000833,16552,1500
34270833,18589,1500
34533833,8460,1500
34830833,11682,1500
35104833,17702,1500
35357833,15549,1500
35640833,26819,1500
35893833,18960,1500
36263833,22912,1500
36614833,23095,1500
36990833,30577,1500
37370833,21436,1500
37848833,19450,1500
38199833,19296,1500
38513833,29455,1500
38823833,18129,1500
39250833,24106,1500
39615833,21900,1500
40014833,25451,1500
40380833,29552,1500
40780833,39226,1500
41243833,24038,1500
41855833,24978,1500
42275833,24383,1500
42680833,23683,1500
43084833,20703,1500
43461833,15693,1500
43782833,12776,1500
44048833,13770,1500
44287833,22879,1500
44520833,30327,1500
44849833,22226,1500
45284833,26693,1500
45685833,31357,1500
46110833,28632,1500
46619833,31554,1500
47103833,27776,1500
47624833,26083,1500
48073833,19750,1500
48488833,15153,1500
48778833,12332,1500
49029833,10813,1500
49267833,13942,1500
49500833,10872,1500
49752833,7116,1500
49991833,10005,1500
50225833,9151,1500
50458833,11422,1500
50689833,10142,1500
50922833,16018,1500
51153833,14983,1500
51421833,25334,1500
51668833,28803,1500
52013833,20773,1500
52451833,26343,1500
52830833,23447,1500
53252833,25786,1500
53643833,19633,1500
54067833,18521,1500
54389833,23088,1500
54700833,17789,1500
55066833,15975,1500
55356833,13434,1500
55624833,7554,1500
55865833,7757,1500
56101833,7540,1500
56334833,15981,1500
56565833,9738,1500
56853833,9005,1500
57109833,15404,1500
57351833,8402,1500
57594833,8060,1500
57831833,11678,1500
58065833,11984,1500
58302833,10417,1500
58535833,12703,1500
58766833,7923,1500
58996833,9863,1500
59226833,10605,1500
59457833,10713,1500
59690833,9054,1500
59921833,14388,1500
