timestamp,rWnd0,rWnd1
611833,1073725440,1073725440
611833,1073725440,1073725440
829833,1073725440,1073725440
1052833,1073725440,1073725440
1361833,1073725440,1073725440
1826833,1073725440,1073725440
2596833,1073725440,1073725440
3378833,1073725440,1073725440
3971833,1073725440,1073725440
4428833,1073725440,1073725440
4880833,1073725440,1073725440
5439833,1073725440,1073725440
5821833,1073725440,1073725440
6171833,1073725440,1073725440
6449833,1073725440,1073725440
6697833,1073725440,1073725440
6933833,1073725440,1073725440
7165833,1073725440,1073725440
7396833,1073725440,1073725440
7627833,1073725440,1073725440
7858833,1073725440,1073725440
8088833,1073725440,1073725440
8318833,1073725440,1073725440
8548833,1073725440,1073725440
8778833,1073725440,1073725440
9008833,1073725440,1073725440
9244833,1073725440,1073725440
9487833,1073725440,1073725440
9721833,1073725440,1073725440
9952833,1073725440,1073725440
10243833,1073725440,1073725440
10638833,1073725440,1073725440
11189833,1073725440,1073725440
11891833,1073725440,1073725440
12464833,1073725440,1073725440
13150833,1073725440,1073725440
13863833,1073725440,1073725440
14274833,1073725440,1073725440
14659833,1073725440,1073725440
15061833,1073725440,1073725440
15444833,1073725440,1073725440
15825833,1073725440,1073725440
16129833,1073725440,1073725440
16532833,1073725440,1073725440
16846833,1073725440,1073725440
17121833,1073725440,1073725440
17423833,1073725440,1073725440
17858833,1073725440,1073725440
18340833,1073725440,1073725440
18680833,1073725440,1073725440
19034833,1073725440,1073725440
19293833,1073725440,1073725440
19535833,1073725440,1073725440
19770833,1073725440,1073725440
20003833,1073725440,1073725440
20234833,1073725440,1073725440
20466833,1073725440,1073725440
20697833,1073725440,1073725440
20944833,1073725440,1073725440
21180833,1073725440,1073725440
21412833,1073725440,1073725440
21647833,1073725440,1073725440
21892833,1073725440,1073725440
22237833,1073725440,1073725440
22666833,1073725440,1073725440
23062833,1073725440,1073725440
23508833,1073725440,1073725440
23885833,1073725440,1073725440
24217833,1073725440,1073725440
24530833,1073725440,1073725440
24897833,1073725440,1073725440
25203833,1073725440,1073725440
25530833,1073725440,1073725440
25843833,1073725440,1073725440
26191833,1073725440,1073725440
26524833,1073725440,1073725440
26839833,1073725440,1073725440
27207833,1073725440,1073725440
27502833,1073725440,1073725440
27773833,1073725440,1073725440
28138833,1073725440,1073725440
28569833,1073725440,1073725440
28868833,1073725440,1073725440
29119833,1073725440,1073725440
29359833,1073725440,1073725440
29614833,1073725440,1073725440
29854833,1073725440,1073725440
30089833,1073725440,1073725440
30373833,1073725440,1073725440
30657833,1073725440,1073725440
31028833,1073725440,1073725440
31354833,1073725440,1073725440
31686833,1073725440,1073725440
31972833,1073725440,1073725440
32235833,1073725440,1073725440
32479833,1073725440,1073725440
32714833,1073725440,1073725440
32946833,1073725440,1073725440
33177833,1073725440,1073725440
33427833,1073725440,1073725440
33701833,1073725440,1073725440
34000833,1073725440,1073725440
34270833,1073725440,1073725440
34533833,1073725440,1073725440
34830833,1073725440,1073725440
35104833,1073725440,1073725440
35357833,1073725440,1073725440
35640833,1073725440,1073725440
35893833,1073725440,1073725440
36263833,1073725440,1073725440
36614833,1073725440,1073725440
36990833,1073725440,1073725440
37370833,1073725440,1073725440
37848833,1073725440,1073725440
38199833,1073725440,1073725440
38513833,1073725440,1073725440
38823833,1073725440,1073725440
39250833,1073725440,1073725440
39615833,1073725440,1073725440
40014833,1073725440,1073725440
40380833,1073725440,1073725440
40780833,1073725440,1073725440
41243833,1073725440,1073725440
41855833,1073725440,1073725440
42275833,1073725440,1073725440
42680833,1073725440,1073725440
43084833,1073725440,1073725440
43461833,1073725440,1073725440
43782833,1073725440,1073725440
44048833,1073725440,1073725440
44287833,1073725440,1073725440
44520833,1073725440,1073725440
44849833,1073725440,1073725440
45284833,1073725440,1073725440
45685833,1073725440,1073725440
46110833,1073725440,1073725440
46619833,1073725440,1073725440
47103833,1073725440,1073725440
47624833,1073725440,1073725440
48073833,1073725440,1073725440
48488833,1073725440,1073725440
48778833,1073725440,1073725440
49029833,1073725440,1073725440
49267833,1073725440,1073725440
49500833,1073725440,1073725440
49752833,1073725440,1073725440
49991833,1073725440,1073725440
50225833,1073725440,1073725440
50458833,1073725440,1073725440
50689833,1073725440,1073725440
50922833,1073725440,1073725440
51153833,1073725440,1073725440
51421833,1073725440,1073725440
51668833,1073725440,1073725440
52013833,1073725440,1073725440
52451833,1073725440,1073725440
52830833,1073725440,1073725440
53252833,1073725440,1073725440
53643833,1073725440,1073725440
54067833,1073725440,1073725440
54389833,1073725440,1073725440
54700833,1073725440,1073725440
55066833,1073725440,1073725440
55356833,1073725440,1073725440
55624833,1073725440,1073725440
55865833,1073725440,1073725440
56101833,1073725440,1073725440
56334833,1073725440,1073725440
56565833,1073725440,1073725440
56853833,1073725440,1073725440
57109833,1073725440,1073725440
57351833,1073725440,1073725440
57594833,1073725440,1073725440
57831833,1073725440,1073725440
58065833,1073725440,1073725440
58302833,1073725440,1073725440
58535833,1073725440,1073725440
58766833,1073725440,1073725440
58996833,1073725440,1073725440
59226833,1073725440,1073725440
59457833,1073725440,1073725440
59690833,1073725440,1073725440
59921833,1073725440,1073725440
