timestamp,unAck0,unAck1
611833,5672,5672
611833,5672,5672
829833,25524,5672
1052833,49630,1418
1361833,58138,1418
1826833,43958,1418
2596833,41122,1418
3378833,26942,1418
3971833,26942,1418
4428833,34032,1418
4880833,22688,1418
5439833,21270,1418
5821833,17016,1418
6171833,14180,1418
6449833,9926,1418
6697833,11344,1418
6933833,11344,1418
7165833,7090,1418
7396833,8508,1418
7627833,7090,1418
7858833,8508,1418
8088833,8508,1418
8318833,5672,1418
8548833,7090,1418
8778833,9926,1418
9008833,12762,1418
9244833,12762,1418
9487833,11344,1418
9721833,18434,1418
9952833,28360,1418
10243833,39704,1418
10638833,42540,1418
11189833,21270,1418
11891833,41122,1418
12464833,41122,1418
13150833,28360,1418
13863833,22688,1418
14274833,24106,1418
14659833,21270,0
15061833,22688,1418
15444833,11344,1418
15825833,25524,1418
16129833,18434,1418
16532833,15598,1418
16846833,18434,1418
17121833,31196,1418
17423833,28360,1418
17858833,15598,1418
18340833,21270,1418
18680833,12762,1418
19034833,9926,1418
19293833,8508,1418
19535833,5672,1418
19770833,7090,1418
20003833,8508,1418
20234833,7090,1418
20466833,12762,1418
20697833,11344,1418
20944833,8508,1418
21180833,12762,1418
21412833,14180,1418
21647833,25524,1418
21892833,26942,1418
22237833,22688,1418
22666833,26942,1418
23062833,22688,1418
23508833,19852,1418
23885833,18434,1418
24217833,22688,1418
24530833,15598,1418
24897833,19852,1418
25203833,18434,1418
25530833,21270,1418
25843833,19852,1418
26191833,18434,1418
26524833,22688,1418
26839833,17016,1418
27207833,15598,0
27502833,24106,1418
27773833,26942,1418
28138833,18434,1418
28569833,11344,1418
28868833,7090,0
29119833,12762,1418
29359833,9926,1418
29614833,7090,1418
29854833,15598,1418
30089833,17016,1418
30373833,24106,1418
30657833,17016,1418
31028833,19852,1418
31354833,17016,1418
31686833,15598,1418
31972833,14180,1418
32235833,12762,1418
32479833,9926,1418
32714833,8508,1418
32946833,14180,1418
33177833,17016,1418
33427833,18434,1418
33701833,15598,1418
34000833,15598,1418
34270833,18434,1418
34533833,7090,1418
34830833,11344,1418
35104833,17016,1418
35357833,14180,1418
35640833,25524,1418
35893833,18434,1418
36263833,22688,1418
36614833,22688,1418
36990833,29778,1418
37370833,21270,1418
37848833,18434,1418
38199833,18434,1418
38513833,28360,1418
38823833,17016,0
39250833,24106,1418
39615833,21270,1418
40014833,24106,0
40380833,26942,1418
40780833,38286,1418
41243833,22688,1418
41855833,24106,1418
42275833,24106,1418
42680833,22688,1418
43084833,19852,1418
43461833,14180,1418
43782833,12762,1418
44048833,12762,1418
44287833,22688,1418
44520833,29778,1418
44849833,19852,1418
45284833,25524,1418
45685833,31196,1418
46110833,28360,1418
46619833,31196,1418
47103833,26942,1418
47624833,25524,1418
48073833,18434,1418
48488833,14180,1418
48778833,11344,1418
49029833,9926,1418
49267833,12762,1418
49500833,9926,1418
49752833,7090,1418
49991833,9926,1418
50225833,8508,1418
50458833,11344,1418
50689833,9926,1418
50922833,15598,1418
51153833,14180,1418
51421833,24106,1418
51668833,28360,1418
52013833,19852,1418
52451833,25524,1418
52830833,22688,1418
53252833,25524,1418
53643833,18434,1418
54067833,18434,1418
54389833,22688,1418
54700833,17016,1418
55066833,15598,1418
55356833,12762,1418
55624833,7090,1418
55865833,7090,1418
56101833,7090,1418
56334833,15598,1418
56565833,8508,1418
56853833,8508,1418
57109833,14180,1418
57351833,7090,1418
57594833,7090,1418
57831833,11344,1418
58065833,11344,1418
58302833,9926,1418
58535833,11344,1418
58766833,7090,1418
58996833,8508,1418
59226833,8508,1418
59457833,8508,1418
59690833,8508,1418
59921833,12762,1418
