timestamp,availableTxBuffer0,availableTxBuffer1
611833,246472,246472
611833,246472,246472
829833,226620,246472
1052833,202514,250726
1361833,194006,250726
1826833,208186,250726
2596833,211022,250726
3378833,225202,250726
3971833,225202,250726
4428833,218112,250726
4880833,229456,250726
5439833,230874,250726
5821833,235128,250726
6171833,237964,250726
6449833,242218,250726
6697833,240800,250726
6933833,240800,250726
7165833,245054,250726
7396833,243636,250726
7627833,245054,250726
7858833,243636,250726
8088833,243636,250726
8318833,246472,250726
8548833,245054,250726
8778833,242218,250726
9008833,239382,250726
9244833,239382,250726
9487833,240800,250726
9721833,233710,250726
9952833,223784,250726
10243833,212440,250726
10638833,209604,250726
11189833,230874,250726
11891833,211022,250726
12464833,211022,250726
13150833,223784,250726
13863833,229456,250726
14274833,228038,250726
14659833,230874,252144
15061833,229456,250726
15444833,240800,250726
15825833,226620,250726
16129833,233710,250726
16532833,236546,250726
16846833,233710,250726
17121833,220948,250726
17423833,223784,250726
17858833,236546,250726
18340833,230874,250726
18680833,239382,250726
19034833,242218,250726
19293833,243636,250726
19535833,246472,250726
19770833,245054,250726
20003833,243636,250726
20234833,245054,250726
20466833,239382,250726
20697833,240800,250726
20944833,243636,250726
21180833,239382,250726
21412833,237964,250726
21647833,226620,250726
21892833,225202,250726
22237833,229456,250726
22666833,225202,250726
23062833,229456,250726
23508833,232292,250726
23885833,233710,250726
24217833,229456,250726
24530833,236546,250726
24897833,232292,250726
25203833,233710,250726
25530833,230874,250726
25843833,232292,250726
26191833,233710,250726
26524833,229456,250726
26839833,235128,250726
27207833,236546,252144
27502833,228038,250726
27773833,225202,250726
28138833,233710,250726
28569833,240800,250726
28868833,245054,252144
29119833,239382,250726
29359833,242218,250726
29614833,245054,250726
29854833,236546,250726
30089833,235128,250726
30373833,228038,250726
30657833,235128,250726
31028833,232292,250726
31354833,235128,250726
31686833,236546,250726
31972833,237964,250726
32235833,239382,250726
32479833,242218,250726
32714833,243636,250726
32946833,237964,250726
33177833,235128,250726
33427833,233710,250726
33701833,236546,250726
34000833,236546,250726
34270833,233710,250726
34533833,245054,250726
34830833,240800,250726
35104833,235128,250726
35357833,237964,250726
35640833,226620,250726
35893833,233710,250726
36263833,229456,250726
36614833,229456,250726
36990833,222366,250726
37370833,230874,250726
37848833,233710,250726
38199833,233710,250726
38513833,223784,250726
38823833,235128,252144
39250833,228038,250726
39615833,230874,250726
40014833,228038,252144
40380833,225202,250726
40780833,213858,250726
41243833,229456,250726
41855833,228038,250726
42275833,228038,250726
42680833,229456,250726
43084833,232292,250726
43461833,237964,250726
43782833,239382,250726
44048833,239382,250726
44287833,229456,250726
44520833,222366,250726
44849833,232292,250726
45284833,226620,250726
45685833,220948,250726
46110833,223784,250726
46619833,220948,250726
47103833,225202,250726
47624833,226620,250726
48073833,233710,250726
48488833,237964,250726
48778833,240800,250726
49029833,242218,250726
49267833,239382,250726
49500833,242218,250726
49752833,245054,250726
49991833,242218,250726
50225833,243636,250726
50458833,240800,250726
50689833,242218,250726
50922833,236546,250726
51153833,237964,250726
51421833,228038,250726
51668833,223784,250726
52013833,232292,250726
52451833,226620,250726
52830833,229456,250726
53252833,226620,250726
53643833,233710,250726
54067833,233710,250726
54389833,229456,250726
54700833,235128,250726
55066833,236546,250726
55356833,239382,250726
55624833,245054,250726
55865833,245054,250726
56101833,245054,250726
56334833,236546,250726
56565833,243636,250726
56853833,243636,250726
57109833,237964,250726
57351833,245054,250726
57594833,245054,250726
57831833,240800,250726
58065833,240800,250726
58302833,242218,250726
58535833,240800,250726
58766833,245054,250726
58996833,243636,250726
59226833,243636,250726
59457833,243636,250726
59690833,243636,250726
59921833,239382,250726
