timestamp,rtt0,rtt1
611833,218,184
611833,218,184
829833,223,184
1052833,309,219
1361833,465,221
1826833,770,223
2596833,782,226
3378833,593,227
3971833,457,228
4428833,452,228
4880833,559,229
5439833,382,229
5821833,350,229
6171833,278,229
6449833,248,229
6697833,236,229
6933833,232,229
7165833,231,229
7396833,231,229
7627833,231,230
7858833,230,230
8088833,230,230
8318833,230,230
8548833,230,230
8778833,230,230
9008833,236,230
9244833,243,230
9487833,234,230
9721833,231,230
9952833,291,230
10243833,395,230
10638833,551,230
11189833,702,230
11891833,573,230
12464833,686,230
13150833,713,230
13863833,411,230
14274833,385,230
14659833,402,230
15061833,383,230
15444833,381,230
15825833,304,230
16129833,403,230
16532833,314,230
16846833,275,230
17121833,302,230
17423833,435,230
17858833,482,230
18340833,340,230
18680833,354,230
19034833,259,230
19293833,242,230
19535833,235,230
19770833,233,230
20003833,231,230
20234833,232,230
20466833,231,230
20697833,247,230
20944833,236,230
21180833,232,230
21412833,235,230
21647833,245,230
21892833,345,230
22237833,429,230
22666833,396,230
23062833,446,230
23508833,377,230
23885833,332,230
24217833,313,230
24530833,367,230
24897833,306,230
25203833,327,230
25530833,313,230
25843833,348,230
26191833,333,230
26524833,315,230
26839833,368,230
27207833,295,230
27502833,271,230
27773833,365,230
28138833,431,230
28569833,299,230
28868833,251,230
29119833,240,230
29359833,255,230
29614833,240,230
29854833,235,230
30089833,284,230
30373833,284,230
30657833,371,230
31028833,326,230
31354833,332,230
31686833,286,230
31972833,263,230
32235833,244,230
32479833,235,230
32714833,232,230
32946833,231,230
33177833,250,230
33427833,274,230
33701833,299,230
34000833,270,230
34270833,263,230
34533833,297,230
34830833,274,230
35104833,253,230
35357833,283,230
35640833,253,230
35893833,370,230
36263833,351,230
36614833,376,230
36990833,380,230
37370833,478,230
37848833,351,230
38199833,314,230
38513833,310,230
38823833,427,230
39250833,365,230
39615833,399,230
40014833,366,230
40380833,400,230
40780833,463,230
41243833,612,230
41855833,420,230
42275833,405,230
42680833,404,230
43084833,377,230
43461833,321,230
43782833,266,230
44048833,239,230
44287833,233,230
44520833,329,230
44849833,435,230
45284833,401,230
45685833,425,230
46110833,509,230
46619833,484,230
47103833,521,230
47624833,449,230
48073833,415,230
48488833,290,230
48778833,251,230
49029833,238,230
49267833,233,230
49500833,252,230
49752833,239,230
49991833,234,230
50225833,233,230
50458833,231,230
50689833,233,230
50922833,231,230
51153833,268,230
51421833,247,230
51668833,345,230
52013833,438,230
52451833,379,230
52830833,422,230
53252833,391,230
53643833,424,230
54067833,322,230
54389833,311,230
54700833,366,230
55066833,290,230
55356833,268,230
55624833,241,230
55865833,236,230
56101833,233,230
56334833,231,230
56565833,288,230
56853833,256,230
57109833,242,230
57351833,243,230
57594833,237,230
57831833,234,230
58065833,237,230
58302833,233,230
58535833,231,230
58766833,230,230
58996833,230,230
59226833,231,230
59457833,233,230
59690833,231,230
59921833,231,230
