timestamp,lastAckedSeq,highTxMark,availableTxBuffer,nextTxSeq,totalCwnd,unAckMeta
611833,5673,17017,1158,17017,11344,11344
611833,5673,17017,1158,17017,27472,11344
829833,11345,42541,1158,42541,27472,31196
1052833,29779,80827,1158,80827,51695,51048
1361833,48213,109187,1158,109187,60696,60974
1826833,77991,126203,1158,126203,45512,48212
2596833,129039,174415,1158,174415,43403,45376
3378833,181505,211283,1158,211283,29854,29778
3971833,219791,249569,1158,249569,29604,29778
4428833,249569,286437,1158,286437,36345,36868
4880833,279347,304871,1158,304871,25060,25524
5439833,316215,338903,1158,338903,23469,22688
5821833,341739,360173,1158,360173,19826,18434
6171833,365845,381443,1158,381443,16604,15598
6449833,381443,392787,1158,392787,12808,11344
6697833,394205,406967,1158,406967,13029,12762
6933833,406967,419729,1158,419729,13235,12762
7165833,419729,428237,1158,428237,9337,8508
7396833,428237,438163,1158,438163,10649,9926
7627833,438163,446671,1158,446671,8970,8508
7858833,446671,456597,1158,456597,11120,9926
8088833,456597,466523,1158,466523,10140,9926
8318833,466523,473613,1158,473613,8200,7090
8548833,473613,482121,1158,482121,9146,8508
8778833,482121,493465,1158,493465,12086,11344
9008833,493465,507645,1158,507645,14853,14180
9244833,507645,521825,1158,521825,14300,14180
9487833,521825,534587,1158,534587,14246,12762
9721833,536005,555857,1158,555857,21012,19852
9952833,548767,579963,1158,579963,30153,31196
10243833,568619,611159,2576,611159,42962,42540
10638833,592725,639519,1158,639519,44459,46794
11189833,628175,653699,1158,653699,23609,25524
11891833,674969,720345,1158,720345,43211,45376
12464833,711837,757213,2576,757213,44799,45376
13150833,755795,788409,1158,788409,30432,32614
13863833,805425,829531,1158,829531,24645,24106
14274833,830949,857891,1158,857891,26393,26942
14659833,857891,880579,2576,880579,24346,22688
15061833,883415,907521,1158,907521,24611,24106
15444833,908939,921701,1158,921701,13171,12762
15825833,931627,958569,1158,958569,28433,26942
16129833,950061,971331,1158,971331,20769,21270
16532833,977003,994019,1158,994019,17184,17016
16846833,996855,1018125,1158,1018125,20622,21270
17121833,1016707,1049321,1158,1049321,33458,32614
17423833,1035141,1066337,1158,1066337,30734,31196
17858833,1063501,1081935,1158,1081935,17220,18434
18340833,1094697,1118803,1158,1118803,24173,24106
18680833,1117385,1131565,1158,1131565,15083,14180
19034833,1137237,1148581,1158,1148581,11872,11344
19293833,1148581,1158507,1158,1158507,10221,9926
19535833,1158507,1165597,1158,1165597,8405,7090
19770833,1167015,1175523,1158,1175523,9195,8508
20003833,1175523,1185449,1158,1185449,10064,9926
20234833,1185449,1193957,1158,1193957,9303,8508
20466833,1193957,1208137,1158,1208137,14580,14180
20697833,1208137,1220899,1158,1220899,13066,12762
20944833,1220899,1230825,1158,1230825,10877,9926
21180833,1232243,1246423,1158,1246423,14487,14180
21412833,1246423,1262021,1158,1262021,15864,15598
21647833,1260603,1287545,1158,1287545,28085,26942
21892833,1276201,1305979,1158,1305979,28563,29778
22237833,1298889,1324413,1158,1324413,25595,25524
22666833,1327249,1355609,1158,1355609,28726,28360
23062833,1352773,1378297,1158,1378297,24338,25524
23508833,1382551,1403821,1158,1403821,21835,21270
23885833,1406657,1427927,1158,1427927,20343,21270
24217833,1429345,1453451,1158,1453451,25100,24106
24530833,1449197,1466213,1158,1466213,17277,17016
24897833,1473303,1495991,1158,1495991,22720,22688
25203833,1493155,1513007,1158,1513007,20674,19852
25530833,1514425,1537113,1158,1537113,23349,22688
25843833,1534277,1556965,1158,1556965,21804,22688
26191833,1558383,1578235,1158,1578235,21062,19852
26524833,1579653,1605177,1158,1605177,25480,25524
26839833,1599505,1619357,1158,1619357,18826,19852
27207833,1623611,1640627,1158,1640627,18339,17016
27502833,1643463,1670405,1158,1670405,25649,26942
27773833,1660479,1690257,1158,1690257,29677,29778
28138833,1683167,1704437,1158,1704437,20979,21270
28569833,1711527,1724289,1158,1724289,13463,12762
28868833,1727125,1734215,3994,1734215,10864,7090
29119833,1735633,1751231,1158,1751231,15126,15598
29359833,1751231,1762575,1158,1762575,11649,11344
29614833,1762575,1771083,1158,1771083,8806,8508
29854833,1772501,1789517,1158,1789517,18004,17016
30089833,1788099,1806533,1158,1806533,19573,18434
30373833,1806533,1832057,1158,1832057,26202,25524
30657833,1823549,1843401,1158,1843401,19596,19852
31028833,1847655,1870343,1158,1870343,22510,22688
31354833,1870343,1888777,1158,1888777,18665,18434
31686833,1891613,1908629,1158,1908629,17438,17016
31972833,1911465,1927063,1158,1927063,16632,15598
32235833,1927063,1941243,1158,1941243,15646,14180
32479833,1941243,1952587,1158,1952587,12095,11344
32714833,1952587,1962513,1158,1962513,10575,9926
32946833,1963931,1979529,1158,1979529,16454,15598
33177833,1978111,1996545,1158,1996545,19438,18434
33427833,1995127,2014979,1158,2014979,21342,19852
33701833,2012143,2029159,1158,2029159,17525,17016
34000833,2031995,2049011,1158,2049011,18052,17016
34270833,2049011,2068863,1158,2068863,20089,19852
34533833,2066027,2074535,1158,2074535,9960,8508
34830833,2078789,2092969,1158,2092969,13182,14180
35104833,2094387,2112821,1158,2112821,19202,18434
35357833,2111403,2127001,1158,2127001,17049,15598
35640833,2129837,2156779,1158,2156779,28319,26942
35893833,2145435,2166705,1158,2166705,20460,21270
36263833,2169541,2195065,1158,2195065,24412,25524
36614833,2193647,2217753,1158,2217753,24595,24106
36990833,2216335,2248949,1158,2248949,32077,32614
37370833,2240441,2264547,1158,2264547,22936,24106
37848833,2273055,2292907,1158,2292907,20950,19852
38199833,2297161,2317013,1158,2317013,20796,19852
38513833,2317013,2346791,1158,2346791,30955,29778
38823833,2335447,2355299,1158,2355299,19629,19852
39250833,2365225,2390749,1158,2390749,25606,25524
39615833,2387913,2412019,1158,2412019,23400,24106
40014833,2414855,2440379,1158,2440379,26951,25524
40380833,2438961,2468739,2576,2468739,31052,29778
40780833,2464485,2505607,1158,2505607,40726,41122
41243833,2494263,2521205,1158,2521205,25538,26942
41855833,2533967,2560909,1158,2560909,26478,26942
42275833,2562327,2589269,1158,2589269,25883,26942
42680833,2589269,2614793,1158,2614793,25183,25524
43084833,2616211,2637481,1158,2637481,22203,21270
43461833,2641735,2657333,2576,2657333,17193,15598
43782833,2660169,2674349,1158,2674349,14276,14180
44048833,2677185,2691365,1158,2691365,15270,14180
44287833,2691365,2715471,1158,2715471,24379,24106
44520833,2706963,2738159,1158,2738159,31827,31196
44849833,2728233,2750921,2576,2750921,23726,22688
45284833,2756593,2784953,1158,2784953,28193,28360
45685833,2783535,2816149,2576,2816149,32857,32614
46110833,2809059,2840255,1158,2840255,30132,31196
46619833,2843091,2877123,1158,2877123,33054,34032
47103833,2874287,2904065,1158,2904065,29276,29778
47624833,2909737,2936679,1158,2936679,27583,26942
48073833,2939515,2959367,1158,2959367,21250,19852
48488833,2966457,2982055,1158,2982055,16653,15598
48778833,2982055,2994817,1158,2994817,13832,12762
49029833,2994817,3006161,1158,3006161,12313,11344
49267833,3007579,3021759,1158,3021759,15442,14180
49500833,3021759,3033103,1158,3033103,12372,11344
49752833,3033103,3041611,1158,3041611,8616,8508
49991833,3043029,3054373,1158,3054373,11505,11344
50225833,3054373,3064299,1158,3064299,10651,9926
50458833,3064299,3077061,1158,3077061,12922,12762
50689833,3077061,3088405,1158,3088405,11642,11344
50922833,3088405,3105421,1158,3105421,17518,17016
51153833,3104003,3119601,1158,3119601,16483,15598
51421833,3121019,3147961,1158,3147961,26834,26942
51668833,3136617,3167813,1158,3167813,30303,31196
52013833,3159305,3181993,1158,3181993,22273,22688
52451833,3187665,3216025,1158,3216025,27843,28360
52830833,3213189,3237295,1158,3237295,24947,24106
53252833,3240131,3268491,1158,3268491,27286,28360
53643833,3265655,3286925,1158,3286925,21133,21270
54067833,3294015,3315285,1158,3315285,20021,21270
54389833,3315285,3339391,1158,3339391,24588,24106
54700833,3335137,3353571,1158,3353571,19289,18434
55066833,3360661,3377677,1158,3377677,17475,17016
55356833,3377677,3391857,1158,3391857,14934,14180
55624833,3391857,3400365,1158,3400365,9054,8508
55865833,3400365,3408873,1158,3408873,9257,8508
56101833,3408873,3417381,1158,3417381,9040,8508
56334833,3418799,3435815,1158,3435815,17481,17016
56565833,3432979,3442905,1158,3442905,11238,9926
56853833,3445741,3455667,1158,3455667,10505,9926
57109833,3458503,3475519,1158,3475519,16904,17016
57351833,3475519,3484027,1158,3484027,9902,8508
57594833,3484027,3492535,1158,3492535,9560,8508
57831833,3492535,3505297,1158,3505297,13178,12762
58065833,3505297,3518059,1158,3518059,13484,12762
58302833,3518059,3529403,1158,3529403,11917,11344
58535833,3530821,3543583,1158,3543583,14203,12762
58766833,3543583,3552091,1158,3552091,9423,8508
58996833,3552091,3562017,1158,3562017,11363,9926
59226833,3562017,3571943,2576,3571943,12105,9926
59457833,3573361,3583287,2576,3583287,12213,9926
59690833,3583287,3593213,1158,3593213,10554,9926
59921833,3594631,3608811,2576,3608811,15888,14180
