timestamp,rWnd0,rWnd1
611833,1073725440,1073725440
611833,1073725440,1073725440
829833,1073725440,1073725440
1052833,1073725440,1073725440
1278833,1073725440,1073725440
1534833,1073725440,1073725440
1773833,1073725440,1073725440
2007833,1073725440,1073725440
2239833,1073725440,1073725440
2470833,1073725440,1073725440
2700833,1073725440,1073725440
3009833,1073725440,1073725440
3354833,1073725440,1073725440
3649833,1073725440,1073725440
3974833,1073725440,1073725440
4324833,1073725440,1073725440
4660833,1073725440,1073725440
4973833,1073725440,1073725440
5283833,1073725440,1073725440
5647833,1073725440,1073725440
6081833,1073725440,1073725440
6436833,1073725440,1073725440
6813833,1073725440,1073725440
7253833,1073725440,1073725440
7638833,1073725440,1073725440
8258833,1073725440,1073725440
8818833,1073725440,1073725440
9342833,1073725440,1073725440
9760833,1073725440,1073725440
10274833,1073725440,1073725440
10715833,1073725440,1073725440
11188833,1073725440,1073725440
11563833,1073725440,1073725440
11985833,1073725440,1073725440
12510833,1073725440,1073725440
13118833,1073725440,1073725440
14069833,1073725440,1073725440
14712833,1073725440,1073725440
15124833,1073725440,1073725440
15481833,1073725440,1073725440
15940833,1073725440,1073725440
16580833,1073725440,1073725440
17159833,1073725440,1073725440
17690833,1073725440,1073725440
18089833,1073725440,1073725440
18453833,1073725440,1073725440
18741833,1073725440,1073725440
19121833,1073725440,1073725440
19614833,1073725440,1073725440
20089833,1073725440,1073725440
20467833,1073725440,1073725440
20783833,1073725440,1073725440
21094833,1073725440,1073725440
21356833,1073725440,1073725440
21599833,1073725440,1073725440
21852833,1073725440,1073725440
22092833,1073725440,1073725440
22326833,1073725440,1073725440
22600833,1073725440,1073725440
22864833,1073725440,1073725440
23162833,1073725440,1073725440
23421833,1073725440,1073725440
23663833,1073725440,1073725440
23898833,1073725440,1073725440
24149833,1073725440,1073725440
24387833,1073725440,1073725440
24630833,1073725440,1073725440
24939833,1073725440,1073725440
25356833,1073725440,1073725440
25940833,1073725440,1073725440
26481833,1073725440,1073725440
26977833,1073725440,1073725440
27456833,1073725440,1073725440
28234833,1073725440,1073725440
29006833,1073725440,1073725440
30024833,1073725440,1073725440
30514833,1073725440,1073725440
30956833,1073725440,1073725440
31450833,1073725440,1073725440
31949833,1073725440,1073725440
32598833,1073725440,1073725440
33038833,1073725440,1073725440
33389833,1073725440,1073725440
33745833,1073725440,1073725440
34101833,1073725440,1073725440
34517833,1073725440,1073725440
34882833,1073725440,1073725440
35240833,1073725440,1073725440
35617833,1073725440,1073725440
36094833,1073725440,1073725440
36671833,1073725440,1073725440
37331833,1073725440,1073725440
37937833,1073725440,1073725440
38648833,1073725440,1073725440
39237833,1073725440,1073725440
39832833,1073725440,1073725440
40706833,1073725440,1073725440
41096833,1073725440,1073725440
41444833,1073725440,1073725440
41717833,1073725440,1073725440
41981833,1073725440,1073725440
42295833,1073725440,1073725440
42590833,1073725440,1073725440
42846833,1073725440,1073725440
43088833,1073725440,1073725440
43324833,1073725440,1073725440
43563833,1073725440,1073725440
43847833,1073725440,1073725440
44178833,1073725440,1073725440
44531833,1073725440,1073725440
44907833,1073725440,1073725440
45266833,1073725440,1073725440
45685833,1073725440,1073725440
46033833,1073725440,1073725440
46409833,1073725440,1073725440
46716833,1073725440,1073725440
47024833,1073725440,1073725440
47388833,1073725440,1073725440
47819833,1073725440,1073725440
48198833,1073725440,1073725440
48769833,1073725440,1073725440
49247833,1073725440,1073725440
49723833,1073725440,1073725440
50057833,1073725440,1073725440
50390833,1073725440,1073725440
50664833,1073725440,1073725440
50924833,1073725440,1073725440
51168833,1073725440,1073725440
51520833,1073725440,1073725440
51938833,1073725440,1073725440
52222833,1073725440,1073725440
52488833,1073725440,1073725440
52769833,1073725440,1073725440
53131833,1073725440,1073725440
53513833,1073725440,1073725440
53793833,1073725440,1073725440
54077833,1073725440,1073725440
54328833,1073725440,1073725440
54565833,1073725440,1073725440
54803833,1073725440,1073725440
55046833,1073725440,1073725440
55369833,1073725440,1073725440
55660833,1073725440,1073725440
56003833,1073725440,1073725440
56376833,1073725440,1073725440
56795833,1073725440,1073725440
57184833,1073725440,1073725440
57803833,1073725440,1073725440
58491833,1073725440,1073725440
59317833,1073725440,1073725440
