timestamp,availableTxBuffer0,availableTxBuffer1
611833,246472,246472
611833,246472,246472
829833,246472,246472
1052833,240800,250726
1278833,240800,250726
1534833,242218,250726
1773833,243636,250726
2007833,242218,250726
2239833,242218,250726
2470833,233710,250726
2700833,230874,250726
3009833,236546,250726
3354833,232292,250726
3649833,230874,250726
3974833,232292,250726
4324833,233710,250726
4660833,233710,250726
4973833,229456,250726
5283833,225202,250726
5647833,233710,250726
6081833,229456,250726
6436833,225202,250726
6813833,232292,250726
7253833,211022,250726
7638833,220948,250726
8258833,219530,250726
8818833,232292,250726
9342833,220948,250726
9760833,228038,250726
10274833,225202,250726
10715833,233710,250726
11188833,226620,250726
11563833,220948,250726
11985833,215276,250726
12510833,189752,250726
13118833,205350,250726
14069833,222366,250726
14712833,232292,250726
15124833,223784,250726
15481833,209604,250726
15940833,218112,250726
16580833,219530,250726
17159833,228038,250726
17690833,229456,250726
18089833,237964,250726
18453833,228038,250726
18741833,219530,250726
19121833,223784,250726
19614833,228038,250726
20089833,233710,250726
20467833,233710,250726
20783833,242218,250726
21094833,242218,250726
21356833,239382,250726
21599833,243636,250726
21852833,243636,250726
22092833,236546,250726
22326833,236546,250726
22600833,233710,250726
22864833,237964,250726
23162833,242218,250726
23421833,243636,250726
23663833,240800,250726
23898833,240800,250726
24149833,239382,250726
24387833,232292,250726
24630833,212440,250726
24939833,222366,250726
25356833,219530,250726
25940833,222366,252144
26481833,223784,250726
26977833,201096,250726
27456833,206768,250726
28234833,191170,250726
29006833,209604,250726
30024833,226620,250726
30514833,222366,250726
30956833,222366,252144
31450833,212440,250726
31949833,220948,250726
32598833,232292,250726
33038833,230874,250726
33389833,230874,250726
33745833,226620,250726
34101833,230874,250726
34517833,232292,250726
34882833,229456,250726
35240833,222366,250726
35617833,216694,250726
36094833,212440,250726
36671833,216694,250726
37331833,209604,250726
37937833,218112,250726
38648833,216694,250726
39237833,198260,250726
39832833,222366,250726
40706833,230874,250726
41096833,236546,250726
41444833,236546,250726
41717833,232292,250726
41981833,235128,250726
42295833,242218,250726
42590833,243636,250726
42846833,245054,250726
43088833,243636,250726
43324833,237964,250726
43563833,230874,250726
43847833,230874,250726
44178833,229456,250726
44531833,230874,250726
44907833,226620,250726
45266833,235128,252144
45685833,229456,250726
46033833,235128,250726
46409833,233710,250726
46716833,229456,250726
47024833,225202,250726
47388833,230874,250726
47819833,215276,250726
48198833,226620,250726
48769833,223784,250726
49247833,233710,250726
49723833,232292,250726
50057833,242218,250726
50390833,236546,250726
50664833,237964,250726
50924833,226620,250726
51168833,226620,250726
51520833,239382,250726
51938833,236546,250726
52222833,235128,250726
52488833,228038,250726
52769833,229456,250726
53131833,239382,250726
53513833,235128,250726
53793833,242218,250726
54077833,242218,250726
54328833,240800,250726
54565833,239382,250726
54803833,230874,250726
55046833,237964,250726
55369833,232292,250726
55660833,229456,250726
56003833,226620,250726
56376833,229456,250726
56795833,211022,250726
57184833,211022,250726
57803833,203932,250726
58491833,220948,250726
59317833,194006,250726
