timestamp,cWnd0,cWnd1
611833,5672,5672
611833,6816,1500
829833,6816,1500
1052833,12231,1500
1278833,12362,1500
1534833,10312,1500
1773833,8881,1500
2007833,10866,1500
2239833,9944,1500
2470833,18530,1500
2700833,22057,1500
3009833,16109,1500
3354833,20607,1500
3649833,22372,1500
3974833,20307,1500
4324833,19352,1500
4660833,19399,1500
4973833,23435,1500
5283833,27117,1500
5647833,19112,1500
6081833,23650,1500
6436833,27388,1500
6813833,22016,1500
7253833,41267,1500
7638833,32494,1500
8258833,32803,1500
8818833,22262,1500
9342833,31296,1500
9760833,24878,1500
10274833,28502,1500
10715833,19252,1500
11188833,25918,1500
11563833,32888,1500
11985833,37931,1500
12510833,62707,1500
13118833,47444,1500
14069833,30462,1500
14712833,20950,1500
15124833,29242,1500
15481833,43743,1500
15940833,34782,1500
16580833,33576,1500
17159833,25475,1500
17690833,23711,1500
18089833,15371,1500
18453833,24384,1500
18741833,32760,1500
19121833,29560,1500
19614833,25288,1500
20089833,19249,1500
20467833,18879,1500
20783833,10322,1500
21094833,11330,1500
21356833,12825,1500
21599833,9283,1500
21852833,9587,1500
22092833,16031,1500
22326833,16439,1500
22600833,19224,1500
22864833,15409,1500
23162833,10383,1500
23421833,9585,1500
23663833,11774,1500
23898833,11975,1500
24149833,12967,1500
24387833,20420,1500
24630833,40399,1500
24939833,30553,1500
25356833,33397,1500
25940833,31070,1500
26481833,29623,1500
26977833,51350,1500
27456833,45739,1500
28234833,61280,1500
29006833,42938,1500
30024833,25713,1500
30514833,30140,1500
30956833,31147,1500
31450833,40999,1500
31949833,32331,1500
32598833,20376,1500
33038833,21399,1500
33389833,21931,1500
33745833,26813,1500
34101833,22461,1500
34517833,21877,1500
34882833,23760,1500
35240833,30395,1500
35617833,35624,1500
36094833,39944,1500
36671833,35640,1500
37331833,43599,1500
37937833,35445,1500
38648833,35948,1500
39237833,53887,1500
39832833,30121,1500
40706833,22324,1500
41096833,15863,1500
41444833,15659,1500
41717833,21155,1500
41981833,18308,1500
42295833,10239,1500
42590833,9017,1500
42846833,8055,1500
43088833,8534,1500
43324833,14811,1500
43563833,22540,1500
43847833,22291,1500
44178833,23719,1500
44531833,21689,1500
44907833,26057,1500
45266833,18840,1500
45685833,23498,1500
46033833,17768,1500
46409833,18817,1500
46716833,23343,1500
47024833,27036,1500
47388833,22373,1500
47819833,37457,1500
48198833,26192,1500
48769833,29542,1500
49247833,18444,1500
49723833,20357,1500
50057833,10204,1500
50390833,16355,1500
50664833,14327,1500
50924833,26410,1500
51168833,26436,1500
51520833,13938,1500
51938833,16580,1500
52222833,17910,1500
52488833,24619,1500
52769833,23989,1500
53131833,14159,1500
53513833,17979,1500
53793833,11826,1500
54077833,10982,1500
54328833,12152,1500
54565833,13686,1500
54803833,22205,1500
55046833,14526,1500
55369833,21403,1500
55660833,23412,1500
56003833,26500,1500
56376833,23905,1500
56795833,41607,1500
57184833,41483,1500
57803833,50913,1500
58491833,31483,1500
59317833,59103,1500
