timestamp,unAck0,unAck1
611833,5672,5672
611833,5672,5672
829833,5672,5672
1052833,11344,1418
1278833,11344,1418
1534833,9926,1418
1773833,8508,1418
2007833,9926,1418
2239833,9926,1418
2470833,18434,1418
2700833,21270,1418
3009833,15598,1418
3354833,19852,1418
3649833,21270,1418
3974833,19852,1418
4324833,18434,1418
4660833,18434,1418
4973833,22688,1418
5283833,26942,1418
5647833,18434,1418
6081833,22688,1418
6436833,26942,1418
6813833,19852,1418
7253833,41122,1418
7638833,31196,1418
8258833,32614,1418
8818833,19852,1418
9342833,31196,1418
9760833,24106,1418
10274833,26942,1418
10715833,18434,1418
11188833,25524,1418
11563833,31196,1418
11985833,36868,1418
12510833,62392,1418
13118833,46794,1418
14069833,29778,1418
14712833,19852,1418
15124833,28360,1418
15481833,42540,1418
15940833,34032,1418
16580833,32614,1418
17159833,24106,1418
17690833,22688,1418
18089833,14180,1418
18453833,24106,1418
18741833,32614,1418
19121833,28360,1418
19614833,24106,1418
20089833,18434,1418
20467833,18434,1418
20783833,9926,1418
21094833,9926,1418
21356833,12762,1418
21599833,8508,1418
21852833,8508,1418
22092833,15598,1418
22326833,15598,1418
22600833,18434,1418
22864833,14180,1418
23162833,9926,1418
23421833,8508,1418
23663833,11344,1418
23898833,11344,1418
24149833,12762,1418
24387833,19852,1418
24630833,39704,1418
24939833,29778,1418
25356833,32614,1418
25940833,29778,0
26481833,28360,1418
26977833,51048,1418
27456833,45376,1418
28234833,60974,1418
29006833,42540,1418
30024833,25524,1418
30514833,29778,1418
30956833,29778,0
31450833,39704,1418
31949833,31196,1418
32598833,19852,1418
33038833,21270,1418
33389833,21270,1418
33745833,25524,1418
34101833,21270,1418
34517833,19852,1418
34882833,22688,1418
35240833,29778,1418
35617833,35450,1418
36094833,39704,1418
36671833,35450,1418
37331833,42540,1418
37937833,34032,1418
38648833,35450,1418
39237833,53884,1418
39832833,29778,1418
40706833,21270,1418
41096833,15598,1418
41444833,15598,1418
41717833,19852,1418
41981833,17016,1418
42295833,9926,1418
42590833,8508,1418
42846833,7090,1418
43088833,8508,1418
43324833,14180,1418
43563833,21270,1418
43847833,21270,1418
44178833,22688,1418
44531833,21270,1418
44907833,25524,1418
45266833,17016,0
45685833,22688,1418
46033833,17016,1418
46409833,18434,1418
46716833,22688,1418
47024833,26942,1418
47388833,21270,1418
47819833,36868,1418
48198833,25524,1418
48769833,28360,1418
49247833,18434,1418
49723833,19852,1418
50057833,9926,1418
50390833,15598,1418
50664833,14180,1418
50924833,25524,1418
51168833,25524,1418
51520833,12762,1418
51938833,15598,1418
52222833,17016,1418
52488833,24106,1418
52769833,22688,1418
53131833,12762,1418
53513833,17016,1418
53793833,9926,1418
54077833,9926,1418
54328833,11344,1418
54565833,12762,1418
54803833,21270,1418
55046833,14180,1418
55369833,19852,1418
55660833,22688,1418
56003833,25524,1418
56376833,22688,1418
56795833,41122,1418
57184833,41122,1418
57803833,48212,1418
58491833,31196,1418
59317833,58138,1418
