timestamp,rtt0,rtt1
611833,218,184
611833,218,184
829833,223,184
1052833,226,219
1278833,256,221
1534833,239,222
1773833,234,223
2007833,232,224
2239833,231,225
2470833,230,225
2700833,309,226
3009833,345,226
3354833,295,227
3649833,325,227
3974833,350,228
4324833,336,228
4660833,313,228
4973833,310,229
5283833,364,229
5647833,434,229
6081833,355,229
6436833,377,229
6813833,440,229
7253833,385,229
7638833,620,229
8258833,560,230
8818833,524,230
9342833,418,230
9760833,514,230
10274833,441,230
10715833,473,230
11188833,375,230
11563833,422,230
11985833,525,230
12510833,608,230
13118833,951,230
14069833,643,230
14712833,412,230
15124833,357,230
15481833,459,230
15940833,640,230
16580833,579,230
17159833,531,230
17690833,399,230
18089833,364,230
18453833,288,230
18741833,380,230
19121833,493,230
19614833,475,230
20089833,378,230
20467833,316,230
20783833,311,230
21094833,262,230
21356833,243,230
21599833,253,230
21852833,240,230
22092833,234,230
22326833,274,230
22600833,264,230
22864833,298,230
23162833,259,230
23421833,242,230
23663833,235,230
23898833,251,230
24149833,238,230
24387833,243,230
24630833,309,230
24939833,417,230
25356833,584,230
25940833,541,230
26481833,496,230
26977833,479,230
27456833,778,230
28234833,772,230
29006833,1018,230
30024833,490,230
30514833,442,230
30956833,494,230
31450833,499,230
31949833,649,230
32598833,440,230
33038833,351,230
33389833,356,230
33745833,356,230
34101833,416,230
34517833,365,230
34882833,358,230
35240833,377,230
35617833,477,230
36094833,577,230
36671833,660,230
37331833,606,230
37937833,711,230
38648833,589,230
39237833,595,230
39832833,874,230
40706833,390,230
41096833,348,230
41444833,273,230
41717833,264,230
41981833,314,230
42295833,295,230
42590833,256,230
42846833,242,230
43088833,236,230
43324833,239,230
43563833,284,230
43847833,331,230
44178833,353,230
44531833,376,230
44907833,359,230
45266833,419,230
45685833,348,230
46033833,376,230
46409833,307,230
46716833,308,230
47024833,364,230
47388833,431,230
47819833,379,230
48198833,571,230
48769833,478,230
49247833,476,230
49723833,334,230
50057833,333,230
50390833,274,230
50664833,260,230
50924833,244,230
51168833,352,230
51520833,418,230
51938833,284,230
52222833,266,230
52488833,281,230
52769833,362,230
53131833,382,230
53513833,280,230
53793833,284,230
54077833,251,230
54328833,237,230
54565833,238,230
54803833,243,230
55046833,323,230
55369833,291,230
55660833,343,230
56003833,373,230
56376833,419,230
56795833,389,230
57184833,619,230
57803833,688,230
58491833,826,230
59317833,687,230
