timestamp,lastAckedSeq,highTxMark,availableTxBuffer,nextTxSeq,totalCwnd,unAckMeta
611833,5673,17017,1158,17017,11344,11344
611833,5673,17017,1158,17017,8316,11344
829833,11345,22689,1158,22689,8316,11344
1052833,22689,35451,1158,35451,13731,12762
1278833,35451,48213,1158,48213,13862,12762
1534833,48213,59557,1158,59557,11812,11344
1773833,59557,69483,1158,69483,10381,9926
2007833,70901,82245,1158,82245,12366,11344
2239833,82245,93589,1158,93589,11444,11344
2470833,93589,113441,1158,113441,20030,19852
2700833,107769,130457,1158,130457,23557,22688
3009833,127621,144637,1158,144637,17609,17016
3354833,150309,172997,1158,172997,22107,22688
3649833,170161,192849,1158,192849,23872,22688
3974833,191431,212701,1158,212701,21807,21270
4324833,214119,233971,1158,233971,20852,19852
4660833,235389,255241,1158,255241,20899,19852
4973833,255241,280765,1158,280765,24935,25524
5283833,275093,304871,1158,304871,28617,29778
5647833,300617,320469,1158,320469,20612,19852
6081833,328977,353083,1158,353083,25150,24106
6436833,351665,381443,1158,381443,28888,29778
6813833,375771,398459,2576,398459,23516,22688
7253833,404131,448089,1158,448089,42767,43958
7638833,428237,463687,1158,463687,33994,35450
8258833,469359,504809,1158,504809,34303,35450
8818833,507645,530333,2576,530333,23762,22688
9342833,540259,574291,1158,574291,32796,34032
9760833,567201,595561,1158,595561,26378,28360
10274833,602651,632429,2576,632429,30002,29778
10715833,631011,652281,1158,652281,20752,21270
11188833,662207,690567,1158,690567,27418,28360
11563833,686313,720345,2576,720345,34388,34032
11985833,713255,752959,1158,752959,39431,39704
12510833,747287,812515,1158,812515,64207,65228
13118833,784155,838039,1158,838039,48944,53884
14069833,849383,881997,1158,881997,31962,32614
14712833,891923,913193,1158,913193,22450,21270
15124833,918865,950061,1158,950061,30742,31196
15481833,942971,988347,1158,988347,45243,45376
15940833,971331,1009617,1158,1009617,36282,38286
16580833,1013871,1049321,1158,1049321,35076,35450
17159833,1052157,1079099,1158,1079099,26975,26942
17690833,1086189,1111713,1158,1111713,25211,25524
18089833,1114549,1130147,1158,1130147,16871,15598
18453833,1137237,1162761,1158,1162761,25884,25524
18741833,1155671,1189703,1158,1189703,34260,34032
19121833,1179777,1210973,1158,1210973,31060,31196
19614833,1212391,1239333,1158,1239333,26788,26942
20089833,1245005,1264857,1158,1264857,20749,19852
20467833,1269111,1290381,1158,1290381,20379,21270
20783833,1290381,1301725,1158,1301725,11822,11344
21094833,1301725,1313069,1158,1313069,12830,11344
21356833,1315905,1330085,1158,1330085,14325,14180
21599833,1330085,1340011,1158,1340011,10783,9926
21852833,1340011,1349937,1158,1349937,11087,9926
22092833,1351355,1368371,1158,1368371,17531,17016
22326833,1366953,1383969,1158,1383969,17939,17016
22600833,1383969,1403821,1158,1403821,20724,19852
22864833,1400985,1418001,1158,1418001,16909,17016
23162833,1418001,1429345,1158,1429345,11883,11344
23421833,1429345,1439271,1158,1439271,11085,9926
23663833,1440689,1453451,1158,1453451,13274,12762
23898833,1453451,1466213,1158,1466213,13475,12762
24149833,1467631,1481811,1158,1481811,14467,14180
24387833,1481811,1503081,1158,1503081,21920,21270
24630833,1495991,1538531,1158,1538531,41899,42540
24939833,1515843,1548457,1158,1548457,32053,32614
25356833,1544203,1579653,1158,1579653,34897,35450
25940833,1581071,1613685,1158,1613685,32570,32614
26481833,1617939,1649135,1158,1649135,31123,31196
26977833,1650553,1704437,1158,1704437,52850,53884
27456833,1678913,1729961,1158,1729961,47239,51048
28234833,1729961,1795189,1158,1795189,62780,65228
29006833,1779591,1827803,1158,1827803,44438,48212
30024833,1849073,1877433,1158,1877433,27213,28360
30514833,1881687,1914301,1158,1914301,31640,32614
30956833,1908629,1941243,1158,1941243,32647,32614
31450833,1941243,1985201,1158,1985201,42499,43958
31949833,1973857,2009307,1158,2009307,33831,35450
32598833,2017815,2039085,1158,2039085,21876,21270
33038833,2047593,2070281,1158,2070281,22899,22688
33389833,2068863,2092969,1158,2092969,23431,24106
33745833,2092969,2119911,1158,2119911,28313,26942
34101833,2115657,2139763,1158,2139763,23961,24106
34517833,2144017,2165287,2576,2165287,23377,21270
34882833,2166705,2192229,1158,2192229,25260,25524
35240833,2190811,2222007,1158,2222007,31895,31196
35617833,2214917,2253203,1158,2253203,37124,38286
36094833,2246113,2288653,2576,2288653,41444,42540
36671833,2282981,2321267,1158,2321267,37140,38286
37331833,2324103,2370897,1158,2370897,45099,46794
37937833,2365225,2403511,1158,2403511,36945,38286
38648833,2412019,2451723,1158,2451723,37448,39704
39237833,2450305,2507025,1158,2507025,55387,56720
39832833,2487173,2522623,1158,2522623,31621,35450
40706833,2548147,2570835,1158,2570835,23824,22688
41096833,2573671,2590687,1158,2590687,17363,17016
41444833,2596359,2613375,1158,2613375,17159,17016
41717833,2613375,2636063,1158,2636063,22655,22688
41981833,2630391,2650243,1158,2650243,19808,19852
42295833,2650243,2661587,1158,2661587,11739,11344
42590833,2661587,2671513,1158,2671513,10517,9926
42846833,2671513,2680021,1158,2680021,9555,8508
43088833,2681439,2691365,1158,2691365,10034,9926
43324833,2691365,2706963,1158,2706963,16311,15598
43563833,2706963,2729651,1158,2729651,24040,22688
43847833,2725397,2749503,1158,2749503,23791,24106
44178833,2746667,2772191,1158,2772191,25219,25524
44531833,2770773,2793461,1158,2793461,23189,22688
44907833,2793461,2821821,1158,2821821,27557,28360
45266833,2818985,2837419,2576,2837419,20340,18434
45685833,2845927,2870033,1158,2870033,24998,24106
46033833,2868615,2888467,1158,2888467,19268,19852
46409833,2892721,2912573,1158,2912573,20317,19852
46716833,2912573,2938097,1158,2938097,24843,25524
47024833,2932425,2962203,1158,2962203,28536,29778
47388833,2955113,2979219,1158,2979219,23873,24106
47819833,2983473,3023177,1158,3023177,38957,39704
48198833,3007579,3037357,1158,3037357,27692,29778
48769833,3045865,3077061,1158,3077061,31042,31196
49247833,3078479,3098331,1158,3098331,19944,19852
49723833,3109675,3130945,1158,3130945,21857,21270
50057833,3132363,3143707,1158,3143707,11704,11344
50390833,3149379,3166395,1158,3166395,17855,17016
50664833,3167813,3183411,1158,3183411,15827,15598
50924833,3184829,3211771,1158,3211771,27910,26942
51168833,3199009,3227369,1158,3227369,27936,28360
51520833,3223115,3238713,1158,3238713,15438,15598
51938833,3250057,3268491,1158,3268491,18080,18434
52222833,3268491,3286925,1158,3286925,19410,18434
52488833,3286925,3312449,1158,3312449,26119,25524
52769833,3302523,3328047,1158,3328047,25489,25524
53131833,3329465,3343645,2576,3343645,15659,14180
53513833,3352153,3370587,1158,3370587,19479,18434
53793833,3370587,3381931,2576,3381931,13326,11344
54077833,3383349,3394693,1158,3394693,12482,11344
54328833,3396111,3408873,1158,3408873,13652,12762
54565833,3410291,3424471,1158,3424471,15186,14180
54803833,3424471,3447159,1158,3447159,23705,22688
55046833,3438651,3455667,1158,3455667,16026,17016
55369833,3461339,3482609,2576,3482609,22903,21270
55660833,3479773,3503879,1158,3503879,24912,24106
56003833,3501043,3529403,1158,3529403,28000,28360
56376833,3525149,3550673,1158,3550673,25405,25524
56795833,3552091,3596049,1158,3596049,43107,43958
57184833,3577615,3622991,1158,3622991,42983,45376
57803833,3617319,3669785,2576,3669785,52413,52466
58491833,3661277,3696727,1158,3696727,32983,35450
59317833,3715161,3778971,1158,3778971,60603,63810
