timestamp,rWnd0,rWnd1
611833,1073725440,1073725440
611833,1073725440,1073725440
829833,1073725440,1073725440
1052833,1073725440,1073725440
1361833,1073725440,1073725440
1754833,1073725440,1073725440
2006833,1073725440,1073725440
2242833,1073725440,1073725440
2474833,1073725440,1073725440
2705833,1073725440,1073725440
2935833,1073725440,1073725440
3208833,1073725440,1073725440
3456833,1073725440,1073725440
3694833,1073725440,1073725440
3928833,1073725440,1073725440
4161833,1073725440,1073725440
4394833,1073725440,1073725440
4671833,1073725440,1073725440
4921833,1073725440,1073725440
5179833,1073725440,1073725440
5516833,1073725440,1073725440
5977833,1073725440,1073725440
6441833,1073725440,1073725440
6916833,1073725440,1073725440
7372833,1073725440,1073725440
7973833,1073725440,1073725440
8716833,1073725440,1073725440
9379833,1073725440,1073725440
10069833,1073725440,1073725440
10658833,1073725440,1073725440
11178833,1073725440,1073725440
11679833,1073725440,1073725440
12245833,1073725440,1073725440
12557833,1073725440,1073725440
12848833,1073725440,1073725440
13224833,1073725440,1073725440
13523833,1073725440,1073725440
13794833,1073725440,1073725440
14113833,1073725440,1073725440
14375833,1073725440,1073725440
14618833,1073725440,1073725440
14854833,1073725440,1073725440
15097833,1073725440,1073725440
15334833,1073725440,1073725440
15567833,1073725440,1073725440
15801833,1073725440,1073725440
16033833,1073725440,1073725440
16274833,1073725440,1073725440
16551833,1073725440,1073725440
16802833,1073725440,1073725440
17095833,1073725440,1073725440
17494833,1073725440,1073725440
17875833,1073725440,1073725440
18277833,1073725440,1073725440
18567833,1073725440,1073725440
18853833,1073725440,1073725440
19108833,1073725440,1073725440
19350833,1073725440,1073725440
19585833,1073725440,1073725440
19916833,1073725440,1073725440
20355833,1073725440,1073725440
20853833,1073725440,1073725440
21298833,1073725440,1073725440
21689833,1073725440,1073725440
22011833,1073725440,1073725440
22289833,1073725440,1073725440
22610833,1073725440,1073725440
22883833,1073725440,1073725440
23203833,1073725440,1073725440
23534833,1073725440,1073725440
23924833,1073725440,1073725440
24417833,1073725440,1073725440
24752833,1073725440,1073725440
25053833,1073725440,1073725440
25417833,1073725440,1073725440
25814833,1073725440,1073725440
26081833,1073725440,1073725440
26325833,1073725440,1073725440
26562833,1073725440,1073725440
26811833,1073725440,1073725440
27048833,1073725440,1073725440
27281833,1073725440,1073725440
27551833,1073725440,1073725440
27902833,1073725440,1073725440
28281833,1073725440,1073725440
28661833,1073725440,1073725440
29121833,1073725440,1073725440
29808833,1073725440,1073725440
30707833,1073725440,1073725440
31232833,1073725440,1073725440
31709833,1073725440,1073725440
32029833,1073725440,1073725440
32340833,1073725440,1073725440
32599833,1073725440,1073725440
32859833,1073725440,1073725440
33120833,1073725440,1073725440
33381833,1073725440,1073725440
33707833,1073725440,1073725440
33970833,1073725440,1073725440
34209833,1073725440,1073725440
34442833,1073725440,1073725440
34720833,1073725440,1073725440
34972833,1073725440,1073725440
35211833,1073725440,1073725440
35446833,1073725440,1073725440
35679833,1073725440,1073725440
35914833,1073725440,1073725440
36146833,1073725440,1073725440
36377833,1073725440,1073725440
36607833,1073725440,1073725440
36896833,1073725440,1073725440
37152833,1073725440,1073725440
37434833,1073725440,1073725440
37690833,1073725440,1073725440
37976833,1073725440,1073725440
38226833,1073725440,1073725440
38466833,1073725440,1073725440
38804833,1073725440,1073725440
39252833,1073725440,1073725440
39592833,1073725440,1073725440
39848833,1073725440,1073725440
40087833,1073725440,1073725440
40320833,1073725440,1073725440
40567833,1073725440,1073725440
40851833,1073725440,1073725440
41170833,1073725440,1073725440
41482833,1073725440,1073725440
41760833,1073725440,1073725440
42062833,1073725440,1073725440
42477833,1073725440,1073725440
42947833,1073725440,1073725440
43389833,1073725440,1073725440
43746833,1073725440,1073725440
44070833,1073725440,1073725440
44323833,1073725440,1073725440
44561833,1073725440,1073725440
44795833,1073725440,1073725440
45027833,1073725440,1073725440
45267833,1073725440,1073725440
45502833,1073725440,1073725440
45734833,1073725440,1073725440
45970833,1073725440,1073725440
46202833,1073725440,1073725440
46433833,1073725440,1073725440
46670833,1073725440,1073725440
46903833,1073725440,1073725440
47141833,1073725440,1073725440
47469833,1073725440,1073725440
47827833,1073725440,1073725440
48123833,1073725440,1073725440
48410833,1073725440,1073725440
48695833,1073725440,1073725440
48999833,1073725440,1073725440
49275833,1073725440,1073725440
49702833,1073725440,1073725440
50237833,1073725440,1073725440
50651833,1073725440,1073725440
51056833,1073725440,1073725440
51523833,1073725440,1073725440
51977833,1073725440,1073725440
52407833,1073725440,1073725440
52857833,1073725440,1073725440
53115833,1073725440,1073725440
53356833,1073725440,1073725440
53594833,1073725440,1073725440
53827833,1073725440,1073725440
54063833,1073725440,1073725440
54296833,1073725440,1073725440
54528833,1073725440,1073725440
54759833,1073725440,1073725440
54990833,1073725440,1073725440
55222833,1073725440,1073725440
55471833,1073725440,1073725440
55768833,1073725440,1073725440
56171833,1073725440,1073725440
56622833,1073725440,1073725440
57210833,1073725440,1073725440
57986833,1073725440,1073725440
58650833,1073725440,1073725440
59363833,1073725440,1073725440
59626833,1073725440,1073725440
59870833,1073725440,1073725440
