timestamp,availableTxBuffer0,availableTxBuffer1
611833,246472,246472
611833,246472,246472
829833,226620,246472
1052833,233710,250726
1361833,239382,250726
1754833,239382,250726
2006833,239382,250726
2242833,239382,250726
2474833,240800,250726
2705833,235128,250726
2935833,239382,250726
3208833,243636,250726
3456833,245054,250726
3694833,242218,250726
3928833,240800,250726
4161833,236546,250726
4394833,239382,250726
4671833,236546,250726
4921833,229456,250726
5179833,218112,250726
5516833,226620,250726
5977833,223784,250726
6441833,225202,250726
6916833,215276,250726
7372833,206768,250726
7973833,213858,250726
8716833,211022,250726
9379833,215276,250726
10069833,220948,250726
10658833,222366,250726
11178833,218112,250726
11679833,232292,250726
12245833,235128,250726
12557833,228038,250726
12848833,235128,250726
13224833,236546,250726
13523833,232292,250726
13794833,237964,250726
14113833,243636,250726
14375833,243636,250726
14618833,242218,250726
14854833,245054,250726
15097833,245054,250726
15334833,242218,250726
15567833,243636,250726
15801833,240800,250726
16033833,236546,250726
16274833,237964,250726
16551833,233710,250726
16802833,222366,250726
17095833,233710,250726
17494833,228038,252144
17875833,236546,250726
18277833,235128,250726
18567833,243636,250726
18853833,243636,250726
19108833,243636,250726
19350833,232292,250726
19585833,220948,250726
19916833,222366,250726
20355833,225202,250726
20853833,228038,250726
21298833,232292,250726
21689833,236546,250726
22011833,232292,252144
22289833,239382,250726
22610833,232292,250726
22883833,232292,250726
23203833,228038,250726
23534833,222366,250726
23924833,230874,250726
24417833,235128,250726
24752833,230874,250726
25053833,228038,250726
25417833,237964,250726
25814833,242218,250726
26081833,245054,250726
26325833,239382,250726
26562833,242218,250726
26811833,242218,250726
27048833,236546,250726
27281833,229456,250726
27551833,229456,250726
27902833,229456,250726
28281833,223784,250726
28661833,203932,250726
29121833,196842,250726
29808833,216694,250726
30707833,222366,250726
31232833,233710,250726
31709833,233710,250726
32029833,240800,250726
32340833,236546,250726
32599833,236546,250726
32859833,236546,250726
33120833,230874,250726
33381833,239382,250726
33707833,239382,250726
33970833,239382,250726
34209833,235128,250726
34442833,237964,250726
34720833,242218,250726
34972833,246472,250726
35211833,246472,250726
35446833,242218,250726
35679833,242218,250726
35914833,242218,250726
36146833,243636,250726
36377833,236546,250726
36607833,242218,250726
36896833,235128,250726
37152833,242218,250726
37434833,235128,250726
37690833,237964,250726
37976833,237964,250726
38226833,228038,250726
38466833,220948,250726
38804833,230874,250726
39252833,237964,250726
39592833,240800,250726
39848833,242218,250726
40087833,239382,250726
40320833,235128,250726
40567833,232292,250726
40851833,233710,250726
41170833,236546,250726
41482833,235128,250726
41760833,223784,250726
42062833,223784,250726
42477833,225202,250726
42947833,230874,250726
43389833,232292,250726
43746833,237964,250726
44070833,240800,250726
44323833,246472,250726
44561833,245054,250726
44795833,240800,250726
45027833,245054,250726
45267833,245054,250726
45502833,240800,250726
45734833,242218,250726
45970833,240800,250726
46202833,239382,250726
46433833,243636,250726
46670833,239382,250726
46903833,229456,250726
47141833,230874,250726
47469833,235128,250726
47827833,235128,250726
48123833,235128,250726
48410833,233710,250726
48695833,236546,250726
48999833,218112,250726
49275833,220948,250726
49702833,228038,252144
50237833,228038,250726
50651833,223784,250726
51056833,225202,250726
51523833,226620,250726
51977833,225202,250726
52407833,236546,250726
52857833,239382,250726
53115833,237964,250726
53356833,239382,250726
53594833,237964,250726
53827833,243636,250726
54063833,245054,250726
54296833,245054,250726
54528833,246472,250726
54759833,245054,250726
54990833,239382,250726
55222833,233710,250726
55471833,223784,250726
55768833,225202,250726
56171833,215276,250726
56622833,203932,250726
57210833,216694,250726
57986833,209604,250726
58650833,230874,250726
59363833,237964,250726
59626833,240800,250726
59870833,243636,250726
