timestamp,cWnd0,cWnd1
611833,5672,5672
611833,25789,1500
829833,25789,1500
1052833,18773,1500
1361833,14021,1500
1754833,13375,1500
2006833,14142,1500
2242833,13544,1500
2474833,12544,1500
2705833,17398,1500
2935833,13849,1500
3208833,9666,1500
3456833,7553,1500
3694833,10548,1500
3928833,12126,1500
4161833,15790,1500
4394833,13862,1500
4671833,16921,1500
4921833,23453,1500
5179833,34315,1500
5516833,26517,1500
5977833,29673,1500
6441833,27264,1500
6916833,37498,1500
7372833,45404,1500
7973833,38775,1500
8716833,42177,1500
9379833,37916,1500
10069833,31921,1500
10658833,30536,1500
11178833,35402,1500
11679833,20169,1500
12245833,18199,1500
12557833,25353,1500
12848833,17128,1500
13224833,16435,1500
13523833,20186,1500
13794833,15065,1500
14113833,10313,1500
14375833,8807,1500
14618833,10496,1500
14854833,7906,1500
15097833,7941,1500
15334833,10187,1500
15567833,9724,1500
15801833,11846,1500
16033833,16355,1500
16274833,14984,1500
16551833,18839,1500
16802833,30498,1500
17095833,19523,1500
17494833,24684,1500
17875833,16795,1500
18277833,17565,1500
18567833,8973,1500
18853833,8906,1500
19108833,9362,1500
19350833,20922,1500
19585833,32517,1500
19916833,30167,1500
20355833,27030,1500
20853833,24278,1500
21298833,20835,1500
21689833,15982,1500
22011833,20989,1500
22289833,13038,1500
22610833,21256,1500
22883833,20350,1500
23203833,24725,1500
23534833,31406,1500
23924833,21969,1500
24417833,18295,1500
24752833,23464,1500
25053833,24967,1500
25417833,15215,1500
25814833,11271,1500
26081833,7654,1500
26325833,13646,1500
26562833,10276,1500
26811833,10761,1500
27048833,16582,1500
27281833,24132,1500
27551833,23667,1500
27902833,23682,1500
28281833,29090,1500
28661833,49534,1500
29121833,55961,1500
29808833,35600,1500
30707833,30177,1500
31232833,18725,1500
31709833,19406,1500
32029833,12479,1500
32340833,17012,1500
32599833,16031,1500
32859833,16578,1500
33120833,22026,1500
33381833,12769,1500
33707833,13377,1500
33970833,13620,1500
34209833,18403,1500
34442833,15278,1500
34720833,10738,1500
34972833,6295,1500
35211833,6878,1500
35446833,10677,1500
35679833,10125,1500
35914833,11012,1500
36146833,9865,1500
36377833,15748,1500
36607833,12607,1500
36896833,18352,1500
37152833,11122,1500
37434833,17557,1500
37690833,15323,1500
37976833,14486,1500
38226833,25110,1500
38466833,31216,1500
38804833,21577,1500
39252833,14554,1500
39592833,11727,1500
39848833,10286,1500
40087833,13706,1500
40320833,17584,1500
40567833,20795,1500
40851833,19047,1500
41170833,16332,1500
41482833,19706,1500
41760833,28459,1500
42062833,29115,1500
42477833,27901,1500
42947833,22273,1500
43389833,21089,1500
43746833,15409,1500
44070833,12573,1500
44323833,5890,1500
44561833,7261,1500
44795833,11806,1500
45027833,8434,1500
45267833,8504,1500
45502833,11566,1500
45734833,10045,1500
45970833,11985,1500
46202833,13152,1500
46433833,9188,1500
46670833,13859,1500
46903833,23658,1500
47141833,21276,1500
47469833,18018,1500
47827833,17382,1500
48123833,18420,1500
48410833,19493,1500
48695833,16656,1500
48999833,35375,1500
49275833,32345,1500
49702833,24923,1500
50237833,24144,1500
50651833,28718,1500
51056833,27144,1500
51523833,26877,1500
51977833,26990,1500
52407833,16413,1500
52857833,13215,1500
53115833,14526,1500
53356833,14056,1500
53594833,14532,1500
53827833,9008,1500
54063833,8445,1500
54296833,7761,1500
54528833,6956,1500
54759833,7300,1500
54990833,13494,1500
55222833,19265,1500
55471833,28476,1500
55768833,27007,1500
56171833,37965,1500
56622833,48575,1500
57210833,36803,1500
57986833,43406,1500
58650833,21711,1500
59363833,14815,1500
59626833,12422,1500
59870833,8710,1500
