timestamp,rtt0,rtt1
611833,218,184
611833,218,184
829833,223,184
1052833,309,219
1361833,393,221
1754833,252,223
2006833,236,224
2242833,232,225
2474833,231,225
2705833,230,226
2935833,273,227
3208833,248,227
3456833,238,227
3694833,234,228
3928833,233,228
4161833,233,228
4394833,277,228
4671833,250,229
4921833,258,229
5179833,337,229
5516833,461,229
5977833,464,229
6441833,475,229
6916833,456,229
7372833,601,230
7973833,743,230
8716833,663,230
9379833,690,230
10069833,589,230
10658833,520,230
11178833,501,230
11679833,566,230
12245833,312,230
12557833,291,230
12848833,376,230
13224833,299,230
13523833,271,230
13794833,319,230
14113833,262,230
14375833,243,230
14618833,236,230
14854833,243,230
15097833,237,230
15334833,233,230
15567833,234,230
15801833,232,230
16033833,241,230
16274833,277,230
16551833,251,230
16802833,293,230
17095833,399,230
17494833,381,230
17875833,402,230
18277833,290,230
18567833,286,230
18853833,255,230
19108833,242,230
19350833,235,230
19585833,331,230
19916833,439,230
20355833,498,230
20853833,445,230
21298833,391,230
21689833,322,230
22011833,278,230
22289833,321,230
22610833,273,230
22883833,320,230
23203833,331,230
23534833,390,230
23924833,493,230
24417833,335,230
24752833,301,230
25053833,364,230
25417833,397,230
25814833,267,230
26081833,244,230
26325833,237,230
26562833,249,230
26811833,237,230
27048833,233,230
27281833,270,230
27551833,351,230
27902833,379,230
28281833,380,230
28661833,460,230
29121833,687,230
29808833,899,230
30707833,525,230
31232833,477,230
31709833,320,230
32029833,311,230
32340833,259,230
32599833,260,230
32859833,261,230
33120833,261,230
33381833,326,230
33707833,263,230
33970833,239,230
34209833,233,230
34442833,278,230
34720833,252,230
34972833,239,230
35211833,235,230
35446833,233,230
35679833,235,230
35914833,232,230
36146833,231,230
36377833,230,230
36607833,289,230
36896833,256,230
37152833,282,230
37434833,256,230
37690833,286,230
37976833,250,230
38226833,240,230
38466833,338,230
38804833,448,230
39252833,340,230
39592833,256,230
39848833,239,230
40087833,233,230
40320833,247,230
40567833,284,230
40851833,319,230
41170833,312,230
41482833,278,230
41760833,302,230
42062833,415,230
42477833,470,230
42947833,442,230
43389833,357,230
43746833,324,230
44070833,253,230
44323833,238,230
44561833,234,230
44795833,232,230
45027833,240,230
45267833,235,230
45502833,232,230
45734833,236,230
45970833,232,230
46202833,231,230
46433833,237,230
46670833,233,230
46903833,238,230
47141833,328,230
47469833,358,230
47827833,296,230
48123833,287,230
48410833,285,230
48695833,304,230
48999833,276,230
49275833,427,230
49702833,535,230
50237833,414,230
50651833,405,230
51056833,467,230
51523833,454,230
51977833,430,230
52407833,450,230
52857833,258,230
53115833,241,230
53356833,238,230
53594833,233,230
53827833,236,230
54063833,233,230
54296833,232,230
54528833,231,230
54759833,231,230
54990833,232,230
55222833,249,230
55471833,297,230
55768833,403,230
56171833,451,230
56622833,588,230
57210833,776,230
57986833,664,230
58650833,713,230
59363833,263,230
59626833,244,230
59870833,235,230
