timestamp,unAck0,unAck1
611833,5672,5672
611833,5672,5672
829833,25524,5672
1052833,18434,1418
1361833,12762,1418
1754833,12762,1418
2006833,12762,1418
2242833,12762,1418
2474833,11344,1418
2705833,17016,1418
2935833,12762,1418
3208833,8508,1418
3456833,7090,1418
3694833,9926,1418
3928833,11344,1418
4161833,15598,1418
4394833,12762,1418
4671833,15598,1418
4921833,22688,1418
5179833,34032,1418
5516833,25524,1418
5977833,28360,1418
6441833,26942,1418
6916833,36868,1418
7372833,45376,1418
7973833,38286,1418
8716833,41122,1418
9379833,36868,1418
10069833,31196,1418
10658833,29778,1418
11178833,34032,1418
11679833,19852,1418
12245833,17016,1418
12557833,24106,1418
12848833,17016,1418
13224833,15598,1418
13523833,19852,1418
13794833,14180,1418
14113833,8508,1418
14375833,8508,1418
14618833,9926,1418
14854833,7090,1418
15097833,7090,1418
15334833,9926,1418
15567833,8508,1418
15801833,11344,1418
16033833,15598,1418
16274833,14180,1418
16551833,18434,1418
16802833,29778,1418
17095833,18434,1418
17494833,24106,0
17875833,15598,1418
18277833,17016,1418
18567833,8508,1418
18853833,8508,1418
19108833,8508,1418
19350833,19852,1418
19585833,31196,1418
19916833,29778,1418
20355833,26942,1418
20853833,24106,1418
21298833,19852,1418
21689833,15598,1418
22011833,19852,0
22289833,12762,1418
22610833,19852,1418
22883833,19852,1418
23203833,24106,1418
23534833,29778,1418
23924833,21270,1418
24417833,17016,1418
24752833,21270,1418
25053833,24106,1418
25417833,14180,1418
25814833,9926,1418
26081833,7090,1418
26325833,12762,1418
26562833,9926,1418
26811833,9926,1418
27048833,15598,1418
27281833,22688,1418
27551833,22688,1418
27902833,22688,1418
28281833,28360,1418
28661833,48212,1418
29121833,55302,1418
29808833,35450,1418
30707833,29778,1418
31232833,18434,1418
31709833,18434,1418
32029833,11344,1418
32340833,15598,1418
32599833,15598,1418
32859833,15598,1418
33120833,21270,1418
33381833,12762,1418
33707833,12762,1418
33970833,12762,1418
34209833,17016,1418
34442833,14180,1418
34720833,9926,1418
34972833,5672,1418
35211833,5672,1418
35446833,9926,1418
35679833,9926,1418
35914833,9926,1418
36146833,8508,1418
36377833,15598,1418
36607833,9926,1418
36896833,17016,1418
37152833,9926,1418
37434833,17016,1418
37690833,14180,1418
37976833,14180,1418
38226833,24106,1418
38466833,31196,1418
38804833,21270,1418
39252833,14180,1418
39592833,11344,1418
39848833,9926,1418
40087833,12762,1418
40320833,17016,1418
40567833,19852,1418
40851833,18434,1418
41170833,15598,1418
41482833,17016,1418
41760833,28360,1418
42062833,28360,1418
42477833,26942,1418
42947833,21270,1418
43389833,19852,1418
43746833,14180,1418
44070833,11344,1418
44323833,5672,1418
44561833,7090,1418
44795833,11344,1418
45027833,7090,1418
45267833,7090,1418
45502833,11344,1418
45734833,9926,1418
45970833,11344,1418
46202833,12762,1418
46433833,8508,1418
46670833,12762,1418
46903833,22688,1418
47141833,21270,1418
47469833,17016,1418
47827833,17016,1418
48123833,17016,1418
48410833,18434,1418
48695833,15598,1418
48999833,34032,1418
49275833,31196,1418
49702833,24106,0
50237833,24106,1418
50651833,28360,1418
51056833,26942,1418
51523833,25524,1418
51977833,26942,1418
52407833,15598,1418
52857833,12762,1418
53115833,14180,1418
53356833,12762,1418
53594833,14180,1418
53827833,8508,1418
54063833,7090,1418
54296833,7090,1418
54528833,5672,1418
54759833,7090,1418
54990833,12762,1418
55222833,18434,1418
55471833,28360,1418
55768833,26942,1418
56171833,36868,1418
56622833,48212,1418
57210833,35450,1418
57986833,42540,1418
58650833,21270,1418
59363833,14180,1418
59626833,11344,1418
59870833,8508,1418
