timestamp,lastAckedSeq,highTxMark,availableTxBuffer,nextTxSeq,totalCwnd,unAckMeta
611833,5673,17017,1158,17017,11344,11344
611833,5673,17017,1158,17017,27289,11344
829833,11345,42541,1158,42541,27289,31196
1052833,29779,49631,1158,49631,20273,19852
1361833,49631,63811,1158,63811,15521,14180
1754833,73737,87917,1158,87917,14875,14180
2006833,89335,103515,1158,103515,15642,14180
2242833,103515,117695,1158,117695,15044,14180
2474833,117695,130457,1158,130457,14044,12762
2705833,130457,148891,1158,148891,18898,18434
2935833,146055,160235,1158,160235,15349,14180
3208833,160235,170161,1158,170161,11166,9926
3456833,170161,178669,1158,178669,9053,8508
3694833,180087,191431,1158,191431,12048,11344
3928833,191431,204193,1158,204193,13626,12762
4161833,204193,221209,1158,221209,17290,17016
4394833,219791,233971,1158,233971,15362,14180
4671833,236807,255241,1158,255241,18421,18434
4921833,253823,277929,1158,277929,24953,24106
5179833,269421,306289,1158,306289,35815,36868
5516833,290691,319051,1158,319051,28017,28360
5977833,320469,351665,1158,351665,31173,31196
6441833,351665,381443,1158,381443,28764,29778
6916833,382861,422565,1158,422565,38998,39704
7372833,411221,460851,1158,460851,46904,49630
7973833,449507,492047,1158,492047,40275,42540
8716833,499137,544513,1158,544513,43677,45376
9379833,541677,582799,1158,582799,39416,41122
10069833,588471,622503,1158,622503,33421,34032
10658833,626757,659371,1158,659371,32036,32614
11178833,660789,697657,1158,697657,36902,36868
11679833,693403,716091,1158,716091,21669,22688
12245833,731689,750123,1158,750123,19699,18434
12557833,751541,778483,1158,778483,26853,26942
12848833,769975,789827,1158,789827,18628,19852
13224833,795499,812515,1158,812515,17935,17016
13523833,813933,836621,1158,836621,21686,22688
13794833,832367,849383,1158,849383,16565,17016
14113833,850801,860727,2576,860727,11813,9926
14375833,862145,872071,1158,872071,10307,9926
14618833,872071,883415,1158,883415,11996,11344
14854833,883415,891923,1158,891923,9406,8508
15097833,891923,900431,1158,900431,9441,8508
15334833,901849,913193,1158,913193,11687,11344
15567833,913193,923119,1158,923119,11224,9926
15801833,923119,935881,1158,935881,13346,12762
16033833,935881,952897,1158,952897,17855,17016
16274833,951479,967077,1158,967077,16484,15598
16551833,969913,991183,1158,991183,20339,21270
16802833,985511,1018125,1158,1018125,31998,32614
17095833,1003945,1025215,1158,1025215,21023,21270
17494833,1030887,1056411,1158,1056411,26184,25524
17875833,1054993,1073427,1158,1073427,18295,18434
18277833,1083353,1101787,1158,1101787,19065,18434
18567833,1101787,1111713,1158,1111713,10473,9926
18853833,1111713,1121639,1158,1121639,10406,9926
19108833,1121639,1131565,1158,1131565,10862,9926
19350833,1132983,1154253,1158,1154253,22422,21270
19585833,1148581,1181195,1158,1181195,34017,32614
19916833,1169851,1202465,1158,1202465,31667,32614
20355833,1196793,1227989,1158,1227989,28530,31196
20853833,1230825,1257767,1158,1257767,25778,26942
21298833,1260603,1283291,1158,1283291,22335,22688
21689833,1286127,1303143,1158,1303143,17482,17016
22011833,1305979,1327249,1158,1327249,22489,21270
22289833,1324413,1340011,1158,1340011,14538,15598
22610833,1345683,1366953,1158,1366953,22756,21270
22883833,1362699,1383969,1158,1383969,21850,21270
23203833,1383969,1410911,1158,1410911,26225,26942
23534833,1405239,1437853,2576,1437853,32906,32614
23924833,1429345,1454869,1158,1454869,23469,25524
24417833,1463377,1483229,1158,1483229,19795,19852
24752833,1486065,1508753,2576,1508753,24964,22688
25053833,1504499,1530023,1158,1530023,26467,25524
25417833,1527187,1544203,1158,1544203,16715,17016
25814833,1549875,1561219,1158,1561219,12771,11344
26081833,1562637,1571145,1158,1571145,9154,8508
26325833,1572563,1586743,1158,1586743,15146,14180
26562833,1586743,1598087,1158,1598087,11776,11344
26811833,1598087,1609431,1158,1609431,12261,11344
27048833,1610849,1627865,1158,1627865,18082,17016
27281833,1626447,1650553,2576,1650553,25632,24106
27551833,1642045,1667569,1158,1667569,25167,25524
27902833,1666151,1690257,1158,1690257,25182,24106
28281833,1688839,1720035,1158,1720035,30590,31196
28661833,1714363,1765411,1158,1765411,51034,51048
29121833,1742723,1803697,1158,1803697,57461,60974
29808833,1785263,1826385,1158,1826385,37100,41122
30707833,1847655,1880269,1158,1880269,31677,32614
31232833,1883105,1902957,1158,1902957,20225,19852
31709833,1914301,1934153,1158,1934153,20906,19852
32029833,1935571,1948333,1158,1948333,13979,12762
32340833,1954005,1971021,1158,1971021,18512,17016
32599833,1971021,1988037,1158,1988037,17531,17016
32859833,1986619,2003635,1158,2003635,18078,17016
33120833,2003635,2026323,1158,2026323,23526,22688
33381833,2020651,2034831,1158,2034831,14269,14180
33707833,2041921,2056101,1158,2056101,14877,14180
33970833,2057519,2071699,1158,2071699,15120,14180
34209833,2071699,2090133,1158,2090133,19903,18434
34442833,2087297,2102895,1158,2102895,16778,15598
34720833,2102895,2114239,1158,2114239,12238,11344
34972833,2114239,2121329,1158,2121329,7795,7090
35211833,2121329,2128419,1158,2128419,8378,7090
35446833,2129837,2141181,1158,2141181,12177,11344
35679833,2141181,2152525,1158,2152525,11625,11344
35914833,2152525,2163869,1158,2163869,12512,11344
36146833,2163869,2173795,1158,2173795,11365,9926
36377833,2173795,2190811,1158,2190811,17248,17016
36607833,2189393,2200737,2576,2200737,14107,11344
36896833,2204991,2223425,1158,2223425,19852,18434
37152833,2222007,2233351,1158,2233351,12622,11344
37434833,2236187,2256039,1158,2256039,19057,19852
37690833,2251785,2268801,1158,2268801,16823,17016
37976833,2271637,2287235,1158,2287235,15986,15598
38226833,2288653,2314177,1158,2314177,26610,25524
38466833,2302833,2336865,1158,2336865,32716,34032
38804833,2324103,2348209,1158,2348209,23077,24106
39252833,2355299,2370897,1158,2370897,16054,15598
39592833,2375151,2387913,1158,2387913,13227,12762
39848833,2387913,2399257,1158,2399257,11786,11344
40087833,2400675,2414855,1158,2414855,15206,14180
40320833,2414855,2433289,1158,2433289,19084,18434
40567833,2430453,2451723,1158,2451723,22295,21270
40851833,2448887,2468739,1158,2468739,20547,19852
41170833,2468739,2485755,1158,2485755,17832,17016
41482833,2490009,2509861,2576,2509861,21206,19852
41760833,2508443,2538221,1158,2538221,29959,29778
42062833,2526877,2558073,1158,2558073,30615,31196
42477833,2553819,2583597,1158,2583597,29401,29778
42947833,2585015,2609121,1158,2609121,23773,24106
43389833,2613375,2636063,1158,2636063,22589,22688
43746833,2637481,2653079,1158,2653079,16909,15598
44070833,2657333,2670095,1158,2670095,14073,12762
44323833,2670095,2677185,1158,2677185,7390,7090
44561833,2678603,2687111,1158,2687111,8761,8508
44795833,2687111,2699873,1158,2699873,13306,12762
45027833,2699873,2708381,1158,2708381,9934,8508
45267833,2708381,2716889,1158,2716889,10004,8508
45502833,2716889,2729651,1158,2729651,13066,12762
45734833,2729651,2740995,1158,2740995,11545,11344
45970833,2742413,2755175,1158,2755175,13485,12762
46202833,2755175,2769355,1158,2769355,14652,14180
46433833,2769355,2779281,1158,2779281,10688,9926
46670833,2779281,2793461,1158,2793461,15359,14180
46903833,2793461,2817567,1158,2817567,25158,24106
47141833,2807641,2831747,1158,2831747,22776,24106
47469833,2830329,2848763,1158,2848763,19518,18434
47827833,2853017,2872869,1158,2872869,18882,19852
48123833,2872869,2891303,1158,2891303,19920,18434
48410833,2891303,2911155,1158,2911155,20993,19852
48695833,2909737,2926753,1158,2926753,18156,17016
48999833,2929589,2966457,1158,2966457,36875,36868
49275833,2945187,2980637,1158,2980637,33845,35450
49702833,2973547,3000489,1158,3000489,26423,26942
50237833,3010415,3037357,1158,3037357,25644,26942
50651833,3037357,3067135,1158,3067135,30218,29778
51056833,3062881,3092659,1158,3092659,28644,29778
51523833,3092659,3121019,1158,3121019,28377,28360
51977833,3122437,3152215,1158,3152215,28490,29778
52407833,3150797,3169231,1158,3169231,17913,18434
52857833,3181993,3196173,1158,3196173,14715,14180
53115833,3197591,3213189,1158,3213189,16026,15598
53356833,3213189,3227369,1158,3227369,15556,14180
53594833,3227369,3242967,1158,3242967,16032,15598
53827833,3242967,3252893,1158,3252893,10508,9926
54063833,3252893,3261401,1158,3261401,9945,8508
54296833,3261401,3269909,1158,3269909,9261,8508
54528833,3269909,3276999,1158,3276999,8456,7090
54759833,3276999,3285507,1158,3285507,8800,8508
54990833,3285507,3299687,1158,3299687,14994,14180
55222833,3299687,3319539,1158,3319539,20765,19852
55471833,3315285,3345063,1158,3345063,29976,29778
55768833,3333719,3363497,1158,3363497,28507,29778
56171833,3360661,3400365,1158,3400365,39465,39704
56622833,3387603,3440069,1158,3440069,50075,52466
57210833,3425889,3465593,1158,3465593,38303,39704
57986833,3476937,3523731,1158,3523731,44906,46794
58650833,3519477,3545001,1158,3545001,23211,25524
59363833,3569107,3584705,1158,3584705,16315,15598
59626833,3584705,3597467,1158,3597467,13922,12762
59870833,3597467,3607393,1158,3607393,10210,9926
