timestamp,rtt0,rtt1
611833,218,184
611833,218,184
829833,223,184
1052833,226,219
1278833,230,221
1508833,307,222
1815833,311,223
2126833,309,224
2435833,257,225
2692833,243,226
2935833,237,226
3172833,234,227
3406833,266,227
3672833,271,228
3943833,332,228
4275833,353,228
4628833,291,229
4919833,343,229
5262833,294,229
5556833,379,229
5935833,290,229
6225833,248,229
6473833,236,229
6709833,233,230
6942833,232,230
7174833,231,230
7405833,242,230
7647833,235,230
7882833,232,230
8114833,231,230
8345833,230,230
8575833,231,230
8806833,231,230
9037833,230,230
9267833,235,230
9502833,235,230
9737833,232,230
9969833,230,230
10199833,230,230
10429833,230,230
10659833,258,230
10917833,259,230
11176833,311,230
11487833,403,230
11890833,300,230
12190833,252,230
12442833,241,230
12683833,235,230
12918833,253,230
13171833,239,230
13410833,245,230
13655833,288,230
13943833,337,230
14280833,260,230
14540833,240,230
14780833,245,230
15025833,288,230
15313833,372,230
15685833,454,230
16139833,570,230
16709833,512,230
17221833,445,230
17666833,368,230
18034833,266,230
18300833,262,230
18562833,345,230
18907833,340,230
19247833,334,230
19581833,426,230
20007833,411,230
20418833,657,230
21075833,833,230
21908833,644,230
22552833,689,230
23241833,714,230
23955833,330,230
24285833,280,230
24565833,250,230
24815833,258,230
25073833,240,230
25313833,235,230
25548833,234,230
25782833,233,230
26015833,232,230
26247833,231,230
26478833,231,230
26709833,230,230
26939833,230,230
27169833,237,230
27406833,251,230
27657833,239,230
27896833,243,230
28139833,323,230
28462833,320,230
28782833,449,230
29231833,476,230
29707833,519,230
30226833,446,230
30672833,380,230
31052833,276,230
31328833,249,230
31577833,258,230
31835833,243,230
32078833,238,230
32316833,255,230
32571833,293,230
32864833,267,230
33131833,245,230
33376833,234,230
33610833,244,230
33854833,256,230
34110833,294,230
34404833,272,230
34676833,301,230
34977833,307,230
35284833,250,230
35534833,241,230
35775833,256,230
36031833,242,230
36273833,242,230
36515833,234,230
36749833,312,230
37061833,349,230
37410833,268,230
37678833,263,230
37941833,261,230
38202833,279,230
38481833,265,230
38746833,262,230
39008833,297,230
39305833,261,230
39566833,246,230
39812833,238,230
40050833,233,230
40283833,231,230
40514833,231,230
40745833,230,230
40975833,230,230
41205833,230,230
41435833,230,230
41665833,230,230
41895833,230,230
42125833,230,230
42355833,235,230
42590833,232,230
42822833,231,230
43053833,230,230
43283833,230,230
43513833,293,230
43806833,253,230
44059833,244,230
44303833,238,230
44541833,235,230
44776833,233,230
45009833,232,230
45241833,233,230
45474833,231,230
45705833,231,230
45936833,235,230
46171833,262,230
46433833,245,230
46678833,238,230
46916833,283,230
47199833,375,230
47574833,473,230
48047833,417,230
48464833,512,230
48976833,355,230
49331833,323,230
49654833,370,230
50024833,399,230
50423833,327,230
50750833,483,230
51233833,418,230
51651833,361,230
52012833,292,230
52304833,246,230
52550833,236,230
52786833,234,230
53020833,235,230
53255833,232,230
53487833,231,230
53718833,230,230
53948833,239,230
54187833,258,230
54445833,242,230
54687833,234,230
54921833,231,230
55152833,231,230
55383833,238,230
55621833,237,230
55858833,233,230
56091833,232,230
56323833,232,230
56555833,231,230
56786833,231,230
57017833,231,230
57248833,231,230
57479833,231,230
57710833,233,230
57943833,232,230
58175833,235,230
58410833,233,230
58643833,232,230
58875833,231,230
59106833,231,230
59337833,230,230
59567833,232,230
59799833,231,230
