timestamp,cWnd0,cWnd1
611833,5672,5672
611833,6746,1500
829833,6746,1500
1052833,8950,1500
1278833,17533,1500
1508833,18781,1500
1815833,19803,1500
2126833,12579,1500
2435833,9368,1500
2692833,6298,1500
2935833,9107,1500
3172833,13205,1500
3406833,16773,1500
3672833,21742,1500
3943833,22322,1500
4275833,15294,1500
4628833,22467,1500
4919833,16296,1500
5262833,25452,1500
5556833,17156,1500
5935833,15573,1500
6225833,11884,1500
6473833,9735,1500
6709833,8797,1500
6942833,8733,1500
7174833,13889,1500
7405833,12184,1500
7647833,7234,1500
7882833,8075,1500
8114833,8981,1500
8345833,10056,1500
8575833,9013,1500
8806833,6394,1500
9037833,10642,1500
9267833,11402,1500
9502833,12030,1500
9737833,11703,1500
9969833,10554,1500
10199833,9522,1500
10429833,15532,1500
10659833,16588,1500
10917833,20419,1500
11176833,27488,1500
11487833,17337,1500
11890833,13435,1500
12190833,6068,1500
12442833,7353,1500
12683833,12861,1500
12918833,11527,1500
13171833,14644,1500
13410833,18854,1500
13655833,21659,1500
13943833,13295,1500
14280833,13812,1500
14540833,14648,1500
14780833,19338,1500
15025833,25933,1500
15313833,29684,1500
15685833,35748,1500
16139833,31989,1500
16709833,27739,1500
17221833,24224,1500
17666833,14717,1500
18034833,15858,1500
18300833,23317,1500
18562833,20527,1500
18907833,20893,1500
19247833,27630,1500
19581833,24656,1500
20007833,46264,1500
20418833,52412,1500
21075833,28186,1500
21908833,41568,1500
22552833,42835,1500
23241833,27988,1500
23955833,17798,1500
24285833,15559,1500
24565833,16293,1500
24815833,13997,1500
25073833,9579,1500
25313833,3949,1500
25548833,3373,1500
25782833,3584,1500
26015833,3277,1500
26247833,5426,1500
26478833,4642,1500
26709833,5052,1500
26939833,7124,1500
27169833,11589,1500
27406833,12127,1500
27657833,14092,1500
27896833,22367,1500
28139833,18895,1500
28462833,30657,1500
28782833,29172,1500
29231833,31673,1500
29707833,26997,1500
30226833,25334,1500
30672833,17367,1500
31052833,14282,1500
31328833,16198,1500
31577833,14653,1500
31835833,14956,1500
32078833,16406,1500
32316833,18776,1500
32571833,16128,1500
32864833,15187,1500
33131833,13002,1500
33376833,14292,1500
33610833,15931,1500
33854833,18826,1500
34110833,15750,1500
34404833,19111,1500
34676833,19552,1500
34977833,14311,1500
35284833,14845,1500
35534833,16761,1500
35775833,12386,1500
36031833,14510,1500
36273833,13401,1500
36515833,22578,1500
36749833,21388,1500
37061833,15296,1500
37410833,15649,1500
37678833,15753,1500
37941833,17565,1500
38202833,16971,1500
38481833,16112,1500
38746833,18547,1500
39008833,11636,1500
39305833,8183,1500
39566833,11703,1500
39812833,11625,1500
40050833,9855,1500
40283833,12013,1500
40514833,9069,1500
40745833,8643,1500
40975833,8625,1500
41205833,9583,1500
41435833,6939,1500
41665833,8368,1500
41895833,8369,1500
42125833,10073,1500
42355833,10102,1500
42590833,8084,1500
42822833,5040,1500
43053833,6331,1500
43283833,16760,1500
43513833,12094,1500
43806833,5969,1500
44059833,4852,1500
44303833,5857,1500
44541833,6529,1500
44776833,7268,1500
45009833,8993,1500
45241833,6438,1500
45474833,5485,1500
45705833,8724,1500
45936833,13262,1500
46171833,8179,1500
46433833,12295,1500
46678833,17654,1500
46916833,27007,1500
47199833,30701,1500
47574833,23121,1500
48047833,32199,1500
48464833,23616,1500
48976833,19148,1500
49331833,23032,1500
49654833,24713,1500
50024833,17638,1500
50423833,32377,1500
50750833,24831,1500
51233833,24070,1500
51651833,17294,1500
52012833,11361,1500
52304833,10269,1500
52550833,5443,1500
52786833,7624,1500
53020833,8254,1500
53255833,7593,1500
53487833,6421,1500
53718833,11016,1500
53948833,15126,1500
54187833,14986,1500
54445833,13728,1500
54687833,11443,1500
54921833,13444,1500
55152833,14486,1500
55383833,14483,1500
55621833,10620,1500
55858833,8927,1500
56091833,12395,1500
56323833,9548,1500
56555833,6399,1500
56786833,4154,1500
57017833,3261,1500
57248833,4288,1500
57479833,5770,1500
57710833,6898,1500
57943833,8198,1500
58175833,7769,1500
58410833,6807,1500
58643833,5322,1500
58875833,6175,1500
59106833,6178,1500
59337833,8360,1500
59567833,7554,1500
59799833,11732,1500
