timestamp,rWnd0,rWnd1
611833,1073725440,1073725440
611833,1073725440,1073725440
829833,1073725440,1073725440
1052833,1073725440,1073725440
1278833,1073725440,1073725440
1508833,1073725440,1073725440
1815833,1073725440,1073725440
2126833,1073725440,1073725440
2435833,1073725440,1073725440
2692833,1073725440,1073725440
2935833,1073725440,1073725440
3172833,1073725440,1073725440
3406833,1073725440,1073725440
3672833,1073725440,1073725440
3943833,1073725440,1073725440
4275833,1073725440,1073725440
4628833,1073725440,1073725440
4919833,1073725440,1073725440
5262833,1073725440,1073725440
5556833,1073725440,1073725440
5935833,1073725440,1073725440
6225833,1073725440,1073725440
6473833,1073725440,1073725440
6709833,1073725440,1073725440
6942833,1073725440,1073725440
7174833,1073725440,1073725440
7405833,1073725440,1073725440
7647833,1073725440,1073725440
7882833,1073725440,1073725440
8114833,1073725440,1073725440
8345833,1073725440,1073725440
8575833,1073725440,1073725440
8806833,1073725440,1073725440
9037833,1073725440,1073725440
9267833,1073725440,1073725440
9502833,1073725440,1073725440
9737833,1073725440,1073725440
9969833,1073725440,1073725440
10199833,1073725440,1073725440
10429833,1073725440,1073725440
10659833,1073725440,1073725440
10917833,1073725440,1073725440
11176833,1073725440,1073725440
11487833,1073725440,1073725440
11890833,1073725440,1073725440
12190833,1073725440,1073725440
12442833,1073725440,1073725440
12683833,1073725440,1073725440
12918833,1073725440,1073725440
13171833,1073725440,1073725440
13410833,1073725440,1073725440
13655833,1073725440,1073725440
13943833,1073725440,1073725440
14280833,1073725440,1073725440
14540833,1073725440,1073725440
14780833,1073725440,1073725440
15025833,1073725440,1073725440
15313833,1073725440,1073725440
15685833,1073725440,1073725440
16139833,1073725440,1073725440
16709833,1073725440,1073725440
17221833,1073725440,1073725440
17666833,1073725440,1073725440
18034833,1073725440,1073725440
18300833,1073725440,1073725440
18562833,1073725440,1073725440
18907833,1073725440,1073725440
19247833,1073725440,1073725440
19581833,1073725440,1073725440
20007833,1073725440,1073725440
20418833,1073725440,1073725440
21075833,1073725440,1073725440
21908833,1073725440,1073725440
22552833,1073725440,1073725440
23241833,1073725440,1073725440
23955833,1073725440,1073725440
24285833,1073725440,1073725440
24565833,1073725440,1073725440
24815833,1073725440,1073725440
25073833,1073725440,1073725440
25313833,1073725440,1073725440
25548833,1073725440,1073725440
25782833,1073725440,1073725440
26015833,1073725440,1073725440
26247833,1073725440,1073725440
26478833,1073725440,1073725440
26709833,1073725440,1073725440
26939833,1073725440,1073725440
27169833,1073725440,1073725440
27406833,1073725440,1073725440
27657833,1073725440,1073725440
27896833,1073725440,1073725440
28139833,1073725440,1073725440
28462833,1073725440,1073725440
28782833,1073725440,1073725440
29231833,1073725440,1073725440
29707833,1073725440,1073725440
30226833,1073725440,1073725440
30672833,1073725440,1073725440
31052833,1073725440,1073725440
31328833,1073725440,1073725440
31577833,1073725440,1073725440
31835833,1073725440,1073725440
32078833,1073725440,1073725440
32316833,1073725440,1073725440
32571833,1073725440,1073725440
32864833,1073725440,1073725440
33131833,1073725440,1073725440
33376833,1073725440,1073725440
33610833,1073725440,1073725440
33854833,1073725440,1073725440
34110833,1073725440,1073725440
34404833,1073725440,1073725440
34676833,1073725440,1073725440
34977833,1073725440,1073725440
35284833,1073725440,1073725440
35534833,1073725440,1073725440
35775833,1073725440,1073725440
36031833,1073725440,1073725440
36273833,1073725440,1073725440
36515833,1073725440,1073725440
36749833,1073725440,1073725440
37061833,1073725440,1073725440
37410833,1073725440,1073725440
37678833,1073725440,1073725440
37941833,1073725440,1073725440
38202833,1073725440,1073725440
38481833,1073725440,1073725440
38746833,1073725440,1073725440
39008833,1073725440,1073725440
39305833,1073725440,1073725440
39566833,1073725440,1073725440
39812833,1073725440,1073725440
40050833,1073725440,1073725440
40283833,1073725440,1073725440
40514833,1073725440,1073725440
40745833,1073725440,1073725440
40975833,1073725440,1073725440
41205833,1073725440,1073725440
41435833,1073725440,1073725440
41665833,1073725440,1073725440
41895833,1073725440,1073725440
42125833,1073725440,1073725440
42355833,1073725440,1073725440
42590833,1073725440,1073725440
42822833,1073725440,1073725440
43053833,1073725440,1073725440
43283833,1073725440,1073725440
43513833,1073725440,1073725440
43806833,1073725440,1073725440
44059833,1073725440,1073725440
44303833,1073725440,1073725440
44541833,1073725440,1073725440
44776833,1073725440,1073725440
45009833,1073725440,1073725440
45241833,1073725440,1073725440
45474833,1073725440,1073725440
45705833,1073725440,1073725440
45936833,1073725440,1073725440
46171833,1073725440,1073725440
46433833,1073725440,1073725440
46678833,1073725440,1073725440
46916833,1073725440,1073725440
47199833,1073725440,1073725440
47574833,1073725440,1073725440
48047833,1073725440,1073725440
48464833,1073725440,1073725440
48976833,1073725440,1073725440
49331833,1073725440,1073725440
49654833,1073725440,1073725440
50024833,1073725440,1073725440
50423833,1073725440,1073725440
50750833,1073725440,1073725440
51233833,1073725440,1073725440
51651833,1073725440,1073725440
52012833,1073725440,1073725440
52304833,1073725440,1073725440
52550833,1073725440,1073725440
52786833,1073725440,1073725440
53020833,1073725440,1073725440
53255833,1073725440,1073725440
53487833,1073725440,1073725440
53718833,1073725440,1073725440
53948833,1073725440,1073725440
54187833,1073725440,1073725440
54445833,1073725440,1073725440
54687833,1073725440,1073725440
54921833,1073725440,1073725440
55152833,1073725440,1073725440
55383833,1073725440,1073725440
55621833,1073725440,1073725440
55858833,1073725440,1073725440
56091833,1073725440,1073725440
56323833,1073725440,1073725440
56555833,1073725440,1073725440
56786833,1073725440,1073725440
57017833,1073725440,1073725440
57248833,1073725440,1073725440
57479833,1073725440,1073725440
57710833,1073725440,1073725440
57943833,1073725440,1073725440
58175833,1073725440,1073725440
58410833,1073725440,1073725440
58643833,1073725440,1073725440
58875833,1073725440,1073725440
59106833,1073725440,1073725440
59337833,1073725440,1073725440
59567833,1073725440,1073725440
59799833,1073725440,1073725440
