timestamp,availableTxBuffer0,availableTxBuffer1
611833,246472,246472
611833,246472,246472
829833,246472,246472
1052833,243636,250726
1278833,235128,250726
1508833,233710,250726
1815833,233710,250726
2126833,240800,250726
2435833,243636,250726
2692833,246472,250726
2935833,243636,250726
3172833,239382,250726
3406833,236546,250726
3672833,230874,250726
3943833,230874,250726
4275833,237964,250726
4628833,232292,250726
4919833,236546,250726
5262833,228038,250726
5556833,235128,250726
5935833,237964,250726
6225833,240800,250726
6473833,243636,250726
6709833,243636,250726
6942833,243636,250726
7174833,239382,250726
7405833,242218,250726
7647833,245054,250726
7882833,245054,250726
8114833,243636,250726
8345833,242218,250726
8575833,245054,250726
8806833,246472,250726
9037833,242218,250726
9267833,242218,250726
9502833,240800,250726
9737833,240800,250726
9969833,242218,250726
10199833,243636,250726
10429833,237964,250726
10659833,236546,250726
10917833,232292,250726
11176833,225202,250726
11487833,235128,250726
11890833,239382,250726
12190833,246472,250726
12442833,245054,250726
12683833,239382,250726
12918833,240800,250726
13171833,237964,250726
13410833,233710,250726
13655833,230874,250726
13943833,239382,250726
14280833,239382,250726
14540833,237964,250726
14780833,233710,250726
15025833,226620,250726
15313833,223784,250726
15685833,216694,250726
16139833,220948,250726
16709833,225202,250726
17221833,228038,250726
17666833,237964,250726
18034833,236546,250726
18300833,230874,250726
18562833,233710,250726
18907833,232292,250726
19247833,225202,250726
19581833,228038,252144
20007833,206768,250726
20418833,201096,250726
21075833,225202,250726
21908833,211022,250726
22552833,209604,250726
23241833,226620,250726
23955833,235128,250726
24285833,237964,250726
24565833,236546,250726
24815833,239382,250726
25073833,243636,250726
25313833,249308,250726
25548833,249308,250726
25782833,249308,250726
26015833,249308,250726
26247833,247890,250726
26478833,247890,250726
26709833,247890,250726
26939833,246472,250726
27169833,240800,250726
27406833,240800,250726
27657833,240800,250726
27896833,230874,250726
28139833,233710,250726
28462833,223784,250726
28782833,223784,250726
29231833,220948,250726
29707833,225202,250726
30226833,228038,252144
30672833,235128,250726
31052833,237964,250726
31328833,236546,250726
31577833,237964,250726
31835833,237964,250726
32078833,236546,250726
32316833,233710,250726
32571833,236546,250726
32864833,237964,250726
33131833,239382,250726
33376833,237964,250726
33610833,236546,250726
33854833,233710,250726
34110833,236546,250726
34404833,233710,250726
34676833,235128,250726
34977833,237964,250726
35284833,237964,250726
35534833,236546,250726
35775833,240800,250726
36031833,237964,250726
36273833,239382,250726
36515833,230874,250726
36749833,230874,250726
37061833,237964,250726
37410833,236546,250726
37678833,236546,250726
37941833,235128,250726
38202833,236546,250726
38481833,237964,250726
38746833,233710,250726
39008833,240800,250726
39305833,245054,250726
39566833,240800,250726
39812833,240800,250726
40050833,243636,250726
40283833,240800,250726
40514833,243636,250726
40745833,245054,250726
40975833,243636,250726
41205833,243636,250726
41435833,246472,250726
41665833,245054,250726
41895833,245054,250726
42125833,242218,250726
42355833,242218,250726
42590833,245054,250726
42822833,247890,250726
43053833,246472,250726
43283833,236546,250726
43513833,240800,250726
43806833,246472,250726
44059833,247890,250726
44303833,246472,250726
44541833,246472,250726
44776833,245054,250726
45009833,245054,250726
45241833,246472,250726
45474833,247890,250726
45705833,243636,250726
45936833,240800,250726
46171833,245054,250726
46433833,240800,250726
46678833,235128,250726
46916833,225202,250726
47199833,222366,250726
47574833,229456,250726
48047833,220948,250726
48464833,229456,250726
48976833,233710,250726
49331833,229456,250726
49654833,228038,250726
50024833,236546,250726
50423833,220948,250726
50750833,228038,250726
51233833,229456,252144
51651833,235128,250726
52012833,240800,250726
52304833,242218,250726
52550833,247890,250726
52786833,245054,250726
53020833,245054,250726
53255833,245054,250726
53487833,246472,250726
53718833,242218,250726
53948833,237964,250726
54187833,237964,250726
54445833,239382,250726
54687833,240800,250726
54921833,239382,250726
55152833,237964,250726
55383833,237964,250726
55621833,242218,250726
55858833,243636,250726
56091833,242218,250726
56323833,243636,250726
56555833,246472,250726
56786833,249308,250726
57017833,249308,250726
57248833,247890,250726
57479833,246472,250726
57710833,246472,250726
57943833,245054,250726
58175833,245054,250726
58410833,246472,250726
58643833,247890,250726
58875833,247890,250726
59106833,247890,250726
59337833,246472,250726
59567833,245054,250726
59799833,242218,250726
