timestamp,unAck0,unAck1
611833,5672,5672
611833,5672,5672
829833,5672,5672
1052833,8508,1418
1278833,17016,1418
1508833,18434,1418
1815833,18434,1418
2126833,11344,1418
2435833,8508,1418
2692833,5672,1418
2935833,8508,1418
3172833,12762,1418
3406833,15598,1418
3672833,21270,1418
3943833,21270,1418
4275833,14180,1418
4628833,19852,1418
4919833,15598,1418
5262833,24106,1418
5556833,17016,1418
5935833,14180,1418
6225833,11344,1418
6473833,8508,1418
6709833,8508,1418
6942833,8508,1418
7174833,12762,1418
7405833,9926,1418
7647833,7090,1418
7882833,7090,1418
8114833,8508,1418
8345833,9926,1418
8575833,7090,1418
8806833,5672,1418
9037833,9926,1418
9267833,9926,1418
9502833,11344,1418
9737833,11344,1418
9969833,9926,1418
10199833,8508,1418
10429833,14180,1418
10659833,15598,1418
10917833,19852,1418
11176833,26942,1418
11487833,17016,1418
11890833,12762,1418
12190833,5672,1418
12442833,7090,1418
12683833,12762,1418
12918833,11344,1418
13171833,14180,1418
13410833,18434,1418
13655833,21270,1418
13943833,12762,1418
14280833,12762,1418
14540833,14180,1418
14780833,18434,1418
15025833,25524,1418
15313833,28360,1418
15685833,35450,1418
16139833,31196,1418
16709833,26942,1418
17221833,24106,1418
17666833,14180,1418
18034833,15598,1418
18300833,21270,1418
18562833,18434,1418
18907833,19852,1418
19247833,26942,1418
19581833,24106,0
20007833,45376,1418
20418833,51048,1418
21075833,26942,1418
21908833,41122,1418
22552833,42540,1418
23241833,25524,1418
23955833,17016,1418
24285833,14180,1418
24565833,15598,1418
24815833,12762,1418
25073833,8508,1418
25313833,2836,1418
25548833,2836,1418
25782833,2836,1418
26015833,2836,1418
26247833,4254,1418
26478833,4254,1418
26709833,4254,1418
26939833,5672,1418
27169833,11344,1418
27406833,11344,1418
27657833,11344,1418
27896833,21270,1418
28139833,18434,1418
28462833,28360,1418
28782833,28360,1418
29231833,31196,1418
29707833,26942,1418
30226833,24106,0
30672833,17016,1418
31052833,14180,1418
31328833,15598,1418
31577833,14180,1418
31835833,14180,1418
32078833,15598,1418
32316833,18434,1418
32571833,15598,1418
32864833,14180,1418
33131833,12762,1418
33376833,14180,1418
33610833,15598,1418
33854833,18434,1418
34110833,15598,1418
34404833,18434,1418
34676833,17016,1418
34977833,14180,1418
35284833,14180,1418
35534833,15598,1418
35775833,11344,1418
36031833,14180,1418
36273833,12762,1418
36515833,21270,1418
36749833,21270,1418
37061833,14180,1418
37410833,15598,1418
37678833,15598,1418
37941833,17016,1418
38202833,15598,1418
38481833,14180,1418
38746833,18434,1418
39008833,11344,1418
39305833,7090,1418
39566833,11344,1418
39812833,11344,1418
40050833,8508,1418
40283833,11344,1418
40514833,8508,1418
40745833,7090,1418
40975833,8508,1418
41205833,8508,1418
41435833,5672,1418
41665833,7090,1418
41895833,7090,1418
42125833,9926,1418
42355833,9926,1418
42590833,7090,1418
42822833,4254,1418
43053833,5672,1418
43283833,15598,1418
43513833,11344,1418
43806833,5672,1418
44059833,4254,1418
44303833,5672,1418
44541833,5672,1418
44776833,7090,1418
45009833,7090,1418
45241833,5672,1418
45474833,4254,1418
45705833,8508,1418
45936833,11344,1418
46171833,7090,1418
46433833,11344,1418
46678833,17016,1418
46916833,26942,1418
47199833,29778,1418
47574833,22688,1418
48047833,31196,1418
48464833,22688,1418
48976833,18434,1418
49331833,22688,1418
49654833,24106,1418
50024833,15598,1418
50423833,31196,1418
50750833,24106,1418
51233833,22688,0
51651833,17016,1418
52012833,11344,1418
52304833,9926,1418
52550833,4254,1418
52786833,7090,1418
53020833,7090,1418
53255833,7090,1418
53487833,5672,1418
53718833,9926,1418
53948833,14180,1418
54187833,14180,1418
54445833,12762,1418
54687833,11344,1418
54921833,12762,1418
55152833,14180,1418
55383833,14180,1418
55621833,9926,1418
55858833,8508,1418
56091833,9926,1418
56323833,8508,1418
56555833,5672,1418
56786833,2836,1418
57017833,2836,1418
57248833,4254,1418
57479833,5672,1418
57710833,5672,1418
57943833,7090,1418
58175833,7090,1418
58410833,5672,1418
58643833,4254,1418
58875833,4254,1418
59106833,4254,1418
59337833,5672,1418
59567833,7090,1418
59799833,9926,1418
