timestamp,lastAckedSeq,highTxMark,availableTxBuffer,nextTxSeq,totalCwnd,unAckMeta
611833,5673,17017,1158,17017,11344,11344
611833,5673,17017,1158,17017,8246,11344
829833,11345,22689,1158,22689,8246,11344
1052833,22689,32615,1158,32615,10450,9926
1278833,32615,51049,1158,51049,19033,18434
1508833,48213,68065,1158,68065,20281,19852
1815833,68065,87917,1158,87917,21303,19852
2126833,89335,102097,1158,102097,14079,12762
2435833,102097,112023,1158,112023,10868,9926
2692833,112023,119113,1158,119113,7798,7090
2935833,120531,130457,1158,130457,10607,9926
3172833,130457,144637,1158,144637,14705,14180
3406833,144637,161653,1158,161653,18273,17016
3672833,161653,184341,1158,184341,23242,22688
3943833,180087,202775,1158,202775,23822,22688
4275833,201357,218373,1158,218373,16794,17016
4628833,225463,246733,2576,246733,23967,21270
4919833,243897,260913,1158,260913,17796,17016
5262833,265167,292109,1158,292109,26952,26942
5556833,283601,303453,1158,303453,18656,19852
5935833,310543,326141,1158,326141,17073,15598
6225833,327559,340321,1158,340321,13384,12762
6473833,340321,350247,1158,350247,11235,9926
6709833,350247,360173,1158,360173,10297,9926
6942833,360173,370099,1158,370099,10233,9926
7174833,371517,385697,1158,385697,15389,14180
7405833,385697,397041,2576,397041,13684,11344
7647833,397041,405549,1158,405549,8734,8508
7882833,405549,414057,1158,414057,9575,8508
8114833,415475,425401,1158,425401,10481,9926
8345833,425401,436745,1158,436745,11556,11344
8575833,436745,445253,2576,445253,10513,8508
8806833,445253,452343,1158,452343,7894,7090
9037833,453761,465105,1158,465105,12142,11344
9267833,465105,476449,2576,476449,12902,11344
9502833,477867,490629,1158,490629,13530,12762
9737833,490629,503391,1158,503391,13203,12762
9969833,503391,514735,1158,514735,12054,11344
10199833,514735,524661,1158,524661,11022,9926
10429833,524661,540259,1158,540259,17032,15598
10659833,538841,555857,1158,555857,18088,17016
10917833,555857,577127,1158,577127,21919,21270
11176833,572873,601233,1158,601233,28988,28360
11487833,591307,611159,1158,611159,18837,19852
11890833,618249,632429,1158,632429,14935,14180
12190833,632429,639519,1158,639519,7568,7090
12442833,640937,649445,1158,649445,8853,8508
12683833,650863,665043,1158,665043,14361,14180
12918833,665043,677805,1158,677805,13027,12762
13171833,679223,696239,1158,696239,16144,17016
13410833,696239,716091,1158,716091,20354,19852
13655833,710419,734525,1158,734525,23159,24106
13943833,728853,744451,1158,744451,14795,15598
14280833,750123,764303,1158,764303,15312,14180
14540833,765721,781319,1158,781319,16148,15598
14780833,781319,801171,1158,801171,20838,19852
15025833,796917,823859,1158,823859,27433,26942
15313833,815351,846547,1158,846547,31184,31196
15685833,839457,877743,1158,877743,37248,38286
16139833,869235,903267,1158,903267,33489,34032
16709833,907521,935881,1158,935881,29239,28360
17221833,940135,967077,1158,967077,25724,26942
17666833,969913,985511,1158,985511,16217,15598
18034833,994019,1011035,1158,1011035,17358,17016
18300833,1012453,1035141,2576,1035141,24817,22688
18562833,1029469,1049321,2576,1049321,22027,19852
18907833,1050739,1073427,1158,1073427,22393,22688
19247833,1073427,1101787,1158,1101787,29130,28360
19581833,1094697,1120221,1158,1120221,26156,25524
20007833,1121639,1169851,1158,1169851,47764,48212
20418833,1147163,1202465,1158,1202465,53912,55302
21075833,1189703,1222317,1158,1222317,29686,32614
21908833,1245005,1290381,1158,1290381,43068,45376
22552833,1287545,1334339,1158,1334339,44335,46794
23241833,1332921,1362699,2576,1362699,29488,29778
23955833,1381133,1399567,1158,1399567,19298,18434
24285833,1402403,1418001,1158,1418001,17059,15598
24565833,1420837,1437853,1158,1437853,17793,17016
24815833,1436435,1450615,1158,1450615,15497,14180
25073833,1452033,1461959,1158,1461959,11079,9926
25313833,1461959,1466213,1158,1466213,5449,4254
25548833,1466213,1470467,1158,1470467,4873,4254
25782833,1470467,1474721,1158,1474721,5084,4254
26015833,1474721,1478975,1158,1478975,4777,4254
26247833,1480393,1486065,1158,1486065,6926,5672
26478833,1486065,1491737,1158,1491737,6142,5672
26709833,1491737,1497409,1158,1497409,6552,5672
26939833,1497409,1504499,2576,1504499,8624,7090
27169833,1504499,1517261,1158,1517261,13089,12762
27406833,1518679,1531441,1158,1531441,13627,12762
27657833,1532859,1545621,2576,1545621,15592,12762
27896833,1547039,1569727,1158,1569727,23867,22688
28139833,1561219,1582489,1158,1582489,20395,21270
28462833,1583907,1613685,2576,1613685,32157,29778
28782833,1602341,1633537,1158,1633537,30672,31196
29231833,1632119,1666151,1158,1666151,33173,34032
29707833,1663315,1693093,1158,1693093,28497,29778
30226833,1697347,1722871,1158,1722871,26834,25524
30672833,1727125,1745559,1158,1745559,18867,18434
31052833,1752649,1768247,1158,1768247,15782,15598
31328833,1771083,1788099,1158,1788099,17698,17016
31577833,1786681,1802279,1158,1802279,16153,15598
31835833,1803697,1819295,1158,1819295,16456,15598
32078833,1819295,1836311,1158,1836311,17906,17016
32316833,1834893,1854745,1158,1854745,20276,19852
32571833,1851909,1868925,1158,1868925,17628,17016
32864833,1871761,1887359,1158,1887359,16687,15598
33131833,1887359,1901539,1158,1901539,14502,14180
33376833,1902957,1918555,1158,1918555,15792,15598
33610833,1918555,1935571,1158,1935571,17431,17016
33854833,1934153,1954005,1158,1954005,20326,19852
34110833,1949751,1968185,1158,1968185,17250,18434
34404833,1969603,1989455,1158,1989455,20611,19852
34676833,1988037,2006471,2576,2006471,21052,18434
34977833,2006471,2022069,1158,2022069,15811,15598
35284833,2027741,2043339,1158,2043339,16345,15598
35534833,2044757,2061773,1158,2061773,18261,17016
35775833,2060355,2073117,1158,2073117,13886,12762
36031833,2074535,2090133,1158,2090133,16010,15598
36273833,2090133,2104313,1158,2104313,14901,14180
36515833,2104313,2127001,1158,2127001,24078,22688
36749833,2118493,2142599,1158,2142599,22888,24106
37061833,2139763,2155361,1158,2155361,16796,15598
37410833,2163869,2180885,2576,2180885,17149,17016
37678833,2180885,2197901,1158,2197901,17253,17016
37941833,2197901,2216335,1158,2216335,19065,18434
38202833,2214917,2231933,1158,2231933,18471,17016
38481833,2233351,2248949,2576,2248949,17612,15598
38746833,2250367,2270219,1158,2270219,20047,19852
39008833,2267383,2280145,1158,2280145,13136,12762
39305833,2281563,2290071,1158,2290071,9683,8508
39566833,2292907,2305669,1158,2305669,13203,12762
39812833,2305669,2318431,1158,2318431,13125,12762
40050833,2318431,2328357,1158,2328357,11355,9926
40283833,2329775,2342537,1158,2342537,13513,12762
40514833,2342537,2352463,1158,2352463,10569,9926
40745833,2352463,2360971,2576,2360971,10143,8508
40975833,2360971,2370897,1158,2370897,10125,9926
41205833,2370897,2380823,1158,2380823,11083,9926
41435833,2380823,2387913,1158,2387913,8439,7090
41665833,2387913,2396421,1158,2396421,9868,8508
41895833,2396421,2404929,1158,2404929,9869,8508
42125833,2404929,2416273,1158,2416273,11573,11344
42355833,2416273,2427617,1158,2427617,11602,11344
42590833,2427617,2436125,1158,2436125,9584,8508
42822833,2436125,2441797,1158,2441797,6540,5672
43053833,2441797,2448887,1158,2448887,7831,7090
43283833,2448887,2465903,1158,2465903,18260,17016
43513833,2464485,2477247,1158,2477247,13594,12762
43806833,2477247,2484337,1158,2484337,7469,7090
44059833,2484337,2490009,1158,2490009,6352,5672
44303833,2491427,2498517,1158,2498517,7357,7090
44541833,2498517,2505607,1158,2505607,8029,7090
44776833,2505607,2514115,1158,2514115,8768,8508
45009833,2515533,2524041,2576,2524041,10493,8508
45241833,2524041,2531131,1158,2531131,7938,7090
45474833,2531131,2536803,1158,2536803,6985,5672
45705833,2538221,2548147,1158,2548147,10224,9926
45936833,2548147,2560909,2576,2560909,14762,12762
46171833,2560909,2569417,1158,2569417,9679,8508
46433833,2572253,2585015,1158,2585015,13795,12762
46678833,2585015,2603449,1158,2603449,19154,18434
46916833,2600613,2628973,1158,2628973,28507,28360
47199833,2619047,2651661,1158,2651661,32201,32614
47574833,2643153,2668677,1158,2668677,24621,25524
48047833,2674349,2708381,1158,2708381,33699,34032
48464833,2701291,2726815,1158,2726815,25116,25524
48976833,2736741,2756593,1158,2756593,20648,19852
49331833,2759429,2784953,1158,2784953,24532,25524
49654833,2779281,2806223,1158,2806223,26213,26942
50024833,2804805,2821821,2576,2821821,19138,17016
50423833,2828911,2862943,1158,2862943,33877,34032
50750833,2850181,2877123,1158,2877123,26331,26942
51233833,2882795,2906901,1158,2906901,25570,24106
51651833,2911155,2929589,1158,2929589,18794,18434
52012833,2932425,2945187,1158,2945187,12861,12762
52304833,2948023,2959367,1158,2959367,11769,11344
52550833,2959367,2965039,1158,2965039,6943,5672
52786833,2965039,2973547,1158,2973547,9124,8508
53020833,2973547,2982055,1158,2982055,9754,8508
53255833,2983473,2991981,1158,2991981,9093,8508
53487833,2991981,2999071,1158,2999071,7921,7090
53718833,2999071,3010415,1158,3010415,12516,11344
53948833,3010415,3026013,1158,3026013,16626,15598
54187833,3026013,3041611,1158,3041611,16486,15598
54445833,3041611,3055791,1158,3055791,15228,14180
54687833,3055791,3068553,1158,3068553,12943,12762
54921833,3069971,3084151,1158,3084151,14944,14180
55152833,3084151,3099749,1158,3099749,15986,15598
55383833,3098331,3113929,1158,3113929,15983,15598
55621833,3113929,3125273,1158,3125273,12120,11344
55858833,3125273,3135199,1158,3135199,10427,9926
56091833,3136617,3147961,2576,3147961,13895,11344
56323833,3147961,3157887,1158,3157887,11048,9926
56555833,3157887,3164977,1158,3164977,7899,7090
56786833,3164977,3169231,1158,3169231,5654,4254
57017833,3169231,3173485,1158,3173485,4761,4254
57248833,3173485,3179157,1158,3179157,5788,5672
57479833,3179157,3186247,1158,3186247,7270,7090
57710833,3186247,3193337,1158,3193337,8398,7090
57943833,3193337,3201845,1158,3201845,9698,8508
58175833,3201845,3210353,1158,3210353,9269,8508
58410833,3210353,3217443,1158,3217443,8307,7090
58643833,3217443,3223115,1158,3223115,6822,5672
58875833,3224533,3230205,2576,3230205,7675,5672
59106833,3231623,3237295,2576,3237295,7678,5672
59337833,3238713,3245803,2576,3245803,9860,7090
59567833,3245803,3254311,1158,3254311,9054,8508
59799833,3255729,3267073,2576,3267073,13232,11344
