timestamp,cWnd0,cWnd1
611833,5672,5672
611833,12073,1500
829833,12073,1500
1052833,20439,1500
1313833,18002,1500
1629833,12492,1500
1927833,16271,1500
2182833,9161,1500
2450833,8674,1500
2697833,7757,1500
2935833,8320,1500
3169833,7371,1500
3401833,7100,1500
3632833,4949,1500
3862833,5829,1500
4092833,5998,1500
4322833,6747,1500
4552833,8310,1500
4782833,9807,1500
5014833,7801,1500
5248833,8495,1500
5480833,8735,1500
5711833,6487,1500
5941833,9794,1500
6171833,10177,1500
6407833,10374,1500
6643833,4725,1500
6875833,3056,1500
7107833,5176,1500
7338833,5559,1500
7570833,6768,1500
7802833,6271,1500
8036833,6943,1500
8268833,12093,1500
8499833,23732,1500
8759833,17156,1500
9108833,16578,1500
9410833,20215,1500
9682833,26411,1500
10002833,29223,1500
10399833,35705,1500
10861833,34440,1500
11435833,26501,1500
12007833,23908,1500
12415833,21391,1500
12795833,23852,1500
13156833,15008,1500
13534833,14773,1500
13790833,9334,1500
14032833,15308,1500
14267833,23421,1500
14510833,24686,1500
14835833,20000,1500
15222833,16963,1500
15548833,11546,1500
15818833,11506,1500
16060833,9785,1500
16294833,10413,1500
16526833,9428,1500
16757833,8466,1500
16987833,10847,1500
17217833,12291,1500
17451833,10149,1500
17688833,10186,1500
17921833,13809,1500
18152833,9701,1500
18393833,11929,1500
18628833,10129,1500
18863833,11661,1500
19095833,9911,1500
19326833,6910,1500
19556833,6613,1500
19786833,7875,1500
20016833,9682,1500
20246833,15230,1500
20478833,15012,1500
20738833,14983,1500
20980833,9252,1500
21218833,11759,1500
21452833,12093,1500
21687833,10082,1500
21919833,5249,1500
22150833,8588,1500
22381833,10445,1500
22619833,9769,1500
22858833,6676,1500
23092833,5840,1500
23324833,4285,1500
23555833,7382,1500
23786833,7798,1500
24018833,8654,1500
24249833,13576,1500
24483833,19571,1500
24731833,23108,1500
25029833,20009,1500
25386833,27197,1500
25726833,16380,1500
26157833,29359,1500
26509833,21008,1500
26968833,22495,1500
27333833,16558,1500
27690833,17735,1500
27973833,16871,1500
28258833,24185,1500
28526833,27313,1500
28888833,32405,1500
29318833,20431,1500
29826833,24675,1500
30214833,23856,1500
30617833,27665,1500
31002833,26577,1500
31445833,35702,1500
31876833,16620,1500
32447833,19145,1500
32779833,15157,1500
33082833,11319,1500
33336833,12246,1500
33575833,14023,1500
33814833,13774,1500
34058833,11125,1500
34292833,7100,1500
34524833,7548,1500
34755833,9608,1500
34985833,7188,1500
35215833,8266,1500
35445833,7148,1500
35675833,4257,1500
35905833,4819,1500
36135833,7869,1500
36365833,8417,1500
36597833,8799,1500
36828833,7895,1500
37062833,12294,1500
37294833,13987,1500
37537833,11018,1500
37778833,6565,1500
38013833,8883,1500
38245833,8219,1500
38478833,7282,1500
38709833,9241,1500
38939833,10705,1500
39170833,9941,1500
39403833,13428,1500
39634833,11331,1500
39876833,19230,1500
40111833,24060,1500
40409833,24294,1500
40764833,26782,1500
41159833,28253,1500
41582833,33188,1500
42031833,28120,1500
42566833,35426,1500
43043833,26698,1500
43608833,25607,1500
44046833,18670,1500
44460833,20339,1500
44789833,13013,1500
45121833,18627,1500
45391833,15720,1500
45692833,14812,1500
45957833,11003,1500
46201833,12042,1500
46436833,11848,1500
46668833,8942,1500
46899833,9198,1500
47130833,8917,1500
47360833,8863,1500
47590833,7192,1500
47820833,11200,1500
48050833,8218,1500
48283833,5341,1500
48514833,4968,1500
48745833,4544,1500
48975833,5303,1500
49205833,5620,1500
49435833,8248,1500
49665833,8538,1500
49900833,4950,1500
50137833,3556,1500
50371833,3697,1500
50604833,7710,1500
50836833,12496,1500
51076833,15221,1500
51330833,12578,1500
51588833,17355,1500
51827833,15714,1500
52100833,11448,1500
52365833,10800,1500
52607833,13545,1500
52842833,16117,1500
53086833,20785,1500
53354833,35125,1500
53667833,31422,1500
54116833,28121,1500
54647833,26721,1500
55095833,30652,1500
55525833,25233,1500
56017833,35626,1500
56447833,23765,1500
57024833,34244,1500
57499833,43162,1500
58064833,30487,1500
58762833,33491,1500
59301833,27490,1500
59848833,28528,1500
