timestamp,availableTxBuffer0,availableTxBuffer1
611833,246472,246472
611833,246472,246472
829833,240800,246472
1052833,232292,250726
1313833,235128,250726
1629833,240800,250726
1927833,236546,250726
2182833,243636,250726
2450833,243636,250726
2697833,245054,250726
2935833,245054,250726
3169833,245054,250726
3401833,245054,250726
3632833,247890,250726
3862833,246472,250726
4092833,246472,250726
4322833,246472,250726
4552833,245054,250726
4782833,243636,250726
5014833,245054,250726
5248833,245054,250726
5480833,243636,250726
5711833,246472,250726
5941833,245054,250726
6171833,242218,250726
6407833,242218,250726
6643833,247890,250726
6875833,249308,250726
7107833,247890,250726
7338833,247890,250726
7570833,246472,250726
7802833,246472,250726
8036833,246472,250726
8268833,240800,250726
8499833,229456,250726
8759833,235128,250726
9108833,237964,250726
9410833,232292,250726
9682833,226620,250726
10002833,223784,250726
10399833,216694,250726
10861833,218112,250726
11435833,226620,250726
12007833,229456,250726
12415833,230874,250726
12795833,229456,250726
13156833,237964,250726
13534833,237964,250726
13790833,243636,250726
14032833,237964,250726
14267833,229456,250726
14510833,228038,250726
14835833,232292,250726
15222833,236546,250726
15548833,240800,250726
15818833,240800,250726
16060833,243636,250726
16294833,242218,250726
16526833,243636,250726
16757833,245054,250726
16987833,242218,250726
17217833,242218,250726
17451833,242218,250726
17688833,242218,250726
17921833,239382,250726
18152833,243636,250726
18393833,240800,250726
18628833,242218,250726
18863833,240800,250726
19095833,243636,250726
19326833,246472,250726
19556833,246472,250726
19786833,245054,250726
20016833,243636,250726
20246833,237964,250726
20478833,237964,250726
20738833,237964,250726
20980833,243636,250726
21218833,240800,250726
21452833,240800,250726
21687833,242218,250726
21919833,247890,250726
22150833,243636,250726
22381833,242218,250726
22619833,243636,250726
22858833,246472,250726
23092833,246472,250726
23324833,247890,250726
23555833,245054,250726
23786833,246472,250726
24018833,243636,250726
24249833,239382,250726
24483833,233710,250726
24731833,229456,250726
25029833,233710,252144
25386833,225202,250726
25726833,236546,250726
26157833,223784,250726
26509833,232292,250726
26968833,230874,250726
27333833,236546,250726
27690833,235128,250726
27973833,236546,250726
28258833,228038,250726
28526833,225202,250726
28888833,220948,250726
29318833,232292,250726
29826833,228038,250726
30214833,229456,250726
30617833,225202,250726
31002833,226620,250726
31445833,216694,250726
31876833,236546,250726
32447833,233710,250726
32779833,237964,250726
33082833,242218,250726
33336833,240800,250726
33575833,239382,250726
33814833,239382,250726
34058833,242218,250726
34292833,245054,250726
34524833,245054,250726
34755833,245054,250726
34985833,245054,250726
35215833,245054,250726
35445833,245054,250726
35675833,247890,250726
35905833,247890,250726
36135833,245054,250726
36365833,245054,250726
36597833,243636,250726
36828833,245054,250726
37062833,240800,250726
37294833,239382,250726
37537833,242218,250726
37778833,246472,250726
38013833,243636,250726
38245833,245054,250726
38478833,245054,250726
38709833,243636,250726
38939833,242218,250726
39170833,242218,250726
39403833,239382,250726
39634833,242218,250726
39876833,233710,250726
40111833,229456,250726
40409833,229456,252144
40764833,226620,250726
41159833,225202,250726
41582833,219530,250726
42031833,225202,250726
42566833,218112,250726
43043833,226620,250726
43608833,228038,250726
44046833,233710,250726
44460833,232292,252144
44789833,239382,250726
45121833,233710,250726
45391833,237964,250726
45692833,237964,250726
45957833,242218,250726
46201833,240800,250726
46436833,240800,250726
46668833,243636,250726
46899833,243636,250726
47130833,243636,250726
47360833,243636,250726
47590833,245054,250726
47820833,242218,250726
48050833,245054,250726
48283833,247890,250726
48514833,247890,250726
48745833,247890,250726
48975833,247890,250726
49205833,247890,250726
49435833,245054,250726
49665833,243636,250726
49900833,247890,250726
50137833,249308,250726
50371833,249308,250726
50604833,245054,250726
50836833,240800,250726
51076833,237964,250726
51330833,240800,250726
51588833,235128,250726
51827833,236546,250726
52100833,240800,250726
52365833,242218,250726
52607833,239382,250726
52842833,236546,250726
53086833,232292,250726
53354833,218112,250726
53667833,220948,250726
54116833,225202,250726
54647833,226620,250726
55095833,222366,250726
55525833,228038,250726
56017833,216694,250726
56447833,229456,250726
57024833,218112,250726
57499833,209604,250726
58064833,222366,250726
58762833,219530,250726
59301833,225202,250726
59848833,223784,250726
