timestamp,rtt0,rtt1
611833,218,184
611833,218,184
829833,223,184
1052833,261,219
1313833,316,221
1629833,298,223
1927833,255,224
2182833,268,225
2450833,247,225
2697833,238,226
2935833,234,226
3169833,232,227
3401833,231,227
3632833,230,228
3862833,230,228
4092833,230,228
4322833,230,228
4552833,230,229
4782833,232,229
5014833,234,229
5248833,232,229
5480833,231,229
5711833,230,229
5941833,230,229
6171833,236,229
6407833,236,229
6643833,232,229
6875833,232,229
7107833,231,229
7338833,232,229
7570833,232,230
7802833,234,230
8036833,232,230
8268833,231,230
8499833,260,230
8759833,349,230
9108833,302,230
9410833,272,230
9682833,320,230
10002833,397,230
10399833,462,230
10861833,574,230
11435833,572,230
12007833,408,230
12415833,380,230
12795833,361,230
13156833,378,230
13534833,256,230
13790833,242,230
14032833,235,230
14267833,243,230
14510833,325,230
14835833,387,230
15222833,326,230
15548833,270,230
15818833,242,230
16060833,234,230
16294833,232,230
16526833,231,230
16757833,230,230
16987833,230,230
17217833,234,230
17451833,237,230
17688833,233,230
17921833,231,230
18152833,241,230
18393833,235,230
18628833,235,230
18863833,232,230
19095833,231,230
19326833,230,230
19556833,230,230
19786833,230,230
20016833,230,230
20246833,232,230
20478833,260,230
20738833,242,230
20980833,238,230
21218833,234,230
21452833,235,230
21687833,232,230
21919833,231,230
22150833,231,230
22381833,238,230
22619833,239,230
22858833,234,230
23092833,232,230
23324833,231,230
23555833,231,230
23786833,232,230
24018833,231,230
24249833,234,230
24483833,248,230
24731833,298,230
25029833,357,230
25386833,340,230
25726833,431,230
26157833,352,230
26509833,459,230
26968833,365,230
27333833,357,230
27690833,283,230
27973833,285,230
28258833,268,230
28526833,362,230
28888833,430,230
29318833,508,230
29826833,388,230
30214833,403,230
30617833,385,230
31002833,443,230
31445833,431,230
31876833,571,230
32447833,332,230
32779833,303,230
33082833,254,230
33336833,239,230
33575833,239,230
33814833,244,230
34058833,234,230
34292833,232,230
34524833,231,230
34755833,230,230
34985833,230,230
35215833,230,230
35445833,230,230
35675833,230,230
35905833,230,230
36135833,230,230
36365833,232,230
36597833,231,230
36828833,234,230
37062833,232,230
37294833,243,230
37537833,241,230
37778833,235,230
38013833,232,230
38245833,233,230
38478833,231,230
38709833,230,230
38939833,231,230
39170833,233,230
39403833,231,230
39634833,242,230
39876833,235,230
40111833,298,230
40409833,355,230
40764833,395,230
41159833,423,230
41582833,449,230
42031833,535,230
42566833,477,230
43043833,565,230
43608833,438,230
44046833,414,230
44460833,329,230
44789833,332,230
45121833,270,230
45391833,301,230
45692833,265,230
45957833,244,230
46201833,235,230
46436833,232,230
46668833,231,230
46899833,231,230
47130833,230,230
47360833,230,230
47590833,230,230
47820833,230,230
48050833,233,230
48283833,231,230
48514833,231,230
48745833,230,230
48975833,230,230
49205833,230,230
49435833,230,230
49665833,235,230
49900833,237,230
50137833,234,230
50371833,233,230
50604833,232,230
50836833,240,230
51076833,254,230
51330833,258,230
51588833,239,230
51827833,273,230
52100833,265,230
52365833,242,230
52607833,235,230
52842833,244,230
53086833,268,230
53354833,313,230
53667833,449,230
54116833,531,230
54647833,448,230
55095833,430,230
55525833,492,230
56017833,430,230
56447833,577,230
57024833,475,230
57499833,565,230
58064833,698,230
58762833,539,230
59301833,547,230
59848833,466,230
