timestamp,rWnd0,rWnd1
611833,1073725440,1073725440
611833,1073725440,1073725440
829833,1073725440,1073725440
1052833,1073725440,1073725440
1313833,1073725440,1073725440
1629833,1073725440,1073725440
1927833,1073725440,1073725440
2182833,1073725440,1073725440
2450833,1073725440,1073725440
2697833,1073725440,1073725440
2935833,1073725440,1073725440
3169833,1073725440,1073725440
3401833,1073725440,1073725440
3632833,1073725440,1073725440
3862833,1073725440,1073725440
4092833,1073725440,1073725440
4322833,1073725440,1073725440
4552833,1073725440,1073725440
4782833,1073725440,1073725440
5014833,1073725440,1073725440
5248833,1073725440,1073725440
5480833,1073725440,1073725440
5711833,1073725440,1073725440
5941833,1073725440,1073725440
6171833,1073725440,1073725440
6407833,1073725440,1073725440
6643833,1073725440,1073725440
6875833,1073725440,1073725440
7107833,1073725440,1073725440
7338833,1073725440,1073725440
7570833,1073725440,1073725440
7802833,1073725440,1073725440
8036833,1073725440,1073725440
8268833,1073725440,1073725440
8499833,1073725440,1073725440
8759833,1073725440,1073725440
9108833,1073725440,1073725440
9410833,1073725440,1073725440
9682833,1073725440,1073725440
10002833,1073725440,1073725440
10399833,1073725440,1073725440
10861833,1073725440,1073725440
11435833,1073725440,1073725440
12007833,1073725440,1073725440
12415833,1073725440,1073725440
12795833,1073725440,1073725440
13156833,1073725440,1073725440
13534833,1073725440,1073725440
13790833,1073725440,1073725440
14032833,1073725440,1073725440
14267833,1073725440,1073725440
14510833,1073725440,1073725440
14835833,1073725440,1073725440
15222833,1073725440,1073725440
15548833,1073725440,1073725440
15818833,1073725440,1073725440
16060833,1073725440,1073725440
16294833,1073725440,1073725440
16526833,1073725440,1073725440
16757833,1073725440,1073725440
16987833,1073725440,1073725440
17217833,1073725440,1073725440
17451833,1073725440,1073725440
17688833,1073725440,1073725440
17921833,1073725440,1073725440
18152833,1073725440,1073725440
18393833,1073725440,1073725440
18628833,1073725440,1073725440
18863833,1073725440,1073725440
19095833,1073725440,1073725440
19326833,1073725440,1073725440
19556833,1073725440,1073725440
19786833,1073725440,1073725440
20016833,1073725440,1073725440
20246833,1073725440,1073725440
20478833,1073725440,1073725440
20738833,1073725440,1073725440
20980833,1073725440,1073725440
21218833,1073725440,1073725440
21452833,1073725440,1073725440
21687833,1073725440,1073725440
21919833,1073725440,1073725440
22150833,1073725440,1073725440
22381833,1073725440,1073725440
22619833,1073725440,1073725440
22858833,1073725440,1073725440
23092833,1073725440,1073725440
23324833,1073725440,1073725440
23555833,1073725440,1073725440
23786833,1073725440,1073725440
24018833,1073725440,1073725440
24249833,1073725440,1073725440
24483833,1073725440,1073725440
24731833,1073725440,1073725440
25029833,1073725440,1073725440
25386833,1073725440,1073725440
25726833,1073725440,1073725440
26157833,1073725440,1073725440
26509833,1073725440,1073725440
26968833,1073725440,1073725440
27333833,1073725440,1073725440
27690833,1073725440,1073725440
27973833,1073725440,1073725440
28258833,1073725440,1073725440
28526833,1073725440,1073725440
28888833,1073725440,1073725440
29318833,1073725440,1073725440
29826833,1073725440,1073725440
30214833,1073725440,1073725440
30617833,1073725440,1073725440
31002833,1073725440,1073725440
31445833,1073725440,1073725440
31876833,1073725440,1073725440
32447833,1073725440,1073725440
32779833,1073725440,1073725440
33082833,1073725440,1073725440
33336833,1073725440,1073725440
33575833,1073725440,1073725440
33814833,1073725440,1073725440
34058833,1073725440,1073725440
34292833,1073725440,1073725440
34524833,1073725440,1073725440
34755833,1073725440,1073725440
34985833,1073725440,1073725440
35215833,1073725440,1073725440
35445833,1073725440,1073725440
35675833,1073725440,1073725440
35905833,1073725440,1073725440
36135833,1073725440,1073725440
36365833,1073725440,1073725440
36597833,1073725440,1073725440
36828833,1073725440,1073725440
37062833,1073725440,1073725440
37294833,1073725440,1073725440
37537833,1073725440,1073725440
37778833,1073725440,1073725440
38013833,1073725440,1073725440
38245833,1073725440,1073725440
38478833,1073725440,1073725440
38709833,1073725440,1073725440
38939833,1073725440,1073725440
39170833,1073725440,1073725440
39403833,1073725440,1073725440
39634833,1073725440,1073725440
39876833,1073725440,1073725440
40111833,1073725440,1073725440
40409833,1073725440,1073725440
40764833,1073725440,1073725440
41159833,1073725440,1073725440
41582833,1073725440,1073725440
42031833,1073725440,1073725440
42566833,1073725440,1073725440
43043833,1073725440,1073725440
43608833,1073725440,1073725440
44046833,1073725440,1073725440
44460833,1073725440,1073725440
44789833,1073725440,1073725440
45121833,1073725440,1073725440
45391833,1073725440,1073725440
45692833,1073725440,1073725440
45957833,1073725440,1073725440
46201833,1073725440,1073725440
46436833,1073725440,1073725440
46668833,1073725440,1073725440
46899833,1073725440,1073725440
47130833,1073725440,1073725440
47360833,1073725440,1073725440
47590833,1073725440,1073725440
47820833,1073725440,1073725440
48050833,1073725440,1073725440
48283833,1073725440,1073725440
48514833,1073725440,1073725440
48745833,1073725440,1073725440
48975833,1073725440,1073725440
49205833,1073725440,1073725440
49435833,1073725440,1073725440
49665833,1073725440,1073725440
49900833,1073725440,1073725440
50137833,1073725440,1073725440
50371833,1073725440,1073725440
50604833,1073725440,1073725440
50836833,1073725440,1073725440
51076833,1073725440,1073725440
51330833,1073725440,1073725440
51588833,1073725440,1073725440
51827833,1073725440,1073725440
52100833,1073725440,1073725440
52365833,1073725440,1073725440
52607833,1073725440,1073725440
52842833,1073725440,1073725440
53086833,1073725440,1073725440
53354833,1073725440,1073725440
53667833,1073725440,1073725440
54116833,1073725440,1073725440
54647833,1073725440,1073725440
55095833,1073725440,1073725440
55525833,1073725440,1073725440
56017833,1073725440,1073725440
56447833,1073725440,1073725440
57024833,1073725440,1073725440
57499833,1073725440,1073725440
58064833,1073725440,1073725440
58762833,1073725440,1073725440
59301833,1073725440,1073725440
59848833,1073725440,1073725440
