timestamp,unAck0,unAck1
611833,5672,5672
611833,5672,5672
829833,11344,5672
1052833,19852,1418
1313833,17016,1418
1629833,11344,1418
1927833,15598,1418
2182833,8508,1418
2450833,8508,1418
2697833,7090,1418
2935833,7090,1418
3169833,7090,1418
3401833,7090,1418
3632833,4254,1418
3862833,5672,1418
4092833,5672,1418
4322833,5672,1418
4552833,7090,1418
4782833,8508,1418
5014833,7090,1418
5248833,7090,1418
5480833,8508,1418
5711833,5672,1418
5941833,7090,1418
6171833,9926,1418
6407833,9926,1418
6643833,4254,1418
6875833,2836,1418
7107833,4254,1418
7338833,4254,1418
7570833,5672,1418
7802833,5672,1418
8036833,5672,1418
8268833,11344,1418
8499833,22688,1418
8759833,17016,1418
9108833,14180,1418
9410833,19852,1418
9682833,25524,1418
10002833,28360,1418
10399833,35450,1418
10861833,34032,1418
11435833,25524,1418
12007833,22688,1418
12415833,21270,1418
12795833,22688,1418
13156833,14180,1418
13534833,14180,1418
13790833,8508,1418
14032833,14180,1418
14267833,22688,1418
14510833,24106,1418
14835833,19852,1418
15222833,15598,1418
15548833,11344,1418
15818833,11344,1418
16060833,8508,1418
16294833,9926,1418
16526833,8508,1418
16757833,7090,1418
16987833,9926,1418
17217833,9926,1418
17451833,9926,1418
17688833,9926,1418
17921833,12762,1418
18152833,8508,1418
18393833,11344,1418
18628833,9926,1418
18863833,11344,1418
19095833,8508,1418
19326833,5672,1418
19556833,5672,1418
19786833,7090,1418
20016833,8508,1418
20246833,14180,1418
20478833,14180,1418
20738833,14180,1418
20980833,8508,1418
21218833,11344,1418
21452833,11344,1418
21687833,9926,1418
21919833,4254,1418
22150833,8508,1418
22381833,9926,1418
22619833,8508,1418
22858833,5672,1418
23092833,5672,1418
23324833,4254,1418
23555833,7090,1418
23786833,5672,1418
24018833,8508,1418
24249833,12762,1418
24483833,18434,1418
24731833,22688,1418
25029833,18434,0
25386833,26942,1418
25726833,15598,1418
26157833,28360,1418
26509833,19852,1418
26968833,21270,1418
27333833,15598,1418
27690833,17016,1418
27973833,15598,1418
28258833,24106,1418
28526833,26942,1418
28888833,31196,1418
29318833,19852,1418
29826833,24106,1418
30214833,22688,1418
30617833,26942,1418
31002833,25524,1418
31445833,35450,1418
31876833,15598,1418
32447833,18434,1418
32779833,14180,1418
33082833,9926,1418
33336833,11344,1418
33575833,12762,1418
33814833,12762,1418
34058833,9926,1418
34292833,7090,1418
34524833,7090,1418
34755833,7090,1418
34985833,7090,1418
35215833,7090,1418
35445833,7090,1418
35675833,4254,1418
35905833,4254,1418
36135833,7090,1418
36365833,7090,1418
36597833,8508,1418
36828833,7090,1418
37062833,11344,1418
37294833,12762,1418
37537833,9926,1418
37778833,5672,1418
38013833,8508,1418
38245833,7090,1418
38478833,7090,1418
38709833,8508,1418
38939833,9926,1418
39170833,9926,1418
39403833,12762,1418
39634833,9926,1418
39876833,18434,1418
40111833,22688,1418
40409833,22688,0
40764833,25524,1418
41159833,26942,1418
41582833,32614,1418
42031833,26942,1418
42566833,34032,1418
43043833,25524,1418
43608833,24106,1418
44046833,18434,1418
44460833,19852,0
44789833,12762,1418
45121833,18434,1418
45391833,14180,1418
45692833,14180,1418
45957833,9926,1418
46201833,11344,1418
46436833,11344,1418
46668833,8508,1418
46899833,8508,1418
47130833,8508,1418
47360833,8508,1418
47590833,7090,1418
47820833,9926,1418
48050833,7090,1418
48283833,4254,1418
48514833,4254,1418
48745833,4254,1418
48975833,4254,1418
49205833,4254,1418
49435833,7090,1418
49665833,8508,1418
49900833,4254,1418
50137833,2836,1418
50371833,2836,1418
50604833,7090,1418
50836833,11344,1418
51076833,14180,1418
51330833,11344,1418
51588833,17016,1418
51827833,15598,1418
52100833,11344,1418
52365833,9926,1418
52607833,12762,1418
52842833,15598,1418
53086833,19852,1418
53354833,34032,1418
53667833,31196,1418
54116833,26942,1418
54647833,25524,1418
55095833,29778,1418
55525833,24106,1418
56017833,35450,1418
56447833,22688,1418
57024833,34032,1418
57499833,42540,1418
58064833,29778,1418
58762833,32614,1418
59301833,26942,1418
59848833,28360,1418
