timestamp,lastAckedSeq,highTxMark,availableTxBuffer,nextTxSeq,totalCwnd,unAckMeta
611833,5673,17017,1158,17017,11344,11344
611833,5673,17017,1158,17017,13573,11344
829833,11345,28361,1158,28361,13573,17016
1052833,28361,49631,1158,49631,21939,21270
1313833,45377,63811,1158,63811,19502,18434
1629833,65229,77991,1158,77991,13992,12762
1927833,82245,99261,1158,99261,17771,17016
2182833,99261,109187,1158,109187,10661,9926
2450833,109187,119113,1158,119113,10174,9926
2697833,119113,127621,1158,127621,9257,8508
2935833,127621,136129,1158,136129,9820,8508
3169833,136129,144637,1158,144637,8871,8508
3401833,144637,153145,1158,153145,8600,8508
3632833,153145,158817,1158,158817,6449,5672
3862833,158817,165907,1158,165907,7329,7090
4092833,165907,172997,1158,172997,7498,7090
4322833,172997,180087,1158,180087,8247,7090
4552833,180087,188595,1158,188595,9810,8508
4782833,188595,198521,1158,198521,11307,9926
5014833,198521,207029,1158,207029,9301,8508
5248833,207029,215537,1158,215537,9995,8508
5480833,216955,226881,1158,226881,10235,9926
5711833,226881,233971,1158,233971,7987,7090
5941833,233971,242479,2576,242479,11294,8508
6171833,242479,253823,1158,253823,11677,11344
6407833,255241,266585,1158,266585,11874,11344
6643833,266585,272257,1158,272257,6225,5672
6875833,272257,276511,1158,276511,4556,4254
7107833,276511,282183,1158,282183,6676,5672
7338833,282183,287855,1158,287855,7059,5672
7570833,287855,294945,1158,294945,8268,7090
7802833,294945,302035,1158,302035,7771,7090
8036833,302035,309125,1158,309125,8443,7090
8268833,309125,321887,1158,321887,13593,12762
8499833,321887,345993,1158,345993,25232,24106
8759833,337485,357337,1158,357337,18656,19852
9108833,363009,378607,2576,378607,18078,15598
9410833,381443,402713,1158,402713,21715,21270
9682833,399877,426819,1158,426819,27911,26942
10002833,419729,449507,1158,449507,30723,29778
10399833,445253,483539,1158,483539,37205,38286
10861833,475031,511899,1158,511899,35940,36868
11435833,513317,540259,1158,540259,28001,26942
12007833,550185,575709,1158,575709,25408,25524
12415833,577127,601233,1158,601233,22891,24106
12795833,602651,626757,1158,626757,25352,24106
13156833,625339,642355,1158,642355,16508,17016
13534833,650863,666461,1158,666461,16273,15598
13790833,666461,676387,1158,676387,10834,9926
14032833,677805,693403,1158,693403,16808,15598
14267833,693403,717509,1158,717509,24921,24106
14510833,709001,734525,1158,734525,26186,25524
14835833,730271,752959,1158,752959,21500,22688
15222833,755795,772811,1158,772811,18463,17016
15548833,775647,788409,1158,788409,13046,12762
15818833,789827,802589,1158,802589,13006,12762
16060833,802589,812515,1158,812515,11285,9926
16294833,813933,825277,1158,825277,11913,11344
16526833,825277,835203,1158,835203,10928,9926
16757833,835203,843711,1158,843711,9966,8508
16987833,843711,855055,1158,855055,12347,11344
17217833,855055,866399,2576,866399,13791,11344
17451833,866399,877743,1158,877743,11649,11344
17688833,877743,889087,1158,889087,11686,11344
17921833,890505,904685,1158,904685,15309,14180
18152833,904685,914611,1158,914611,11201,9926
18393833,914611,927373,1158,927373,13429,12762
18628833,927373,938717,1158,938717,11629,11344
18863833,938717,951479,1158,951479,13161,12762
19095833,951479,961405,1158,961405,11411,9926
19326833,961405,968495,1158,968495,8410,7090
19556833,968495,975585,1158,975585,8113,7090
19786833,975585,984093,1158,984093,9375,8508
20016833,984093,994019,1158,994019,11182,9926
20246833,994019,1009617,1158,1009617,16730,15598
20478833,1009617,1025215,1158,1025215,16512,15598
20738833,1026633,1042231,1158,1042231,16483,15598
20980833,1042231,1052157,1158,1052157,10752,9926
21218833,1052157,1064919,1158,1064919,13259,12762
21452833,1064919,1077681,1158,1077681,13593,12762
21687833,1077681,1089025,1158,1089025,11582,11344
21919833,1089025,1094697,1158,1094697,6749,5672
22150833,1094697,1104623,1158,1104623,10088,9926
22381833,1104623,1115967,1158,1115967,11945,11344
22619833,1115967,1125893,1158,1125893,11269,9926
22858833,1125893,1132983,1158,1132983,8176,7090
23092833,1132983,1140073,1158,1140073,7340,7090
23324833,1140073,1145745,1158,1145745,5785,5672
23555833,1147163,1155671,1158,1155671,8882,8508
23786833,1155671,1162761,2576,1162761,9298,7090
24018833,1164179,1174105,1158,1174105,10154,9926
24249833,1174105,1188285,1158,1188285,15076,14180
24483833,1188285,1208137,1158,1208137,21071,19852
24731833,1203883,1227989,1158,1227989,24608,24106
25029833,1223735,1243587,2576,1243587,21509,19852
25386833,1245005,1274783,1158,1274783,28697,29778
25726833,1269111,1286127,1158,1286127,17880,17016
26157833,1296053,1327249,1158,1327249,30859,31196
26509833,1320159,1342847,1158,1342847,22508,22688
26968833,1349937,1374043,1158,1374043,23995,24106
27333833,1374043,1391059,1158,1391059,18058,17016
27690833,1396731,1416583,1158,1416583,19235,19852
27973833,1416583,1433599,1158,1433599,18371,17016
28258833,1435017,1460541,1158,1460541,25685,25524
28526833,1450615,1480393,1158,1480393,28813,29778
28888833,1474721,1508753,1158,1508753,33905,34032
29318833,1501663,1524351,1158,1524351,21931,22688
29826833,1535695,1562637,1158,1562637,26175,26942
30214833,1562637,1586743,1158,1586743,25356,24106
30617833,1588161,1617939,1158,1617939,29165,29778
31002833,1613685,1642045,1158,1642045,28077,28360
31445833,1642045,1678913,1158,1678913,37202,36868
31876833,1668987,1687421,1158,1687421,18120,18434
32447833,1707273,1728543,1158,1728543,20645,21270
32779833,1729961,1745559,1158,1745559,16657,15598
33082833,1745559,1756903,1158,1756903,12819,11344
33336833,1758321,1771083,1158,1771083,13746,12762
33575833,1772501,1786681,1158,1786681,15523,14180
33814833,1786681,1800861,1158,1800861,15274,14180
34058833,1800861,1812205,1158,1812205,12625,11344
34292833,1812205,1820713,1158,1820713,8600,8508
34524833,1820713,1829221,1158,1829221,9048,8508
34755833,1830639,1839147,2576,1839147,11108,8508
34985833,1839147,1847655,1158,1847655,8688,8508
35215833,1847655,1856163,1158,1856163,9766,8508
35445833,1856163,1864671,1158,1864671,8648,8508
35675833,1864671,1870343,1158,1870343,5757,5672
35905833,1870343,1876015,1158,1876015,6319,5672
36135833,1876015,1884523,1158,1884523,9369,8508
36365833,1884523,1893031,1158,1893031,9917,8508
36597833,1893031,1902957,1158,1902957,10299,9926
36828833,1902957,1911465,1158,1911465,9395,8508
37062833,1911465,1924227,1158,1924227,13794,12762
37294833,1924227,1938407,1158,1938407,15487,14180
37537833,1938407,1949751,1158,1949751,12518,11344
37778833,1949751,1956841,1158,1956841,8065,7090
38013833,1958259,1968185,1158,1968185,10383,9926
38245833,1968185,1976693,1158,1976693,9719,8508
38478833,1976693,1985201,1158,1985201,8782,8508
38709833,1985201,1995127,1158,1995127,10741,9926
38939833,1995127,2006471,1158,2006471,12205,11344
39170833,2006471,2017815,1158,2017815,11441,11344
39403833,2017815,2031995,1158,2031995,14928,14180
39634833,2031995,2043339,1158,2043339,12831,11344
39876833,2043339,2063191,1158,2063191,20730,19852
40111833,2058937,2083043,1158,2083043,25560,24106
40409833,2078789,2102895,2576,2102895,25794,24106
40764833,2100059,2128419,1158,2128419,28282,28360
41159833,2127001,2156779,1158,2156779,29753,29778
41582833,2155361,2189393,2576,2189393,34688,34032
42031833,2182303,2212081,1158,2212081,29620,29778
42566833,2217753,2256039,1158,2256039,36926,38286
43043833,2248949,2278727,1158,2278727,28198,29778
43608833,2287235,2314177,2576,2314177,27107,26942
44046833,2315595,2336865,1158,2336865,20170,21270
44460833,2342537,2363807,1158,2363807,21839,21270
44789833,2365225,2379405,1158,2379405,14513,14180
45121833,2385077,2404929,1158,2404929,20127,19852
45391833,2403511,2419109,2576,2419109,17220,15598
45692833,2423363,2438961,1158,2438961,16312,15598
45957833,2438961,2450305,1158,2450305,12503,11344
46201833,2451723,2464485,1158,2464485,13542,12762
46436833,2464485,2477247,1158,2477247,13348,12762
46668833,2477247,2487173,1158,2487173,10442,9926
46899833,2487173,2497099,1158,2497099,10698,9926
47130833,2497099,2507025,1158,2507025,10417,9926
47360833,2507025,2516951,1158,2516951,10363,9926
47590833,2516951,2525459,1158,2525459,8692,8508
47820833,2525459,2536803,1158,2536803,12700,11344
48050833,2536803,2545311,1158,2545311,9718,8508
48283833,2545311,2550983,1158,2550983,6841,5672
48514833,2550983,2556655,1158,2556655,6468,5672
48745833,2556655,2562327,1158,2562327,6044,5672
48975833,2562327,2567999,1158,2567999,6803,5672
49205833,2567999,2573671,1158,2573671,7120,5672
49435833,2573671,2582179,1158,2582179,9748,8508
49665833,2582179,2592105,1158,2592105,10038,9926
49900833,2592105,2597777,1158,2597777,6450,5672
50137833,2597777,2602031,1158,2602031,5056,4254
50371833,2602031,2606285,1158,2606285,5197,4254
50604833,2606285,2614793,1158,2614793,9210,8508
50836833,2614793,2627555,1158,2627555,13996,12762
51076833,2628973,2644571,1158,2644571,16721,15598
51330833,2644571,2657333,1158,2657333,14078,12762
51588833,2658751,2677185,1158,2677185,18855,18434
51827833,2674349,2691365,1158,2691365,17214,17016
52100833,2691365,2704127,1158,2704127,12948,12762
52365833,2704127,2715471,1158,2715471,12300,11344
52607833,2716889,2731069,1158,2731069,15045,14180
52842833,2731069,2748085,1158,2748085,17617,17016
53086833,2746667,2767937,1158,2767937,22285,21270
53354833,2765101,2801969,1158,2801969,36625,36868
53667833,2783535,2818985,1158,2818985,32922,35450
54116833,2811895,2843091,1158,2843091,29621,31196
54647833,2848763,2877123,1158,2877123,28221,28360
55095833,2877123,2909737,1158,2909737,32152,32614
55525833,2904065,2932425,1158,2932425,26733,28360
56017833,2938097,2976383,1158,2976383,37126,38286
56447833,2965039,2990563,1158,2990563,25265,25524
57024833,3001907,3040193,1158,3040193,35744,38286
57499833,3033103,3079897,1158,3079897,44662,46794
58064833,3069971,3104003,1158,3104003,31987,34032
58762833,3116765,3152215,1158,3152215,34991,35450
59301833,3153633,3181993,1158,3181993,28990,28360
59848833,3189083,3220279,1158,3220279,30028,31196
