timestamp,unAck0,unAck1
611833,5672,5672
611833,5672,5672
829833,8508,5672
1052833,14180,1418
1284833,15598,1418
1564833,14180,1418
1825833,14180,1418
2068833,11344,1418
2306833,7090,1418
2539833,4254,1418
2771833,4254,1418
3002833,4254,1418
3233833,2836,1418
3463833,2836,1418
3693833,2836,1418
3923833,2836,1418
4153833,2836,1418
4383833,2836,1418
4613833,4254,1418
4843833,1418,1418
5075833,5672,1418
5307833,8508,1418
5550833,12762,1418
5793833,11344,1418
6057833,5672,1418
6299833,5672,1418
6536833,4254,1418
6770833,4254,1418
7003833,5672,1418
7235833,5672,1418
7466833,4254,1418
7696833,4254,1418
7926833,4254,1418
8156833,5672,1418
8388833,5672,1418
8619833,5672,1418
8850833,5672,1418
9080833,4254,1418
9310833,4254,1418
9540833,7090,1418
9770833,11344,1418
10004833,7090,1418
10258833,4254,1418
10500833,4254,1418
10738833,4254,1418
10973833,4254,1418
11207833,2836,1418
11439833,4254,1418
11671833,4254,1418
11904833,2836,1418
12136833,2836,1418
12368833,2836,1418
12599833,2836,1418
12830833,1418,1418
13061833,2836,1418
13291833,4254,1418
13524833,5672,1418
13756833,11344,1418
13991833,9926,1418
14259833,12762,1418
14504833,17016,1418
14749833,21270,1418
15032833,19852,1418
15365833,21270,1418
15700833,25524,1418
16053833,32614,1418
16467833,34032,1418
16987833,26942,1418
17554833,25524,1418
18001833,21270,1418
18431833,15598,0
18763833,9926,1418
19034833,4254,1418
19280833,5672,1418
19520833,4254,1418
19756833,2836,1418
19990833,2836,1418
20223833,2836,1418
20455833,1418,1418
20687833,2836,1418
20918833,2836,1418
21149833,4254,1418
21382833,5672,1418
21618833,11344,1418
21851833,14180,1418
22114833,9926,1418
22378833,8508,1418
22622833,9926,1418
22858833,8508,1418
23090833,5672,1418
23321833,4254,1418
23552833,4254,1418
23782833,5672,1418
24012833,2836,1418
24243833,4254,1418
24473833,4254,1418
24704833,5672,1418
24935833,2836,1418
25168833,2836,1418
25400833,4254,1418
25632833,4254,1418
25864833,2836,1418
26095833,2836,1418
26326833,4254,1418
26557833,2836,1418
26788833,1418,1418
27019833,2836,1418
27250833,1418,1418
27482833,2836,1418
27713833,2836,1418
27945833,1418,1418
28177833,4254,1418
28408833,2836,1418
28644833,2836,1418
28878833,4254,1418
29111833,2836,1418
29344833,2836,1418
29576833,4254,1418
29807833,2836,1418
30038833,2836,1418
30269833,4254,1418
30499833,8508,1418
30734833,15598,1418
30980833,24106,1418
31281833,24106,1418
31650833,21270,1418
32068833,12762,1418
32392833,9926,1418
32651833,8508,1418
32893833,8508,1418
33128833,15598,1418
33360833,15598,1418
33657833,9926,1418
33926833,5672,1418
34172833,4254,1418
34411833,2836,1418
34647833,2836,1418
34882833,2836,1418
35116833,2836,1418
35349833,2836,1418
35581833,2836,1418
35812833,2836,1418
36043833,2836,1418
36274833,2836,1418
36505833,4254,1418
36735833,4254,1418
36965833,9926,1418
37195833,12762,1418
37449833,15598,1418
37711833,12762,1418
37981833,9926,1418
38223833,8508,1418
38458833,5672,1418
38690833,5672,1418
38922833,5672,1418
39153833,7090,1418
39384833,4254,1418
39614833,8508,1418
39844833,7090,1418
40080833,7090,1418
40313833,8508,1418
40544833,5672,1418
40774833,2836,1418
41004833,7090,1418
41234833,8508,1418
41471833,9926,1418
41708833,12762,1418
41947833,11344,1418
42201833,9926,1418
42439833,4254,1418
42672833,8508,1418
42904833,12762,1418
43140833,8508,1418
43394833,7090,1418
43635833,5672,1418
43870833,7090,1418
44103833,4254,1418
44334833,5672,1418
44565833,7090,1418
44797833,5672,1418
45031833,4254,1418
45263833,4254,1418
45494833,4254,1418
45725833,4254,1418
45956833,5672,1418
46186833,4254,1418
46418833,2836,1418
46649833,2836,1418
46880833,4254,1418
47110833,7090,1418
47342833,8508,1418
47583833,4254,1418
47825833,4254,1418
48063833,2836,1418
48298833,5672,1418
48532833,5672,1418
48766833,5672,1418
48998833,2836,1418
49229833,2836,1418
49460833,2836,1418
49691833,4254,1418
49921833,2836,1418
50153833,2836,1418
50384833,4254,1418
50615833,5672,1418
50847833,2836,1418
51082833,8508,1418
51315833,8508,1418
51564833,7090,1418
51803833,5672,1418
52038833,7090,1418
52270833,7090,1418
52501833,9926,1418
52731833,7090,1418
52970833,7090,1418
53205833,5672,1418
53437833,5672,1418
53668833,9926,1418
53899833,11344,1418
54136833,7090,1418
54375833,7090,1418
54610833,8508,1418
54842833,7090,1418
55073833,7090,1418
55303833,8508,1418
55533833,9926,1418
55764833,8508,1418
55997833,7090,1418
56228833,5672,1418
56459833,4254,1418
56689833,4254,1418
56919833,2836,1418
57149833,4254,1418
57379833,2836,1418
57609833,4254,1418
57839833,7090,1418
58069833,9926,1418
58306833,8508,1418
58553833,7090,1418
58791833,5672,1418
59025833,4254,1418
59257833,2836,1418
59488833,7090,1418
59719833,2836,1418
59955833,4254,1418
