timestamp,rtt0,rtt1
611833,218,184
611833,218,184
829833,223,184
1052833,232,219
1284833,280,221
1564833,261,222
1825833,243,223
2068833,238,224
2306833,233,225
2539833,232,225
2771833,231,226
3002833,231,226
3233833,230,227
3463833,230,227
3693833,230,227
3923833,230,228
4153833,230,228
4383833,230,228
4613833,230,228
4843833,232,229
5075833,232,229
5307833,243,229
5550833,243,229
5793833,264,229
6057833,242,229
6299833,237,229
6536833,234,230
6770833,233,230
7003833,232,230
7235833,231,230
7466833,230,230
7696833,230,230
7926833,230,230
8156833,232,230
8388833,231,230
8619833,231,230
8850833,230,230
9080833,230,230
9310833,230,230
9540833,230,230
9770833,234,230
10004833,254,230
10258833,242,230
10500833,238,230
10738833,235,230
10973833,234,230
11207833,232,230
11439833,232,230
11671833,233,230
11904833,232,230
12136833,232,230
12368833,231,230
12599833,231,230
12830833,231,230
13061833,230,230
13291833,233,230
13524833,232,230
13756833,235,230
13991833,268,230
14259833,245,230
14504833,245,230
14749833,283,230
15032833,333,230
15365833,335,230
15700833,353,230
16053833,414,230
16467833,520,230
16987833,567,230
17554833,447,230
18001833,430,230
18431833,332,230
18763833,271,230
19034833,246,230
19280833,240,230
19520833,236,230
19756833,234,230
19990833,233,230
20223833,232,230
20455833,232,230
20687833,231,230
20918833,231,230
21149833,233,230
21382833,236,230
21618833,233,230
21851833,263,230
22114833,264,230
22378833,244,230
22622833,236,230
22858833,232,230
23090833,231,230
23321833,231,230
23552833,230,230
23782833,230,230
24012833,231,230
24243833,230,230
24473833,231,230
24704833,231,230
24935833,233,230
25168833,232,230
25400833,232,230
25632833,232,230
25864833,231,230
26095833,231,230
26326833,231,230
26557833,231,230
26788833,231,230
27019833,231,230
27250833,232,230
27482833,231,230
27713833,232,230
27945833,232,230
28177833,231,230
28408833,236,230
28644833,234,230
28878833,233,230
29111833,233,230
29344833,232,230
29576833,231,230
29807833,231,230
30038833,231,230
30269833,230,230
30499833,235,230
30734833,246,230
30980833,301,230
31281833,369,230
31650833,418,230
32068833,324,230
32392833,259,230
32651833,242,230
32893833,235,230
33128833,232,230
33360833,297,230
33657833,269,230
33926833,246,230
34172833,239,230
34411833,236,230
34647833,235,230
34882833,234,230
35116833,233,230
35349833,232,230
35581833,231,230
35812833,231,230
36043833,231,230
36274833,231,230
36505833,230,230
36735833,230,230
36965833,230,230
37195833,254,230
37449833,262,230
37711833,270,230
37981833,242,230
38223833,235,230
38458833,232,230
38690833,232,230
38922833,231,230
39153833,231,230
39384833,230,230
39614833,230,230
39844833,236,230
40080833,233,230
40313833,231,230
40544833,230,230
40774833,230,230
41004833,230,230
41234833,237,230
41471833,237,230
41708833,239,230
41947833,254,230
42201833,238,230
42439833,233,230
42672833,232,230
42904833,236,230
43140833,254,230
43394833,241,230
43635833,235,230
43870833,233,230
44103833,231,230
44334833,231,230
44565833,232,230
44797833,234,230
45031833,232,230
45263833,231,230
45494833,231,230
45725833,231,230
45956833,230,230
46186833,232,230
46418833,231,230
46649833,231,230
46880833,230,230
47110833,232,230
47342833,241,230
47583833,242,230
47825833,238,230
48063833,235,230
48298833,234,230
48532833,234,230
48766833,232,230
48998833,231,230
49229833,231,230
49460833,231,230
49691833,230,230
49921833,232,230
50153833,231,230
50384833,231,230
50615833,232,230
50847833,235,230
51082833,233,230
51315833,249,230
51564833,239,230
51803833,235,230
52038833,232,230
52270833,231,230
52501833,230,230
52731833,239,230
52970833,235,230
53205833,232,230
53437833,231,230
53668833,231,230
53899833,237,230
54136833,239,230
54375833,235,230
54610833,232,230
54842833,231,230
55073833,230,230
55303833,230,230
55533833,231,230
55764833,233,230
55997833,231,230
56228833,231,230
56459833,230,230
56689833,230,230
56919833,230,230
57149833,230,230
57379833,230,230
57609833,230,230
57839833,230,230
58069833,237,230
58306833,247,230
58553833,238,230
58791833,234,230
59025833,232,230
59257833,231,230
59488833,231,230
59719833,236,230
59955833,234,230
