timestamp,availableTxBuffer0,availableTxBuffer1
611833,246472,246472
611833,246472,246472
829833,243636,246472
1052833,237964,250726
1284833,236546,250726
1564833,237964,250726
1825833,237964,250726
2068833,240800,250726
2306833,245054,250726
2539833,247890,250726
2771833,247890,250726
3002833,247890,250726
3233833,249308,250726
3463833,249308,250726
3693833,249308,250726
3923833,249308,250726
4153833,249308,250726
4383833,249308,250726
4613833,247890,250726
4843833,250726,250726
5075833,246472,250726
5307833,243636,250726
5550833,239382,250726
5793833,240800,250726
6057833,246472,250726
6299833,246472,250726
6536833,247890,250726
6770833,247890,250726
7003833,246472,250726
7235833,246472,250726
7466833,247890,250726
7696833,247890,250726
7926833,247890,250726
8156833,246472,250726
8388833,246472,250726
8619833,246472,250726
8850833,246472,250726
9080833,247890,250726
9310833,247890,250726
9540833,245054,250726
9770833,240800,250726
10004833,245054,250726
10258833,247890,250726
10500833,247890,250726
10738833,247890,250726
10973833,247890,250726
11207833,249308,250726
11439833,247890,250726
11671833,247890,250726
11904833,249308,250726
12136833,249308,250726
12368833,249308,250726
12599833,249308,250726
12830833,250726,250726
13061833,249308,250726
13291833,247890,250726
13524833,246472,250726
13756833,240800,250726
13991833,242218,250726
14259833,239382,250726
14504833,235128,250726
14749833,230874,250726
15032833,232292,250726
15365833,230874,250726
15700833,226620,250726
16053833,219530,250726
16467833,218112,250726
16987833,225202,250726
17554833,226620,250726
18001833,230874,250726
18431833,236546,252144
18763833,242218,250726
19034833,247890,250726
19280833,246472,250726
19520833,247890,250726
19756833,249308,250726
19990833,249308,250726
20223833,249308,250726
20455833,250726,250726
20687833,249308,250726
20918833,249308,250726
21149833,247890,250726
21382833,246472,250726
21618833,240800,250726
21851833,237964,250726
22114833,242218,250726
22378833,243636,250726
22622833,242218,250726
22858833,243636,250726
23090833,246472,250726
23321833,247890,250726
23552833,247890,250726
23782833,246472,250726
24012833,249308,250726
24243833,247890,250726
24473833,247890,250726
24704833,246472,250726
24935833,249308,250726
25168833,249308,250726
25400833,247890,250726
25632833,247890,250726
25864833,249308,250726
26095833,249308,250726
26326833,247890,250726
26557833,249308,250726
26788833,250726,250726
27019833,249308,250726
27250833,250726,250726
27482833,249308,250726
27713833,249308,250726
27945833,250726,250726
28177833,247890,250726
28408833,249308,250726
28644833,249308,250726
28878833,247890,250726
29111833,249308,250726
29344833,249308,250726
29576833,247890,250726
29807833,249308,250726
30038833,249308,250726
30269833,247890,250726
30499833,243636,250726
30734833,236546,250726
30980833,228038,250726
31281833,228038,250726
31650833,230874,250726
32068833,239382,250726
32392833,242218,250726
32651833,243636,250726
32893833,243636,250726
33128833,236546,250726
33360833,236546,250726
33657833,242218,250726
33926833,246472,250726
34172833,247890,250726
34411833,249308,250726
34647833,249308,250726
34882833,249308,250726
35116833,249308,250726
35349833,249308,250726
35581833,249308,250726
35812833,249308,250726
36043833,249308,250726
36274833,249308,250726
36505833,247890,250726
36735833,247890,250726
36965833,242218,250726
37195833,239382,250726
37449833,236546,250726
37711833,239382,250726
37981833,242218,250726
38223833,243636,250726
38458833,246472,250726
38690833,246472,250726
38922833,246472,250726
39153833,245054,250726
39384833,247890,250726
39614833,243636,250726
39844833,245054,250726
40080833,245054,250726
40313833,243636,250726
40544833,246472,250726
40774833,249308,250726
41004833,245054,250726
41234833,243636,250726
41471833,242218,250726
41708833,239382,250726
41947833,240800,250726
42201833,242218,250726
42439833,247890,250726
42672833,243636,250726
42904833,239382,250726
43140833,243636,250726
43394833,245054,250726
43635833,246472,250726
43870833,245054,250726
44103833,247890,250726
44334833,246472,250726
44565833,245054,250726
44797833,246472,250726
45031833,247890,250726
45263833,247890,250726
45494833,247890,250726
45725833,247890,250726
45956833,246472,250726
46186833,247890,250726
46418833,249308,250726
46649833,249308,250726
46880833,247890,250726
47110833,245054,250726
47342833,243636,250726
47583833,247890,250726
47825833,247890,250726
48063833,249308,250726
48298833,246472,250726
48532833,246472,250726
48766833,246472,250726
48998833,249308,250726
49229833,249308,250726
49460833,249308,250726
49691833,247890,250726
49921833,249308,250726
50153833,249308,250726
50384833,247890,250726
50615833,246472,250726
50847833,249308,250726
51082833,243636,250726
51315833,243636,250726
51564833,245054,250726
51803833,246472,250726
52038833,245054,250726
52270833,245054,250726
52501833,242218,250726
52731833,245054,250726
52970833,245054,250726
53205833,246472,250726
53437833,246472,250726
53668833,242218,250726
53899833,240800,250726
54136833,245054,250726
54375833,245054,250726
54610833,243636,250726
54842833,245054,250726
55073833,245054,250726
55303833,243636,250726
55533833,242218,250726
55764833,243636,250726
55997833,245054,250726
56228833,246472,250726
56459833,247890,250726
56689833,247890,250726
56919833,249308,250726
57149833,247890,250726
57379833,249308,250726
57609833,247890,250726
57839833,245054,250726
58069833,242218,250726
58306833,243636,250726
58553833,245054,250726
58791833,246472,250726
59025833,247890,250726
59257833,249308,250726
59488833,245054,250726
59719833,249308,250726
59955833,247890,250726
