timestamp,cWnd0,cWnd1
611833,5672,5672
611833,9167,1500
829833,9167,1500
1052833,14535,1500
1284833,15856,1500
1564833,15269,1500
1825833,14649,1500
2068833,12713,1500
2306833,7854,1500
2539833,5040,1500
2771833,4689,1500
3002833,5412,1500
3233833,3339,1500
3463833,3557,1500
3693833,4010,1500
3923833,3459,1500
4153833,4148,1500
4383833,4018,1500
4613833,4488,1500
4843833,3653,1500
5075833,7306,1500
5307833,8624,1500
5550833,13053,1500
5793833,11749,1500
6057833,6353,1500
6299833,5988,1500
6536833,5078,1500
6770833,5619,1500
7003833,6261,1500
7235833,5774,1500
7466833,5483,1500
7696833,5155,1500
7926833,5744,1500
8156833,6032,1500
8388833,5837,1500
8619833,6499,1500
8850833,5753,1500
9080833,4753,1500
9310833,5602,1500
9540833,7321,1500
9770833,12084,1500
10004833,8413,1500
10258833,5188,1500
10500833,4826,1500
10738833,4315,1500
10973833,5135,1500
11207833,3974,1500
11439833,6774,1500
11671833,4532,1500
11904833,2966,1500
12136833,3334,1500
12368833,3853,1500
12599833,3914,1500
12830833,2810,1500
13061833,4967,1500
13291833,4683,1500
13524833,6801,1500
13756833,11701,1500
13991833,10646,1500
14259833,13628,1500
14504833,17170,1500
14749833,21929,1500
15032833,21044,1500
15365833,22661,1500
15700833,25800,1500
16053833,33261,1500
16467833,35370,1500
16987833,27131,1500
17554833,25749,1500
18001833,22073,1500
18431833,16429,1500
18763833,10724,1500
19034833,5254,1500
19280833,6946,1500
19520833,4762,1500
19756833,3890,1500
19990833,3353,1500
20223833,4043,1500
20455833,2598,1500
20687833,3737,1500
20918833,5414,1500
21149833,6476,1500
21382833,5772,1500
21618833,11398,1500
21851833,14819,1500
22114833,10282,1500
22378833,9288,1500
22622833,10451,1500
22858833,8546,1500
23090833,6668,1500
23321833,4502,1500
23552833,5456,1500
23782833,6999,1500
24012833,4236,1500
24243833,4362,1500
24473833,4982,1500
24704833,6306,1500
24935833,3942,1500
25168833,3542,1500
25400833,4723,1500
25632833,5463,1500
25864833,3161,1500
26095833,4100,1500
26326833,4430,1500
26557833,3757,1500
26788833,2573,1500
27019833,3838,1500
27250833,2674,1500
27482833,2991,1500
27713833,3534,1500
27945833,2497,1500
28177833,4283,1500
28408833,2840,1500
28644833,3695,1500
28878833,5322,1500
29111833,4144,1500
29344833,4481,1500
29576833,5101,1500
29807833,4606,1500
30038833,4704,1500
30269833,5804,1500
30499833,9575,1500
30734833,16699,1500
30980833,24673,1500
31281833,26580,1500
31650833,21649,1500
32068833,14255,1500
32392833,10905,1500
32651833,9532,1500
32893833,8878,1500
33128833,15896,1500
33360833,16349,1500
33657833,10064,1500
33926833,5997,1500
34172833,5282,1500
34411833,4060,1500
34647833,3578,1500
34882833,3395,1500
35116833,4013,1500
35349833,3790,1500
35581833,3587,1500
35812833,5310,1500
36043833,4165,1500
36274833,3632,1500
36505833,4709,1500
36735833,5442,1500
36965833,10048,1500
37195833,13607,1500
37449833,15631,1500
37711833,13720,1500
37981833,11119,1500
38223833,8571,1500
38458833,5809,1500
38690833,7047,1500
38922833,6154,1500
39153833,7791,1500
39384833,6256,1500
39614833,9452,1500
39844833,7831,1500
40080833,7758,1500
40313833,8592,1500
40544833,6517,1500
40774833,5610,1500
41004833,8075,1500
41234833,8828,1500
41471833,11012,1500
41708833,13108,1500
41947833,11522,1500
42201833,11255,1500
42439833,5577,1500
42672833,8660,1500
42904833,12958,1500
43140833,8893,1500
43394833,7843,1500
43635833,6111,1500
43870833,8214,1500
44103833,5169,1500
44334833,6906,1500
44565833,7724,1500
44797833,7087,1500
45031833,5357,1500
45263833,4532,1500
45494833,5492,1500
45725833,5251,1500
45956833,5825,1500
46186833,4419,1500
46418833,3916,1500
46649833,4134,1500
46880833,4606,1500
47110833,7462,1500
47342833,8511,1500
47583833,5217,1500
47825833,5994,1500
48063833,3461,1500
48298833,6369,1500
48532833,5820,1500
48766833,6526,1500
48998833,3468,1500
49229833,3763,1500
49460833,3622,1500
49691833,5147,1500
49921833,3982,1500
50153833,3070,1500
50384833,4939,1500
50615833,5714,1500
50847833,4246,1500
51082833,9136,1500
51315833,9188,1500
51564833,7963,1500
51803833,6294,1500
52038833,7474,1500
52270833,7409,1500
52501833,10063,1500
52731833,7953,1500
52970833,7542,1500
53205833,6518,1500
53437833,6164,1500
53668833,10637,1500
53899833,11586,1500
54136833,7506,1500
54375833,8417,1500
54610833,9409,1500
54842833,7287,1500
55073833,7974,1500
55303833,9116,1500
55533833,10511,1500
55764833,9540,1500
55997833,8252,1500
56228833,6695,1500
56459833,4573,1500
56689833,4513,1500
56919833,4412,1500
57149833,4533,1500
57379833,4021,1500
57609833,4491,1500
57839833,7410,1500
58069833,10972,1500
58306833,9367,1500
58553833,7582,1500
58791833,5811,1500
59025833,4622,1500
59257833,4139,1500
59488833,7108,1500
59719833,4340,1500
59955833,4796,1500
