timestamp,rWnd0,rWnd1
611833,1073725440,1073725440
611833,1073725440,1073725440
829833,1073725440,1073725440
1052833,1073725440,1073725440
1284833,1073725440,1073725440
1564833,1073725440,1073725440
1825833,1073725440,1073725440
2068833,1073725440,1073725440
2306833,1073725440,1073725440
2539833,1073725440,1073725440
2771833,1073725440,1073725440
3002833,1073725440,1073725440
3233833,1073725440,1073725440
3463833,1073725440,1073725440
3693833,1073725440,1073725440
3923833,1073725440,1073725440
4153833,1073725440,1073725440
4383833,1073725440,1073725440
4613833,1073725440,1073725440
4843833,1073725440,1073725440
5075833,1073725440,1073725440
5307833,1073725440,1073725440
5550833,1073725440,1073725440
5793833,1073725440,1073725440
6057833,1073725440,1073725440
6299833,1073725440,1073725440
6536833,1073725440,1073725440
6770833,1073725440,1073725440
7003833,1073725440,1073725440
7235833,1073725440,1073725440
7466833,1073725440,1073725440
7696833,1073725440,1073725440
7926833,1073725440,1073725440
8156833,1073725440,1073725440
8388833,1073725440,1073725440
8619833,1073725440,1073725440
8850833,1073725440,1073725440
9080833,1073725440,1073725440
9310833,1073725440,1073725440
9540833,1073725440,1073725440
9770833,1073725440,1073725440
10004833,1073725440,1073725440
10258833,1073725440,1073725440
10500833,1073725440,1073725440
10738833,1073725440,1073725440
10973833,1073725440,1073725440
11207833,1073725440,1073725440
11439833,1073725440,1073725440
11671833,1073725440,1073725440
11904833,1073725440,1073725440
12136833,1073725440,1073725440
12368833,1073725440,1073725440
12599833,1073725440,1073725440
12830833,1073725440,1073725440
13061833,1073725440,1073725440
13291833,1073725440,1073725440
13524833,1073725440,1073725440
13756833,1073725440,1073725440
13991833,1073725440,1073725440
14259833,1073725440,1073725440
14504833,1073725440,1073725440
14749833,1073725440,1073725440
15032833,1073725440,1073725440
15365833,1073725440,1073725440
15700833,1073725440,1073725440
16053833,1073725440,1073725440
16467833,1073725440,1073725440
16987833,1073725440,1073725440
17554833,1073725440,1073725440
18001833,1073725440,1073725440
18431833,1073725440,1073725440
18763833,1073725440,1073725440
19034833,1073725440,1073725440
19280833,1073725440,1073725440
19520833,1073725440,1073725440
19756833,1073725440,1073725440
19990833,1073725440,1073725440
20223833,1073725440,1073725440
20455833,1073725440,1073725440
20687833,1073725440,1073725440
20918833,1073725440,1073725440
21149833,1073725440,1073725440
21382833,1073725440,1073725440
21618833,1073725440,1073725440
21851833,1073725440,1073725440
22114833,1073725440,1073725440
22378833,1073725440,1073725440
22622833,1073725440,1073725440
22858833,1073725440,1073725440
23090833,1073725440,1073725440
23321833,1073725440,1073725440
23552833,1073725440,1073725440
23782833,1073725440,1073725440
24012833,1073725440,1073725440
24243833,1073725440,1073725440
24473833,1073725440,1073725440
24704833,1073725440,1073725440
24935833,1073725440,1073725440
25168833,1073725440,1073725440
25400833,1073725440,1073725440
25632833,1073725440,1073725440
25864833,1073725440,1073725440
26095833,1073725440,1073725440
26326833,1073725440,1073725440
26557833,1073725440,1073725440
26788833,1073725440,1073725440
27019833,1073725440,1073725440
27250833,1073725440,1073725440
27482833,1073725440,1073725440
27713833,1073725440,1073725440
27945833,1073725440,1073725440
28177833,1073725440,1073725440
28408833,1073725440,1073725440
28644833,1073725440,1073725440
28878833,1073725440,1073725440
29111833,1073725440,1073725440
29344833,1073725440,1073725440
29576833,1073725440,1073725440
29807833,1073725440,1073725440
30038833,1073725440,1073725440
30269833,1073725440,1073725440
30499833,1073725440,1073725440
30734833,1073725440,1073725440
30980833,1073725440,1073725440
31281833,1073725440,1073725440
31650833,1073725440,1073725440
32068833,1073725440,1073725440
32392833,1073725440,1073725440
32651833,1073725440,1073725440
32893833,1073725440,1073725440
33128833,1073725440,1073725440
33360833,1073725440,1073725440
33657833,1073725440,1073725440
33926833,1073725440,1073725440
34172833,1073725440,1073725440
34411833,1073725440,1073725440
34647833,1073725440,1073725440
34882833,1073725440,1073725440
35116833,1073725440,1073725440
35349833,1073725440,1073725440
35581833,1073725440,1073725440
35812833,1073725440,1073725440
36043833,1073725440,1073725440
36274833,1073725440,1073725440
36505833,1073725440,1073725440
36735833,1073725440,1073725440
36965833,1073725440,1073725440
37195833,1073725440,1073725440
37449833,1073725440,1073725440
37711833,1073725440,1073725440
37981833,1073725440,1073725440
38223833,1073725440,1073725440
38458833,1073725440,1073725440
38690833,1073725440,1073725440
38922833,1073725440,1073725440
39153833,1073725440,1073725440
39384833,1073725440,1073725440
39614833,1073725440,1073725440
39844833,1073725440,1073725440
40080833,1073725440,1073725440
40313833,1073725440,1073725440
40544833,1073725440,1073725440
40774833,1073725440,1073725440
41004833,1073725440,1073725440
41234833,1073725440,1073725440
41471833,1073725440,1073725440
41708833,1073725440,1073725440
41947833,1073725440,1073725440
42201833,1073725440,1073725440
42439833,1073725440,1073725440
42672833,1073725440,1073725440
42904833,1073725440,1073725440
43140833,1073725440,1073725440
43394833,1073725440,1073725440
43635833,1073725440,1073725440
43870833,1073725440,1073725440
44103833,1073725440,1073725440
44334833,1073725440,1073725440
44565833,1073725440,1073725440
44797833,1073725440,1073725440
45031833,1073725440,1073725440
45263833,1073725440,1073725440
45494833,1073725440,1073725440
45725833,1073725440,1073725440
45956833,1073725440,1073725440
46186833,1073725440,1073725440
46418833,1073725440,1073725440
46649833,1073725440,1073725440
46880833,1073725440,1073725440
47110833,1073725440,1073725440
47342833,1073725440,1073725440
47583833,1073725440,1073725440
47825833,1073725440,1073725440
48063833,1073725440,1073725440
48298833,1073725440,1073725440
48532833,1073725440,1073725440
48766833,1073725440,1073725440
48998833,1073725440,1073725440
49229833,1073725440,1073725440
49460833,1073725440,1073725440
49691833,1073725440,1073725440
49921833,1073725440,1073725440
50153833,1073725440,1073725440
50384833,1073725440,1073725440
50615833,1073725440,1073725440
50847833,1073725440,1073725440
51082833,1073725440,1073725440
51315833,1073725440,1073725440
51564833,1073725440,1073725440
51803833,1073725440,1073725440
52038833,1073725440,1073725440
52270833,1073725440,1073725440
52501833,1073725440,1073725440
52731833,1073725440,1073725440
52970833,1073725440,1073725440
53205833,1073725440,1073725440
53437833,1073725440,1073725440
53668833,1073725440,1073725440
53899833,1073725440,1073725440
54136833,1073725440,1073725440
54375833,1073725440,1073725440
54610833,1073725440,1073725440
54842833,1073725440,1073725440
55073833,1073725440,1073725440
55303833,1073725440,1073725440
55533833,1073725440,1073725440
55764833,1073725440,1073725440
55997833,1073725440,1073725440
56228833,1073725440,1073725440
56459833,1073725440,1073725440
56689833,1073725440,1073725440
56919833,1073725440,1073725440
57149833,1073725440,1073725440
57379833,1073725440,1073725440
57609833,1073725440,1073725440
57839833,1073725440,1073725440
58069833,1073725440,1073725440
58306833,1073725440,1073725440
58553833,1073725440,1073725440
58791833,1073725440,1073725440
59025833,1073725440,1073725440
59257833,1073725440,1073725440
59488833,1073725440,1073725440
59719833,1073725440,1073725440
59955833,1073725440,1073725440
