timestamp,lastAckedSeq,highTxMark,availableTxBuffer,nextTxSeq,totalCwnd,unAckMeta
611833,5673,17017,1158,17017,11344,11344
611833,5673,17017,1158,17017,10667,11344
829833,11345,25525,1158,25525,10667,14180
1052833,25525,41123,1158,41123,16035,15598
1284833,41123,58139,1158,58139,17356,17016
1564833,59557,75155,1158,75155,16769,15598
1825833,76573,92171,1158,92171,16149,15598
2068833,92171,104933,1158,104933,14213,12762
2306833,104933,113441,1158,113441,9354,8508
2539833,113441,119113,1158,119113,6540,5672
2771833,119113,124785,1158,124785,6189,5672
3002833,124785,130457,1158,130457,6912,5672
3233833,130457,134711,1158,134711,4839,4254
3463833,134711,138965,1158,138965,5057,4254
3693833,138965,143219,1158,143219,5510,4254
3923833,143219,147473,1158,147473,4959,4254
4153833,147473,151727,1158,151727,5648,4254
4383833,151727,155981,1158,155981,5518,4254
4613833,155981,161653,1158,161653,5988,5672
4843833,161653,164489,2576,164489,5153,2836
5075833,165907,172997,2576,172997,8806,7090
5307833,174415,184341,1158,184341,10124,9926
5550833,184341,198521,1158,198521,14553,14180
5793833,198521,211283,1158,211283,13249,12762
6057833,212701,219791,1158,219791,7853,7090
6299833,219791,226881,1158,226881,7488,7090
6536833,226881,232553,1158,232553,6578,5672
6770833,232553,238225,1158,238225,7119,5672
7003833,239643,246733,1158,246733,7761,7090
7235833,246733,253823,1158,253823,7274,7090
7466833,253823,259495,1158,259495,6983,5672
7696833,259495,265167,1158,265167,6655,5672
7926833,265167,270839,2576,270839,7244,5672
8156833,270839,277929,1158,277929,7532,7090
8388833,277929,285019,1158,285019,7337,7090
8619833,285019,292109,1158,292109,7999,7090
8850833,292109,299199,1158,299199,7253,7090
9080833,299199,304871,1158,304871,6253,5672
9310833,304871,310543,1158,310543,7102,5672
9540833,310543,319051,1158,319051,8821,8508
9770833,319051,331813,1158,331813,13584,12762
10004833,331813,340321,1158,340321,9913,8508
10258833,340321,345993,1158,345993,6688,5672
10500833,345993,351665,1158,351665,6326,5672
10738833,351665,357337,1158,357337,5815,5672
10973833,357337,363009,1158,363009,6635,5672
11207833,363009,367263,1158,367263,5474,4254
11439833,368681,374353,2576,374353,8274,5672
11671833,374353,380025,1158,380025,6032,5672
11904833,380025,384279,1158,384279,4466,4254
12136833,384279,388533,1158,388533,4834,4254
12368833,388533,392787,1158,392787,5353,4254
12599833,392787,397041,1158,397041,5414,4254
12830833,397041,399877,1158,399877,4310,2836
13061833,401295,405549,2576,405549,6467,4254
13291833,405549,411221,1158,411221,6183,5672
13524833,412639,419729,1158,419729,8301,7090
13756833,419729,432491,1158,432491,13201,12762
13991833,432491,443835,1158,443835,12146,11344
14259833,445253,459433,1158,459433,15128,14180
14504833,460851,479285,1158,479285,18670,18434
14749833,476449,499137,1158,499137,23429,22688
15032833,494883,516153,1158,516153,22544,21270
15365833,516153,540259,1158,540259,24161,24106
15700833,538841,565783,1158,565783,27300,26942
16053833,561529,596979,1158,596979,34761,35450
16467833,587053,623921,1158,623921,36870,36868
16987833,621085,650863,1158,650863,28631,29778
17554833,659371,687731,1158,687731,27249,28360
18001833,687731,711837,1158,711837,23573,24106
18431833,716091,733107,1158,733107,17929,17016
18763833,735943,747287,1158,747287,12224,11344
19034833,747287,752959,1158,752959,6754,5672
19280833,754377,761467,1158,761467,8446,7090
19520833,761467,767139,1158,767139,6262,5672
19756833,767139,771393,1158,771393,5390,4254
19990833,771393,775647,1158,775647,4853,4254
20223833,775647,779901,1158,779901,5543,4254
20455833,779901,782737,1158,782737,4098,2836
20687833,784155,788409,1158,788409,5237,4254
20918833,788409,792663,2576,792663,6914,4254
21149833,794081,799753,2576,799753,7976,5672
21382833,801171,808261,1158,808261,7272,7090
21618833,808261,821023,1158,821023,12898,12762
21851833,821023,836621,1158,836621,16319,15598
22114833,836621,847965,1158,847965,11782,11344
22378833,847965,857891,1158,857891,10788,9926
22622833,860727,872071,1158,872071,11951,11344
22858833,872071,881997,1158,881997,10046,9926
23090833,881997,889087,1158,889087,8168,7090
23321833,889087,894759,1158,894759,6002,5672
23552833,894759,900431,1158,900431,6956,5672
23782833,900431,907521,1158,907521,8499,7090
24012833,907521,911775,1158,911775,5736,4254
24243833,911775,917447,1158,917447,5862,5672
24473833,917447,923119,1158,923119,6482,5672
24704833,923119,930209,1158,930209,7806,7090
24935833,930209,934463,1158,934463,5442,4254
25168833,934463,938717,1158,938717,5042,4254
25400833,938717,944389,1158,944389,6223,5672
25632833,944389,950061,1158,950061,6963,5672
25864833,950061,954315,1158,954315,4661,4254
26095833,954315,958569,1158,958569,5600,4254
26326833,958569,964241,1158,964241,5930,5672
26557833,964241,968495,1158,968495,5257,4254
26788833,968495,971331,1158,971331,4073,2836
27019833,971331,975585,1158,975585,5338,4254
27250833,975585,978421,1158,978421,4174,2836
27482833,978421,982675,1158,982675,4491,4254
27713833,982675,986929,1158,986929,5034,4254
27945833,986929,989765,1158,989765,3997,2836
28177833,989765,995437,1158,995437,5783,5672
28408833,995437,999691,1158,999691,4340,4254
28644833,999691,1003945,1158,1003945,5195,4254
28878833,1003945,1009617,1158,1009617,6822,5672
29111833,1009617,1013871,1158,1013871,5644,4254
29344833,1015289,1019543,2576,1019543,5981,4254
29576833,1020961,1026633,1158,1026633,6601,5672
29807833,1026633,1030887,2576,1030887,6106,4254
30038833,1032305,1036559,2576,1036559,6204,4254
30269833,1037977,1043649,2576,1043649,7304,5672
30499833,1043649,1053575,1158,1053575,11075,9926
30734833,1054993,1072009,1158,1072009,18199,17016
30980833,1070591,1096115,1158,1096115,26173,25524
31281833,1089025,1115967,2576,1115967,28080,26942
31650833,1113131,1135819,1158,1135819,23149,22688
32068833,1141491,1155671,2576,1155671,15755,14180
32392833,1158507,1169851,1158,1169851,12405,11344
32651833,1169851,1179777,1158,1179777,11032,9926
32893833,1181195,1191121,1158,1191121,10378,9926
33128833,1191121,1208137,1158,1208137,17396,17016
33360833,1206719,1223735,1158,1223735,17849,17016
33657833,1223735,1235079,1158,1235079,11564,11344
33926833,1235079,1242169,1158,1242169,7497,7090
34172833,1242169,1247841,1158,1247841,6782,5672
34411833,1247841,1252095,1158,1252095,5560,4254
34647833,1252095,1256349,1158,1256349,5078,4254
34882833,1256349,1260603,1158,1260603,4895,4254
35116833,1260603,1264857,1158,1264857,5513,4254
35349833,1264857,1269111,1158,1269111,5290,4254
35581833,1269111,1273365,1158,1273365,5087,4254
35812833,1274783,1279037,2576,1279037,6810,4254
36043833,1279037,1283291,1158,1283291,5665,4254
36274833,1283291,1287545,1158,1287545,5132,4254
36505833,1288963,1294635,1158,1294635,6209,5672
36735833,1293217,1298889,1158,1298889,6942,5672
36965833,1298889,1310233,1158,1310233,11548,11344
37195833,1310233,1324413,1158,1324413,15107,14180
37449833,1325831,1342847,1158,1342847,17131,17016
37711833,1342847,1357027,1158,1357027,15220,14180
37981833,1357027,1368371,1158,1368371,12619,11344
38223833,1368371,1378297,1158,1378297,10071,9926
38458833,1378297,1385387,1158,1385387,7309,7090
38690833,1385387,1392477,1158,1392477,8547,7090
38922833,1392477,1399567,1158,1399567,7654,7090
39153833,1400985,1409493,1158,1409493,9291,8508
39384833,1409493,1415165,2576,1415165,7756,5672
39614833,1415165,1425091,1158,1425091,10952,9926
39844833,1425091,1433599,1158,1433599,9331,8508
40080833,1433599,1442107,1158,1442107,9258,8508
40313833,1443525,1453451,1158,1453451,10092,9926
40544833,1453451,1460541,1158,1460541,8017,7090
40774833,1460541,1464795,2576,1464795,7110,4254
41004833,1464795,1473303,1158,1473303,9575,8508
41234833,1473303,1483229,1158,1483229,10328,9926
41471833,1484647,1495991,1158,1495991,12512,11344
41708833,1495991,1510171,1158,1510171,14608,14180
41947833,1510171,1522933,1158,1522933,13022,12762
42201833,1522933,1534277,1158,1534277,12755,11344
42439833,1535695,1541367,1158,1541367,7077,5672
42672833,1542785,1552711,1158,1552711,10160,9926
42904833,1552711,1566891,1158,1566891,14458,14180
43140833,1566891,1576817,1158,1576817,10393,9926
43394833,1576817,1585325,1158,1585325,9343,8508
43635833,1585325,1592415,1158,1592415,7611,7090
43870833,1593833,1602341,1158,1602341,9714,8508
44103833,1602341,1608013,1158,1608013,6669,5672
44334833,1608013,1615103,1158,1615103,8406,7090
44565833,1615103,1623611,1158,1623611,9224,8508
44797833,1623611,1630701,1158,1630701,8587,7090
45031833,1630701,1636373,1158,1636373,6857,5672
45263833,1636373,1642045,1158,1642045,6032,5672
45494833,1642045,1647717,1158,1647717,6992,5672
45725833,1647717,1653389,1158,1653389,6751,5672
45956833,1653389,1660479,1158,1660479,7325,7090
46186833,1660479,1666151,1158,1666151,5919,5672
46418833,1666151,1670405,1158,1670405,5416,4254
46649833,1670405,1674659,1158,1674659,5634,4254
46880833,1674659,1680331,1158,1680331,6106,5672
47110833,1680331,1688839,1158,1688839,8962,8508
47342833,1688839,1698765,1158,1698765,10011,9926
47583833,1698765,1704437,1158,1704437,6717,5672
47825833,1705855,1711527,2576,1711527,7494,5672
48063833,1711527,1715781,1158,1715781,4961,4254
48298833,1717199,1724289,1158,1724289,7869,7090
48532833,1724289,1731379,1158,1731379,7320,7090
48766833,1731379,1738469,1158,1738469,8026,7090
48998833,1738469,1742723,1158,1742723,4968,4254
49229833,1742723,1746977,1158,1746977,5263,4254
49460833,1746977,1751231,1158,1751231,5122,4254
49691833,1751231,1756903,1158,1756903,6647,5672
49921833,1756903,1761157,1158,1761157,5482,4254
50153833,1761157,1765411,1158,1765411,4570,4254
50384833,1765411,1771083,1158,1771083,6439,5672
50615833,1771083,1778173,1158,1778173,7214,7090
50847833,1778173,1782427,1158,1782427,5746,4254
51082833,1782427,1792353,1158,1792353,10636,9926
51315833,1792353,1802279,1158,1802279,10688,9926
51564833,1802279,1810787,1158,1810787,9463,8508
51803833,1810787,1817877,1158,1817877,7794,7090
52038833,1819295,1827803,1158,1827803,8974,8508
52270833,1827803,1836311,1158,1836311,8909,8508
52501833,1836311,1847655,1158,1847655,11563,11344
52731833,1847655,1856163,1158,1856163,9453,8508
52970833,1856163,1864671,1158,1864671,9042,8508
53205833,1864671,1871761,1158,1871761,8018,7090
53437833,1871761,1878851,1158,1878851,7664,7090
53668833,1878851,1890195,1158,1890195,12137,11344
53899833,1890195,1902957,1158,1902957,13086,12762
54136833,1902957,1911465,1158,1911465,9006,8508
54375833,1911465,1919973,1158,1919973,9917,8508
54610833,1921391,1931317,1158,1931317,10909,9926
54842833,1931317,1939825,1158,1939825,8787,8508
55073833,1939825,1948333,1158,1948333,9474,8508
55303833,1948333,1958259,1158,1958259,10616,9926
55533833,1958259,1969603,1158,1969603,12011,11344
55764833,1969603,1979529,1158,1979529,11040,9926
55997833,1979529,1988037,1158,1988037,9752,8508
56228833,1988037,1995127,1158,1995127,8195,7090
56459833,1995127,2000799,1158,2000799,6073,5672
56689833,2000799,2006471,1158,2006471,6013,5672
56919833,2006471,2010725,2576,2010725,5912,4254
57149833,2010725,2016397,1158,2016397,6033,5672
57379833,2016397,2020651,1158,2020651,5521,4254
57609833,2020651,2026323,1158,2026323,5991,5672
57839833,2026323,2034831,1158,2034831,8910,8508
58069833,2034831,2046175,1158,2046175,12472,11344
58306833,2046175,2056101,1158,2056101,10867,9926
58553833,2056101,2064609,1158,2064609,9082,8508
58791833,2064609,2071699,1158,2071699,7311,7090
59025833,2071699,2077371,1158,2077371,6122,5672
59257833,2077371,2081625,1158,2081625,5639,4254
59488833,2083043,2091551,1158,2091551,8608,8508
59719833,2091551,2095805,2576,2095805,5840,4254
59955833,2097223,2102895,1158,2102895,6296,5672
