timestamp,unAck0,unAck1
611833,5672,5672
611833,5672,5672
829833,26942,5672
1052833,39704,1418
1361833,35450,1418
1841833,17016,1418
2454833,19852,1418
2797833,19852,1418
3131833,15598,1418
3464833,34032,1418
3746833,19852,1418
4201833,21270,1418
4629833,17016,1418
4968833,15598,0
5256833,19852,1418
5523833,17016,1418
5841833,19852,1418
6137833,21270,1418
6462833,21270,1418
6812833,26942,1418
7168833,22688,1418
7603833,28360,1418
8016833,22688,1418
8485833,24106,1418
8884833,12762,1418
9288833,9926,1418
9549833,14180,1418
9792833,18434,1418
10041833,28360,1418
10332833,18434,1418
10730833,19852,1418
11097833,15598,1418
11443833,11344,1418
11712833,9926,1418
11956833,12762,1418
12191833,14180,1418
12436833,15598,1418
12684833,12762,1418
12958833,11344,1418
13204833,11344,1418
13439833,11344,1418
13671833,14180,1418
13902833,8508,1418
14161833,14180,1418
14405833,14180,1418
14653833,21270,1418
14893833,26942,1418
15207833,28360,1418
15607833,32614,1418
16072833,29778,1418
16609833,21270,1418
17094833,15598,1418
17413833,15598,1418
17683833,19852,1418
17946833,14180,1418
18259833,15598,0
18524833,12762,1418
18786833,26942,1418
19028833,32614,1418
19390833,35450,1418
19872833,28360,1418
20452833,48212,1418
20958833,25524,1418
21738833,35450,1418
22319833,26942,1418
22914833,45376,1418
23422833,52466,1418
24183833,42540,1418
25056833,28360,1418
25642833,39704,1418
26152833,32614,1418
26808833,28360,1418
27327833,28360,0
27806833,26942,0
28282833,19852,0
28721833,21270,1418
29072833,29778,1418
29428833,31196,1418
29895833,24106,1418
30412833,26942,1418
30844833,39704,1418
31294833,45376,1418
31925833,100678,1418
32674833,110604,1418
33872833,56720,1418
35668833,38286,1418
36316833,35450,1418
36959833,28360,1418
37527833,38286,1418
38030833,21270,1418
38664833,19852,1418
39022833,15598,0
39349833,15598,1418
39620833,8508,1418
39883833,9926,1418
40127833,9926,1418
40363833,15598,1418
40595833,15598,1418
40857833,17016,1418
41118833,24106,1418
41397833,18434,1418
41759833,29778,1418
42093833,18434,1418
42555833,29778,1418
42951833,18434,1418
43438833,22688,1418
43820833,19852,1418
44222833,31196,1418
44571833,34032,1418
45063833,42540,1418
45623833,28360,1418
46322833,42540,1418
46899833,32614,1418
47609833,25524,0
48097833,19852,1418
48497833,26942,1418
48845833,17016,1418
49281833,17016,0
49590833,9926,1418
49880833,11344,1418
50128833,14180,1418
50365833,15598,1418
50619833,12762,1418
50878833,14180,1418
51118833,11344,1418
51356833,34032,1418
51589833,22688,1418
51937833,8508,1418
52470833,12762,1418
52743833,11344,1418
52985833,8508,1418
53219833,7090,1418
53451833,11344,1418
53682833,9926,1418
53918833,21270,1418
54150833,12762,1418
54474833,19852,1418
54765833,17016,1418
55093833,17016,1418
55387833,19852,1418
55674833,12762,1418
55996833,12762,1418
56251833,8508,1418
56489833,4254,1418
56723833,2836,1418
56955833,4254,1418
57187833,5672,1418
57418833,4254,1418
57651833,5672,1418
57883833,7090,1418
58116833,9926,1418
58351833,5672,1418
58594833,5672,1418
58832833,8508,1418
59066833,12762,1418
59300833,9926,1418
59549833,11344,1418
59788833,18434,1418
