timestamp,cWnd0,cWnd1
611833,5672,5672
611833,27935,1500
829833,27935,1500
1052833,39720,1500
1361833,36196,1500
1841833,18243,1500
2454833,20950,1500
2797833,20243,1500
3131833,16320,1500
3464833,34590,1500
3746833,21198,1500
4201833,22176,1500
4629833,17805,1500
4968833,15897,1500
5256833,19943,1500
5523833,17573,1500
5841833,20617,1500
6137833,22020,1500
6462833,21398,1500
6812833,27277,1500
7168833,24371,1500
7603833,29450,1500
8016833,23746,1500
8485833,25447,1500
8884833,13486,1500
9288833,11128,1500
9549833,14654,1500
9792833,18684,1500
10041833,29318,1500
10332833,19705,1500
10730833,21522,1500
11097833,15955,1500
11443833,12568,1500
11712833,10744,1500
11956833,13128,1500
12191833,14550,1500
12436833,17298,1500
12684833,13847,1500
12958833,12379,1500
13204833,11859,1500
13439833,11664,1500
13671833,14243,1500
13902833,8890,1500
14161833,14378,1500
14405833,15328,1500
14653833,22291,1500
14893833,27658,1500
15207833,28434,1500
15607833,32636,1500
16072833,30006,1500
16609833,21855,1500
17094833,16857,1500
17413833,16630,1500
17683833,21075,1500
17946833,15595,1500
18259833,16957,1500
18524833,13731,1500
18786833,28247,1500
19028833,32998,1500
19390833,35804,1500
19872833,28702,1500
20452833,49483,1500
20958833,25909,1500
21738833,35521,1500
22319833,28324,1500
22914833,47500,1500
23422833,53638,1500
24183833,42965,1500
25056833,29186,1500
25642833,40899,1500
26152833,33515,1500
26808833,28360,1500
27327833,28647,1500
27806833,28068,1500
28282833,20790,1500
28721833,22154,1500
29072833,30296,1500
29428833,31213,1500
29895833,24621,1500
30412833,27713,1500
30844833,40636,1500
31294833,45556,1500
31925833,100807,1500
32674833,112018,1500
33872833,57236,1500
35668833,38589,1500
36316833,36303,1500
36959833,29413,1500
37527833,39442,1500
38030833,22521,1500
38664833,21171,1500
39022833,16064,1500
39349833,16121,1500
39620833,9448,1500
39883833,11252,1500
40127833,10885,1500
40363833,15736,1500
40595833,15668,1500
40857833,17231,1500
41118833,25411,1500
41397833,19572,1500
41759833,30503,1500
42093833,19361,1500
42555833,29782,1500
42951833,18492,1500
43438833,24730,1500
43820833,21169,1500
44222833,32156,1500
44571833,34770,1500
45063833,43159,1500
45623833,28532,1500
46322833,43834,1500
46899833,33562,1500
47609833,26860,1500
48097833,20954,1500
48497833,27755,1500
48845833,17166,1500
49281833,17822,1500
49590833,11106,1500
49880833,11507,1500
50128833,15585,1500
50365833,16981,1500
50619833,13002,1500
50878833,14889,1500
51118833,12271,1500
51356833,34153,1500
51589833,24715,1500
51937833,9915,1500
52470833,13353,1500
52743833,11357,1500
52985833,9715,1500
53219833,7501,1500
53451833,12505,1500
53682833,10445,1500
53918833,21300,1500
54150833,13137,1500
54474833,20570,1500
54765833,17470,1500
55093833,17333,1500
55387833,21020,1500
55674833,13708,1500
55996833,12900,1500
56251833,8931,1500
56489833,4756,1500
56723833,3365,1500
56955833,4426,1500
57187833,5709,1500
57418833,5322,1500
57651833,6365,1500
57883833,8440,1500
58116833,10665,1500
58351833,6675,1500
58594833,6815,1500
58832833,8842,1500
59066833,12899,1500
59300833,11232,1500
59549833,13888,1500
59788833,18455,1500
