timestamp,availableTxBuffer0,availableTxBuffer1
611833,246472,246472
611833,246472,246472
829833,225202,246472
1052833,212440,250726
1361833,216694,250726
1841833,235128,250726
2454833,232292,250726
2797833,232292,250726
3131833,236546,250726
3464833,218112,250726
3746833,232292,250726
4201833,230874,250726
4629833,235128,250726
4968833,236546,252144
5256833,232292,250726
5523833,235128,250726
5841833,232292,250726
6137833,230874,250726
6462833,230874,250726
6812833,225202,250726
7168833,229456,250726
7603833,223784,250726
8016833,229456,250726
8485833,228038,250726
8884833,239382,250726
9288833,242218,250726
9549833,237964,250726
9792833,233710,250726
10041833,223784,250726
10332833,233710,250726
10730833,232292,250726
11097833,236546,250726
11443833,240800,250726
11712833,242218,250726
11956833,239382,250726
12191833,237964,250726
12436833,236546,250726
12684833,239382,250726
12958833,240800,250726
13204833,240800,250726
13439833,240800,250726
13671833,237964,250726
13902833,243636,250726
14161833,237964,250726
14405833,237964,250726
14653833,230874,250726
14893833,225202,250726
15207833,223784,250726
15607833,219530,250726
16072833,222366,250726
16609833,230874,250726
17094833,236546,250726
17413833,236546,250726
17683833,232292,250726
17946833,237964,250726
18259833,236546,252144
18524833,239382,250726
18786833,225202,250726
19028833,219530,250726
19390833,216694,250726
19872833,223784,250726
20452833,203932,250726
20958833,226620,250726
21738833,216694,250726
22319833,225202,250726
22914833,206768,250726
23422833,199678,250726
24183833,209604,250726
25056833,223784,250726
25642833,212440,250726
26152833,219530,250726
26808833,223784,250726
27327833,223784,252144
27806833,225202,252144
28282833,232292,252144
28721833,230874,250726
29072833,222366,250726
29428833,220948,250726
29895833,228038,250726
30412833,225202,250726
30844833,212440,250726
31294833,206768,250726
31925833,151466,250726
32674833,141540,250726
33872833,195424,250726
35668833,213858,250726
36316833,216694,250726
36959833,223784,250726
37527833,213858,250726
38030833,230874,250726
38664833,232292,250726
39022833,236546,252144
39349833,236546,250726
39620833,243636,250726
39883833,242218,250726
40127833,242218,250726
40363833,236546,250726
40595833,236546,250726
40857833,235128,250726
41118833,228038,250726
41397833,233710,250726
41759833,222366,250726
42093833,233710,250726
42555833,222366,250726
42951833,233710,250726
43438833,229456,250726
43820833,232292,250726
44222833,220948,250726
44571833,218112,250726
45063833,209604,250726
45623833,223784,250726
46322833,209604,250726
46899833,219530,250726
47609833,226620,252144
48097833,232292,250726
48497833,225202,250726
48845833,235128,250726
49281833,235128,252144
49590833,242218,250726
49880833,240800,250726
50128833,237964,250726
50365833,236546,250726
50619833,239382,250726
50878833,237964,250726
51118833,240800,250726
51356833,218112,250726
51589833,229456,250726
51937833,243636,250726
52470833,239382,250726
52743833,240800,250726
52985833,243636,250726
53219833,245054,250726
53451833,240800,250726
53682833,242218,250726
53918833,230874,250726
54150833,239382,250726
54474833,232292,250726
54765833,235128,250726
55093833,235128,250726
55387833,232292,250726
55674833,239382,250726
55996833,239382,250726
56251833,243636,250726
56489833,247890,250726
56723833,249308,250726
56955833,247890,250726
57187833,246472,250726
57418833,247890,250726
57651833,246472,250726
57883833,245054,250726
58116833,242218,250726
58351833,246472,250726
58594833,246472,250726
58832833,243636,250726
59066833,239382,250726
59300833,242218,250726
59549833,240800,250726
59788833,233710,250726
