timestamp,rWnd0,rWnd1
611833,1073725440,1073725440
611833,1073725440,1073725440
829833,1073725440,1073725440
1052833,1073725440,1073725440
1361833,1073725440,1073725440
1841833,1073725440,1073725440
2454833,1073725440,1073725440
2797833,1073725440,1073725440
3131833,1073725440,1073725440
3464833,1073725440,1073725440
3746833,1073725440,1073725440
4201833,1073725440,1073725440
4629833,1073725440,1073725440
4968833,1073725440,1073725440
5256833,1073725440,1073725440
5523833,1073725440,1073725440
5841833,1073725440,1073725440
6137833,1073725440,1073725440
6462833,1073725440,1073725440
6812833,1073725440,1073725440
7168833,1073725440,1073725440
7603833,1073725440,1073725440
8016833,1073725440,1073725440
8485833,1073725440,1073725440
8884833,1073725440,1073725440
9288833,1073725440,1073725440
9549833,1073725440,1073725440
9792833,1073725440,1073725440
10041833,1073725440,1073725440
10332833,1073725440,1073725440
10730833,1073725440,1073725440
11097833,1073725440,1073725440
11443833,1073725440,1073725440
11712833,1073725440,1073725440
11956833,1073725440,1073725440
12191833,1073725440,1073725440
12436833,1073725440,1073725440
12684833,1073725440,1073725440
12958833,1073725440,1073725440
13204833,1073725440,1073725440
13439833,1073725440,1073725440
13671833,1073725440,1073725440
13902833,1073725440,1073725440
14161833,1073725440,1073725440
14405833,1073725440,1073725440
14653833,1073725440,1073725440
14893833,1073725440,1073725440
15207833,1073725440,1073725440
15607833,1073725440,1073725440
16072833,1073725440,1073725440
16609833,1073725440,1073725440
17094833,1073725440,1073725440
17413833,1073725440,1073725440
17683833,1073725440,1073725440
17946833,1073725440,1073725440
18259833,1073725440,1073725440
18524833,1073725440,1073725440
18786833,1073725440,1073725440
19028833,1073725440,1073725440
19390833,1073725440,1073725440
19872833,1073725440,1073725440
20452833,1073725440,1073725440
20958833,1073725440,1073725440
21738833,1073725440,1073725440
22319833,1073725440,1073725440
22914833,1073725440,1073725440
23422833,1073725440,1073725440
24183833,1073725440,1073725440
25056833,1073725440,1073725440
25642833,1073725440,1073725440
26152833,1073725440,1073725440
26808833,1073725440,1073725440
27327833,1073725440,1073725440
27806833,1073725440,1073725440
28282833,1073725440,1073725440
28721833,1073725440,1073725440
29072833,1073725440,1073725440
29428833,1073725440,1073725440
29895833,1073725440,1073725440
30412833,1073725440,1073725440
30844833,1073725440,1073725440
31294833,1073725440,1073725440
31925833,1073725440,1073725440
32674833,1073725440,1073725440
33872833,1073725440,1073725440
35668833,1073725440,1073725440
36316833,1073725440,1073725440
36959833,1073725440,1073725440
37527833,1073725440,1073725440
38030833,1073725440,1073725440
38664833,1073725440,1073725440
39022833,1073725440,1073725440
39349833,1073725440,1073725440
39620833,1073725440,1073725440
39883833,1073725440,1073725440
40127833,1073725440,1073725440
40363833,1073725440,1073725440
40595833,1073725440,1073725440
40857833,1073725440,1073725440
41118833,1073725440,1073725440
41397833,1073725440,1073725440
41759833,1073725440,1073725440
42093833,1073725440,1073725440
42555833,1073725440,1073725440
42951833,1073725440,1073725440
43438833,1073725440,1073725440
43820833,1073725440,1073725440
44222833,1073725440,1073725440
44571833,1073725440,1073725440
45063833,1073725440,1073725440
45623833,1073725440,1073725440
46322833,1073725440,1073725440
46899833,1073725440,1073725440
47609833,1073725440,1073725440
48097833,1073725440,1073725440
48497833,1073725440,1073725440
48845833,1073725440,1073725440
49281833,1073725440,1073725440
49590833,1073725440,1073725440
49880833,1073725440,1073725440
50128833,1073725440,1073725440
50365833,1073725440,1073725440
50619833,1073725440,1073725440
50878833,1073725440,1073725440
51118833,1073725440,1073725440
51356833,1073725440,1073725440
51589833,1073725440,1073725440
51937833,1073725440,1073725440
52470833,1073725440,1073725440
52743833,1073725440,1073725440
52985833,1073725440,1073725440
53219833,1073725440,1073725440
53451833,1073725440,1073725440
53682833,1073725440,1073725440
53918833,1073725440,1073725440
54150833,1073725440,1073725440
54474833,1073725440,1073725440
54765833,1073725440,1073725440
55093833,1073725440,1073725440
55387833,1073725440,1073725440
55674833,1073725440,1073725440
55996833,1073725440,1073725440
56251833,1073725440,1073725440
56489833,1073725440,1073725440
56723833,1073725440,1073725440
56955833,1073725440,1073725440
57187833,1073725440,1073725440
57418833,1073725440,1073725440
57651833,1073725440,1073725440
57883833,1073725440,1073725440
58116833,1073725440,1073725440
58351833,1073725440,1073725440
58594833,1073725440,1073725440
58832833,1073725440,1073725440
59066833,1073725440,1073725440
59300833,1073725440,1073725440
59549833,1073725440,1073725440
59788833,1073725440,1073725440
