timestamp,rtt0,rtt1
611833,218,184
611833,218,184
829833,223,184
1052833,309,219
1361833,480,221
1841833,613,223
2454833,343,225
2797833,334,226
3131833,333,227
3464833,282,227
3746833,455,227
4201833,428,228
4629833,339,228
4968833,288,229
5256833,267,229
5523833,318,229
5841833,296,229
6137833,325,229
6462833,350,229
6812833,356,229
7168833,435,229
7603833,413,230
8016833,469,230
8485833,399,230
8884833,404,230
9288833,261,230
9549833,243,230
9792833,249,230
10041833,291,230
10332833,398,230
10730833,367,230
11097833,346,230
11443833,269,230
11712833,244,230
11956833,235,230
12191833,245,230
12436833,248,230
12684833,274,230
12958833,246,230
13204833,235,230
13439833,232,230
13671833,231,230
13902833,259,230
14161833,244,230
14405833,248,230
14653833,240,230
14893833,314,230
15207833,400,230
15607833,465,230
16072833,537,230
16609833,485,230
17094833,319,230
17413833,270,230
17683833,263,230
17946833,313,230
18259833,265,230
18524833,262,230
18786833,242,230
19028833,362,230
19390833,482,230
19872833,580,230
20452833,506,230
20958833,780,230
21738833,581,230
22319833,595,230
22914833,508,230
23422833,761,230
24183833,873,230
25056833,586,230
25642833,510,230
26152833,656,230
26808833,519,230
27327833,479,230
27806833,476,230
28282833,439,230
28721833,351,230
29072833,356,230
29428833,467,230
29895833,517,230
30412833,432,230
30844833,450,230
31294833,631,230
31925833,749,230
32674833,1198,230
33872833,1796,230
35668833,648,230
36316833,643,230
36959833,568,230
37527833,503,230
38030833,634,230
38664833,358,230
39022833,327,230
39349833,271,230
39620833,263,230
39883833,244,230
40127833,236,230
40363833,232,230
40595833,262,230
40857833,261,230
41118833,279,230
41397833,362,230
41759833,334,230
42093833,462,230
42555833,396,230
42951833,487,230
43438833,382,230
43820833,402,230
44222833,349,230
44571833,492,230
45063833,560,230
45623833,699,230
46322833,577,230
46899833,710,230
47609833,488,230
48097833,400,230
48497833,348,230
48845833,436,230
49281833,309,230
49590833,290,230
49880833,248,230
50128833,237,230
50365833,254,230
50619833,259,230
50878833,240,230
51118833,238,230
51356833,233,230
51589833,348,230
51937833,533,230
52470833,273,230
52743833,242,230
52985833,234,230
53219833,232,230
53451833,231,230
53682833,236,230
53918833,232,230
54150833,324,230
54474833,291,230
54765833,328,230
55093833,294,230
55387833,287,230
55674833,322,230
55996833,255,230
56251833,238,230
56489833,234,230
56723833,232,230
56955833,232,230
57187833,231,230
57418833,233,230
57651833,232,230
57883833,233,230
58116833,235,230
58351833,243,230
58594833,238,230
58832833,234,230
59066833,234,230
59300833,249,230
59549833,239,230
59788833,235,230
