timestamp,lastAckedSeq,highTxMark,availableTxBuffer,nextTxSeq,totalCwnd,unAckMeta
611833,5673,17017,1158,17017,11344,11344
611833,5673,17017,1158,17017,29435,11344
829833,11345,43959,1158,43959,29435,32614
1052833,29779,70901,1158,70901,41220,41122
1361833,48213,86499,1158,86499,37696,38286
1841833,79409,99261,1158,99261,19743,19852
2454833,121949,143219,1158,143219,22450,21270
2797833,143219,164489,1158,164489,21743,21270
3131833,165907,182923,1158,182923,17820,17016
3464833,187177,222627,1158,222627,36090,35450
3746833,204193,226881,1158,226881,22698,22688
4201833,235389,258077,1158,258077,23676,22688
4629833,263749,282183,1158,282183,19305,18434
4968833,285019,302035,1158,302035,17397,17016
5256833,303453,326141,1158,326141,21443,22688
5523833,321887,341739,1158,341739,19073,19852
5841833,343157,364427,1158,364427,22117,21270
6137833,361591,384279,1158,384279,23520,22688
6462833,382861,406967,1158,406967,22898,24106
6812833,406967,435327,1158,435327,28777,28360
7168833,429655,455179,2576,455179,25871,25524
7603833,458015,489211,1158,489211,30950,31196
8016833,483539,509063,1158,509063,25246,25524
8485833,516153,541677,1158,541677,26947,25524
8884833,540259,555857,1158,555857,14986,15598
9288833,564365,575709,1158,575709,12628,11344
9549833,577127,592725,1158,592725,16154,15598
9792833,592725,612577,1158,612577,20184,19852
10041833,609741,639519,2576,639519,30818,29778
10332833,626757,648027,1158,648027,21205,21270
10730833,653699,676387,2576,676387,23022,22688
11097833,677805,694821,1158,694821,17455,17016
11443833,699075,711837,1158,711837,14068,12762
11712833,711837,723181,1158,723181,12244,11344
11956833,724599,738779,1158,738779,14628,14180
12191833,738779,754377,1158,754377,16050,15598
12436833,755795,772811,2576,772811,18798,17016
12684833,771393,785573,1158,785573,15347,14180
12958833,785573,798335,1158,798335,13879,12762
13204833,799753,812515,1158,812515,13359,12762
13439833,812515,825277,1158,825277,13164,12762
13671833,825277,840875,1158,840875,15743,15598
13902833,839457,849383,1158,849383,10390,9926
14161833,852219,867817,1158,867817,15878,15598
14405833,867817,883415,1158,883415,16828,15598
14653833,883415,906103,1158,906103,23791,22688
14893833,899013,927373,1158,927373,29158,28360
15207833,918865,950061,1158,950061,29934,31196
15607833,944389,979839,1158,979839,34136,35450
16072833,975585,1008199,1158,1008199,31506,32614
16609833,1011035,1035141,1158,1035141,23355,24106
17094833,1042231,1060665,1158,1060665,18357,18434
17413833,1064919,1081935,1158,1081935,18130,17016
17683833,1081935,1103205,1158,1103205,22575,21270
17946833,1098951,1114549,1158,1114549,17095,15598
18259833,1118803,1135819,1158,1135819,18457,17016
18524833,1137237,1151417,1158,1151417,15231,14180
18786833,1154253,1182613,1158,1182613,29747,28360
19028833,1168433,1203883,1158,1203883,34498,35450
19390833,1191121,1229407,1158,1229407,37304,38286
19872833,1222317,1253513,1158,1253513,30202,31196
20452833,1259185,1311651,1158,1311651,50983,52466
20958833,1291799,1322995,1158,1322995,27409,31196
21738833,1344265,1382551,1158,1382551,37021,38286
22319833,1383969,1413747,2576,1413747,29824,29778
22914833,1422255,1470467,2576,1470467,49000,48212
23422833,1453451,1510171,1158,1510171,55138,56720
24183833,1503081,1549875,1158,1549875,44465,46794
25056833,1561219,1592415,1158,1592415,30686,31196
25642833,1599505,1642045,1158,1642045,42399,42540
26152833,1632119,1668987,1158,1668987,35015,36868
26808833,1676077,1707273,1158,1707273,29860,31196
27327833,1708691,1739887,1158,1739887,30147,31196
27806833,1741305,1769665,1158,1769665,29568,28360
28282833,1772501,1793771,1158,1793771,22290,21270
28721833,1802279,1824967,1158,1824967,23654,22688
29072833,1823549,1856163,1158,1856163,31796,32614
29428833,1846237,1880269,1158,1880269,32713,34032
29895833,1877433,1904375,1158,1904375,26121,26942
30412833,1912883,1941243,2576,1941243,29213,28360
30844833,1939825,1982365,1158,1982365,42136,42540
31294833,1968185,2017815,1158,2017815,47056,49630
31925833,2009307,2114239,1158,2114239,102307,104932
32674833,2053265,2172377,1158,2172377,113518,119112
33872833,2129837,2197901,1158,2197901,58736,68064
35668833,2254621,2295743,1158,2295743,40089,41122
36316833,2297161,2335447,1158,2335447,37803,38286
36959833,2339701,2370897,1158,2370897,30913,31196
37527833,2376569,2417691,1158,2417691,40942,41122
38030833,2409183,2433289,1158,2433289,24021,24106
38664833,2451723,2472993,1158,2472993,22671,21270
39022833,2474411,2491427,1158,2491427,17564,17016
39349833,2497099,2514115,1158,2514115,17621,17016
39620833,2514115,2524041,1158,2524041,10948,9926
39883833,2525459,2536803,1158,2536803,12752,11344
40127833,2536803,2548147,1158,2548147,12385,11344
40363833,2549565,2566581,1158,2566581,17236,17016
40595833,2563745,2580761,1158,2580761,17168,17016
40857833,2580761,2599195,1158,2599195,18731,18434
41118833,2597777,2623301,1158,2623301,26911,25524
41397833,2616211,2636063,1158,2636063,21072,19852
41759833,2638899,2671513,1158,2671513,32003,32614
42093833,2660169,2681439,1158,2681439,20861,21270
42555833,2691365,2723979,1158,2723979,31282,32614
42951833,2716889,2738159,1158,2738159,19992,21270
43438833,2749503,2775027,2576,2775027,26230,25524
43820833,2775027,2797715,1158,2797715,22669,22688
44222833,2800551,2833165,1158,2833165,33656,32614
44571833,2823239,2860107,1158,2860107,36270,36868
45063833,2854435,2901229,1158,2901229,44659,46794
45623833,2889885,2922499,1158,2922499,30032,32614
46322833,2935261,2982055,1158,2982055,45334,46794
46899833,2974965,3011833,2576,3011833,35062,36868
47609833,3021759,3048701,1158,3048701,28360,26942
48097833,3054373,3077061,1158,3077061,22454,22688
48497833,3079897,3108257,1158,3108257,29255,28360
48845833,3102585,3122437,1158,3122437,18666,19852
49281833,3130945,3149379,1158,3149379,19322,18434
49590833,3150797,3162141,1158,3162141,12606,11344
49880833,3164977,3177739,1158,3177739,13007,12762
50128833,3179157,3194755,1158,3194755,17085,15598
50365833,3194755,3211771,1158,3211771,18481,17016
50619833,3210353,3224533,1158,3224533,14502,14180
50878833,3225951,3241549,1158,3241549,16389,15598
51118833,3241549,3254311,1158,3254311,13771,12762
51356833,3255729,3291179,1158,3291179,35653,35450
51589833,3269909,3295433,2576,3295433,26215,25524
51937833,3292597,3303941,1158,3303941,11415,11344
52470833,3322375,3336555,1158,3336555,14853,14180
52743833,3337973,3350735,1158,3350735,12857,12762
52985833,3350735,3360661,1158,3360661,11215,9926
53219833,3360661,3369169,1158,3369169,9001,8508
53451833,3369169,3381931,1158,3381931,14005,12762
53682833,3381931,3393275,1158,3393275,11945,11344
53918833,3393275,3415963,1158,3415963,22800,22688
54150833,3408873,3423053,1158,3423053,14637,14180
54474833,3428725,3451413,1158,3451413,22070,22688
54765833,3447159,3467011,1158,3467011,18970,19852
55093833,3469847,3488281,1158,3488281,18833,18434
55387833,3488281,3509551,1158,3509551,22520,21270
55674833,3506715,3522313,1158,3522313,15208,15598
55996833,3526567,3540747,1158,3540747,14400,14180
56251833,3540747,3550673,1158,3550673,10431,9926
56489833,3550673,3556345,1158,3556345,6256,5672
56723833,3556345,3560599,1158,3560599,4865,4254
56955833,3562017,3567689,1158,3567689,5926,5672
57187833,3567689,3574779,1158,3574779,7209,7090
57418833,3574779,3580451,1158,3580451,6822,5672
57651833,3580451,3587541,1158,3587541,7865,7090
57883833,3587541,3596049,1158,3596049,9940,8508
58116833,3596049,3607393,1158,3607393,12165,11344
58351833,3607393,3614483,1158,3614483,8175,7090
58594833,3614483,3621573,1158,3621573,8315,7090
58832833,3622991,3632917,1158,3632917,10342,9926
59066833,3632917,3647097,1158,3647097,14399,14180
59300833,3647097,3658441,1158,3658441,12732,11344
59549833,3659859,3672621,2576,3672621,15388,12762
59788833,3674039,3693891,1158,3693891,19955,19852
