timestamp,rWnd0,rWnd1
611833,1073725440,1073725440
611833,1073725440,1073725440
829833,1073725440,1073725440
1052833,1073725440,1073725440
1357833,1073725440,1073725440
1713833,1073725440,1073725440
2009833,1073725440,1073725440
2292833,1073725440,1073725440
2541833,1073725440,1073725440
2777833,1073725440,1073725440
3009833,1073725440,1073725440
3271833,1073725440,1073725440
3513833,1073725440,1073725440
3769833,1073725440,1073725440
4142833,1073725440,1073725440
4605833,1073725440,1073725440
4910833,1073725440,1073725440
5180833,1073725440,1073725440
5443833,1073725440,1073725440
5686833,1073725440,1073725440
5921833,1073725440,1073725440
6162833,1073725440,1073725440
6397833,1073725440,1073725440
6630833,1073725440,1073725440
6861833,1073725440,1073725440
7096833,1073725440,1073725440
7354833,1073725440,1073725440
7599833,1073725440,1073725440
7845833,1073725440,1073725440
8082833,1073725440,1073725440
8337833,1073725440,1073725440
8577833,1073725440,1073725440
8812833,1073725440,1073725440
9044833,1073725440,1073725440
9275833,1073725440,1073725440
9505833,1073725440,1073725440
9735833,1073725440,1073725440
9965833,1073725440,1073725440
10212833,1073725440,1073725440
10509833,1073725440,1073725440
10877833,1073725440,1073725440
11358833,1073725440,1073725440
11858833,1073725440,1073725440
12545833,1073725440,1073725440
12902833,1073725440,1073725440
13199833,1073725440,1073725440
13525833,1073725440,1073725440
13837833,1073725440,1073725440
14098833,1073725440,1073725440
14432833,1073725440,1073725440
14767833,1073725440,1073725440
15052833,1073725440,1073725440
15356833,1073725440,1073725440
15645833,1073725440,1073725440
15893833,1073725440,1073725440
16129833,1073725440,1073725440
16384833,1073725440,1073725440
16625833,1073725440,1073725440
16863833,1073725440,1073725440
17100833,1073725440,1073725440
17333833,1073725440,1073725440
17569833,1073725440,1073725440
17801833,1073725440,1073725440
18069833,1073725440,1073725440
18350833,1073725440,1073725440
18598833,1073725440,1073725440
18833833,1073725440,1073725440
19065833,1073725440,1073725440
19382833,1073725440,1073725440
19717833,1073725440,1073725440
20017833,1073725440,1073725440
20417833,1073725440,1073725440
20777833,1073725440,1073725440
21287833,1073725440,1073725440
21720833,1073725440,1073725440
22235833,1073725440,1073725440
22529833,1073725440,1073725440
22786833,1073725440,1073725440
23100833,1073725440,1073725440
23517833,1073725440,1073725440
24037833,1073725440,1073725440
24625833,1073725440,1073725440
25432833,1073725440,1073725440
26333833,1073725440,1073725440
26802833,1073725440,1073725440
27256833,1073725440,1073725440
27945833,1073725440,1073725440
28935833,1073725440,1073725440
30068833,1073725440,1073725440
30998833,1073725440,1073725440
31903833,1073725440,1073725440
32527833,1073725440,1073725440
33067833,1073725440,1073725440
33571833,1073725440,1073725440
33936833,1073725440,1073725440
34287833,1073725440,1073725440
34605833,1073725440,1073725440
34975833,1073725440,1073725440
35279833,1073725440,1073725440
35606833,1073725440,1073725440
35903833,1073725440,1073725440
36209833,1073725440,1073725440
36572833,1073725440,1073725440
36888833,1073725440,1073725440
37257833,1073725440,1073725440
37577833,1073725440,1073725440
37888833,1073725440,1073725440
38141833,1073725440,1073725440
38378833,1073725440,1073725440
38674833,1073725440,1073725440
38932833,1073725440,1073725440
39332833,1073725440,1073725440
39711833,1073725440,1073725440
39967833,1073725440,1073725440
40208833,1073725440,1073725440
40450833,1073725440,1073725440
40686833,1073725440,1073725440
40919833,1073725440,1073725440
41153833,1073725440,1073725440
41385833,1073725440,1073725440
41623833,1073725440,1073725440
41856833,1073725440,1073725440
42087833,1073725440,1073725440
42318833,1073725440,1073725440
42550833,1073725440,1073725440
42781833,1073725440,1073725440
43011833,1073725440,1073725440
43250833,1073725440,1073725440
43492833,1073725440,1073725440
43747833,1073725440,1073725440
43990833,1073725440,1073725440
44293833,1073725440,1073725440
44665833,1073725440,1073725440
45029833,1073725440,1073725440
45521833,1073725440,1073725440
46022833,1073725440,1073725440
46450833,1073725440,1073725440
46715833,1073725440,1073725440
46961833,1073725440,1073725440
47199833,1073725440,1073725440
47440833,1073725440,1073725440
47718833,1073725440,1073725440
47964833,1073725440,1073725440
48257833,1073725440,1073725440
48545833,1073725440,1073725440
48813833,1073725440,1073725440
49129833,1073725440,1073725440
49539833,1073725440,1073725440
49919833,1073725440,1073725440
50362833,1073725440,1073725440
50774833,1073725440,1073725440
51304833,1073725440,1073725440
51761833,1073725440,1073725440
52464833,1073725440,1073725440
53122833,1073725440,1073725440
53626833,1073725440,1073725440
54070833,1073725440,1073725440
54482833,1073725440,1073725440
54908833,1073725440,1073725440
55336833,1073725440,1073725440
55703833,1073725440,1073725440
56238833,1073725440,1073725440
56808833,1073725440,1073725440
57446833,1073725440,1073725440
58089833,1073725440,1073725440
58732833,1073725440,1073725440
59398833,1073725440,1073725440
59844833,1073725440,1073725440
