timestamp,rtt0,rtt1
611833,218,184
611833,218,184
829833,223,184
1052833,305,219
1357833,356,221
1713833,296,223
2009833,283,224
2292833,249,224
2541833,236,225
2777833,232,226
3009833,262,226
3271833,242,227
3513833,256,228
3769833,373,228
4142833,463,228
4605833,305,229
4910833,270,229
5180833,263,229
5443833,243,229
5686833,235,229
5921833,241,229
6162833,235,229
6397833,233,229
6630833,231,229
6861833,235,229
7096833,258,230
7354833,245,230
7599833,246,230
7845833,237,230
8082833,255,230
8337833,240,230
8577833,235,230
8812833,232,230
9044833,231,230
9275833,230,230
9505833,230,230
9735833,230,230
9965833,247,230
10212833,297,230
10509833,368,230
10877833,481,230
11358833,500,230
11858833,687,230
12545833,357,230
12902833,297,230
13199833,326,230
13525833,312,230
13837833,261,230
14098833,334,230
14432833,335,230
14767833,285,230
15052833,304,230
15356833,289,230
15645833,248,230
15893833,236,230
16129833,255,230
16384833,241,230
16625833,238,230
16863833,237,230
17100833,233,230
17333833,236,230
17569833,232,230
17801833,268,230
18069833,281,230
18350833,248,230
18598833,235,230
18833833,232,230
19065833,317,230
19382833,335,230
19717833,300,230
20017833,400,230
20417833,360,230
20777833,510,230
21287833,433,230
21720833,515,230
22235833,294,230
22529833,257,230
22786833,314,230
23100833,417,230
23517833,520,230
24037833,588,230
24625833,807,230
25432833,901,230
26333833,469,230
26802833,454,230
27256833,689,230
27945833,990,230
28935833,1133,230
30068833,930,230
30998833,905,230
31903833,624,230
32527833,540,230
33067833,504,230
33571833,365,230
33936833,351,230
34287833,318,230
34605833,370,230
34975833,304,230
35279833,327,230
35606833,297,230
35903833,306,230
36209833,363,230
36572833,316,230
36888833,369,230
37257833,320,230
37577833,311,230
37888833,253,230
38141833,237,230
38378833,296,230
38674833,258,230
38932833,400,230
39332833,379,230
39711833,256,230
39967833,241,230
40208833,242,230
40450833,236,230
40686833,233,230
40919833,234,230
41153833,232,230
41385833,238,230
41623833,233,230
41856833,231,230
42087833,231,230
42318833,232,230
42550833,231,230
42781833,230,230
43011833,239,230
43250833,242,230
43492833,255,230
43747833,243,230
43990833,303,230
44293833,372,230
44665833,364,230
45029833,492,230
45521833,501,230
46022833,428,230
46450833,265,230
46715833,246,230
46961833,238,230
47199833,241,230
47440833,278,230
47718833,246,230
47964833,293,230
48257833,288,230
48545833,268,230
48813833,316,230
49129833,410,230
49539833,380,230
49919833,443,230
50362833,412,230
50774833,530,230
51304833,457,230
51761833,703,230
52464833,658,230
53122833,504,230
53626833,444,230
54070833,412,230
54482833,426,230
54908833,428,230
55336833,367,230
55703833,535,230
56238833,570,230
56808833,638,230
57446833,643,230
58089833,643,230
58732833,666,230
59398833,446,230
59844833,303,230
