timestamp,availableTxBuffer0,availableTxBuffer1
611833,246472,246472
611833,246472,246472
829833,235128,246472
1052833,229456,250726
1357833,240800,250726
1713833,235128,250726
2009833,237964,250726
2292833,240800,250726
2541833,240800,250726
2777833,237964,250726
3009833,239382,250726
3271833,236546,250726
3513833,220948,250726
3769833,226620,250726
4142833,232292,250726
4605833,236546,250726
4910833,236546,250726
5180833,242218,250726
5443833,242218,250726
5686833,239382,250726
5921833,243636,250726
6162833,245054,250726
6397833,246472,250726
6630833,242218,250726
6861833,237964,250726
7096833,246472,250726
7354833,242218,250726
7599833,243636,250726
7845833,237964,250726
8082833,242218,250726
8337833,243636,250726
8577833,243636,250726
8812833,243636,250726
9044833,245054,250726
9275833,245054,250726
9505833,246472,250726
9735833,239382,250726
9965833,233710,250726
10212833,228038,250726
10509833,220948,250726
10877833,222366,250726
11358833,209604,250726
11858833,222366,250726
12545833,236546,250726
12902833,233710,250726
13199833,233710,250726
13525833,239382,250726
13837833,230874,250726
14098833,232292,250726
14432833,236546,250726
14767833,233710,250726
15052833,235128,250726
15356833,240800,250726
15645833,240800,250726
15893833,237964,250726
16129833,237964,250726
16384833,237964,250726
16625833,237964,250726
16863833,239382,250726
17100833,237964,250726
17333833,239382,250726
17569833,235128,250726
17801833,235128,250726
18069833,240800,250726
18350833,239382,250726
18598833,239382,250726
18833833,230874,250726
19065833,232292,250726
19382833,235128,250726
19717833,226620,250726
20017833,233710,250726
20417833,219530,250726
20777833,232292,250726
21287833,220948,250726
21720833,232292,250726
22235833,237964,252144
22529833,232292,250726
22786833,225202,250726
23100833,219530,250726
23517833,216694,250726
24037833,202514,250726
24625833,199678,252144
25432833,219530,250726
26333833,225202,250726
26802833,208186,250726
27256833,165646,250726
27945833,192588,250726
28935833,196842,250726
30068833,198260,250726
30998833,209604,250726
31903833,219530,250726
32527833,222366,250726
33067833,230874,250726
33571833,230874,250726
33936833,233710,250726
34287833,229456,250726
34605833,236546,250726
34975833,232292,250726
35279833,235128,250726
35606833,235128,252144
35903833,229456,250726
36209833,235128,250726
36572833,229456,250726
36888833,233710,250726
37257833,233710,250726
37577833,237964,250726
37888833,240800,250726
38141833,235128,250726
38378833,239382,250726
38674833,223784,250726
38932833,230874,250726
39332833,239382,250726
39711833,242218,250726
39967833,239382,250726
40208833,245054,250726
40450833,243636,250726
40686833,240800,250726
40919833,245054,250726
41153833,240800,250726
41385833,242218,250726
41623833,245054,250726
41856833,243636,250726
42087833,242218,250726
42318833,242218,250726
42550833,245054,250726
42781833,239382,250726
43011833,237964,250726
43250833,236546,250726
43492833,237964,250726
43747833,232292,250726
43990833,228038,250726
44293833,230874,250726
44665833,222366,250726
45029833,222366,250726
45521833,225202,250726
46022833,240800,250726
46450833,243636,250726
46715833,246472,250726
46961833,240800,250726
47199833,236546,250726
47440833,240800,250726
47718833,233710,250726
47964833,235128,250726
48257833,236546,250726
48545833,232292,250726
48813833,225202,250726
49129833,230874,250726
49539833,225202,250726
49919833,228038,250726
50362833,219530,250726
50774833,228038,250726
51304833,208186,250726
51761833,212440,250726
52464833,219530,250726
53122833,225202,250726
53626833,228038,250726
54070833,226620,250726
54482833,226620,250726
54908833,232292,250726
55336833,218112,250726
55703833,218112,250726
56238833,213858,250726
56808833,213858,250726
57446833,213858,250726
58089833,212440,250726
58732833,219530,250726
59398833,232292,250726
59844833,237964,250726
