timestamp,unAck0,unAck1
611833,5672,5672
611833,5672,5672
829833,17016,5672
1052833,22688,1418
1357833,11344,1418
1713833,17016,1418
2009833,14180,1418
2292833,11344,1418
2541833,11344,1418
2777833,14180,1418
3009833,12762,1418
3271833,15598,1418
3513833,31196,1418
3769833,25524,1418
4142833,19852,1418
4605833,15598,1418
4910833,15598,1418
5180833,9926,1418
5443833,9926,1418
5686833,12762,1418
5921833,8508,1418
6162833,7090,1418
6397833,5672,1418
6630833,9926,1418
6861833,14180,1418
7096833,5672,1418
7354833,9926,1418
7599833,8508,1418
7845833,14180,1418
8082833,9926,1418
8337833,8508,1418
8577833,8508,1418
8812833,8508,1418
9044833,7090,1418
9275833,7090,1418
9505833,5672,1418
9735833,12762,1418
9965833,18434,1418
10212833,24106,1418
10509833,31196,1418
10877833,29778,1418
11358833,42540,1418
11858833,29778,1418
12545833,15598,1418
12902833,18434,1418
13199833,18434,1418
13525833,12762,1418
13837833,21270,1418
14098833,19852,1418
14432833,15598,1418
14767833,18434,1418
15052833,17016,1418
15356833,11344,1418
15645833,11344,1418
15893833,14180,1418
16129833,14180,1418
16384833,14180,1418
16625833,14180,1418
16863833,12762,1418
17100833,14180,1418
17333833,12762,1418
17569833,17016,1418
17801833,17016,1418
18069833,11344,1418
18350833,12762,1418
18598833,12762,1418
18833833,21270,1418
19065833,19852,1418
19382833,17016,1418
19717833,25524,1418
20017833,18434,1418
20417833,32614,1418
20777833,19852,1418
21287833,31196,1418
21720833,19852,1418
22235833,14180,0
22529833,19852,1418
22786833,26942,1418
23100833,32614,1418
23517833,35450,1418
24037833,49630,1418
24625833,52466,0
25432833,32614,1418
26333833,26942,1418
26802833,43958,1418
27256833,86498,1418
27945833,59556,1418
28935833,55302,1418
30068833,53884,1418
30998833,42540,1418
31903833,32614,1418
32527833,29778,1418
33067833,21270,1418
33571833,21270,1418
33936833,18434,1418
34287833,22688,1418
34605833,15598,1418
34975833,19852,1418
35279833,17016,1418
35606833,17016,0
35903833,22688,1418
36209833,17016,1418
36572833,22688,1418
36888833,18434,1418
37257833,18434,1418
37577833,14180,1418
37888833,11344,1418
38141833,17016,1418
38378833,12762,1418
38674833,28360,1418
38932833,21270,1418
39332833,12762,1418
39711833,9926,1418
39967833,12762,1418
40208833,7090,1418
40450833,8508,1418
40686833,11344,1418
40919833,7090,1418
41153833,11344,1418
41385833,9926,1418
41623833,7090,1418
41856833,8508,1418
42087833,9926,1418
42318833,9926,1418
42550833,7090,1418
42781833,12762,1418
43011833,14180,1418
43250833,15598,1418
43492833,14180,1418
43747833,19852,1418
43990833,24106,1418
44293833,21270,1418
44665833,29778,1418
45029833,29778,1418
45521833,26942,1418
46022833,11344,1418
46450833,8508,1418
46715833,5672,1418
46961833,11344,1418
47199833,15598,1418
47440833,11344,1418
47718833,18434,1418
47964833,17016,1418
48257833,15598,1418
48545833,19852,1418
48813833,26942,1418
49129833,21270,1418
49539833,26942,1418
49919833,24106,1418
50362833,32614,1418
50774833,24106,1418
51304833,43958,1418
51761833,39704,1418
52464833,32614,1418
53122833,26942,1418
53626833,24106,1418
54070833,25524,1418
54482833,25524,1418
54908833,19852,1418
55336833,34032,1418
55703833,34032,1418
56238833,38286,1418
56808833,38286,1418
57446833,38286,1418
58089833,39704,1418
58732833,32614,1418
59398833,19852,1418
59844833,14180,1418
