timestamp,cWnd0,cWnd1
611833,5672,5672
611833,18011,1500
829833,18011,1500
1052833,23986,1500
1357833,12056,1500
1713833,17239,1500
2009833,14831,1500
2292833,12639,1500
2541833,11870,1500
2777833,14612,1500
3009833,13521,1500
3271833,16465,1500
3513833,31623,1500
3769833,26919,1500
4142833,20129,1500
4605833,16824,1500
4910833,16261,1500
5180833,10536,1500
5443833,11051,1500
5686833,12926,1500
5921833,9912,1500
6162833,7516,1500
6397833,6440,1500
6630833,10202,1500
6861833,15363,1500
7096833,6502,1500
7354833,11005,1500
7599833,8836,1500
7845833,14196,1500
8082833,10339,1500
8337833,9784,1500
8577833,9562,1500
8812833,9151,1500
9044833,8083,1500
9275833,8226,1500
9505833,7005,1500
9735833,12884,1500
9965833,18842,1500
10212833,24351,1500
10509833,31966,1500
10877833,30170,1500
11358833,42963,1500
11858833,30718,1500
12545833,16949,1500
12902833,20547,1500
13199833,18633,1500
13525833,12814,1500
13837833,21980,1500
14098833,21251,1500
14432833,16592,1500
14767833,19633,1500
15052833,17272,1500
15356833,11941,1500
15645833,11920,1500
15893833,15175,1500
16129833,15537,1500
16384833,14280,1500
16625833,15070,1500
16863833,13731,1500
17100833,15095,1500
17333833,14055,1500
17569833,17098,1500
17801833,18214,1500
18069833,12646,1500
18350833,13130,1500
18598833,12973,1500
18833833,21504,1500
19065833,20203,1500
19382833,18300,1500
19717833,25709,1500
20017833,21051,1500
20417833,33934,1500
20777833,20779,1500
21287833,31614,1500
21720833,20688,1500
22235833,15240,1500
22529833,20772,1500
22786833,28695,1500
23100833,33227,1500
23517833,36690,1500
24037833,50038,1500
24625833,54930,1500
25432833,32673,1500
26333833,27665,1500
26802833,45054,1500
27256833,87185,1500
27945833,59608,1500
28935833,55816,1500
30068833,55518,1500
30998833,44722,1500
31903833,33601,1500
32527833,32039,1500
33067833,21835,1500
33571833,22010,1500
33936833,18951,1500
34287833,22934,1500
34605833,16229,1500
34975833,20312,1500
35279833,18103,1500
35606833,19023,1500
35903833,23323,1500
36209833,18414,1500
36572833,22789,1500
36888833,18617,1500
37257833,18880,1500
37577833,14581,1500
37888833,12192,1500
38141833,18267,1500
38378833,13883,1500
38674833,28714,1500
38932833,21953,1500
39332833,14111,1500
39711833,10867,1500
39967833,13119,1500
40208833,7592,1500
40450833,9454,1500
40686833,12068,1500
40919833,7487,1500
41153833,12270,1500
41385833,10808,1500
41623833,8197,1500
41856833,8587,1500
42087833,10691,1500
42318833,10678,1500
42550833,8281,1500
42781833,13730,1500
43011833,14323,1500
43250833,16077,1500
43492833,15292,1500
43747833,21020,1500
43990833,24814,1500
44293833,21381,1500
44665833,31965,1500
45029833,30552,1500
45521833,28053,1500
46022833,11877,1500
46450833,9002,1500
46715833,5860,1500
46961833,12288,1500
47199833,15818,1500
47440833,13804,1500
47718833,19071,1500
47964833,18392,1500
48257833,15691,1500
48545833,20849,1500
48813833,27297,1500
49129833,22099,1500
49539833,27412,1500
49919833,24361,1500
50362833,32861,1500
50774833,25016,1500
51304833,45353,1500
51761833,40073,1500
52464833,33880,1500
53122833,27116,1500
53626833,24995,1500
54070833,26034,1500
54482833,26608,1500
54908833,20968,1500
55336833,34936,1500
55703833,34129,1500
56238833,39513,1500
56808833,38452,1500
57446833,38615,1500
58089833,41101,1500
58732833,33447,1500
59398833,20485,1500
59844833,14895,1500
