timestamp,lastAckedSeq,highTxMark,availableTxBuffer,nextTxSeq,totalCwnd,unAckMeta
611833,5673,17017,1158,17017,11344,11344
611833,5673,17017,1158,17017,19511,11344
829833,11345,34033,1158,34033,19511,22688
1052833,29779,53885,1158,53885,25486,24106
1357833,49631,62393,1158,62393,13556,12762
1713833,69483,89335,1158,89335,18739,19852
2009833,90753,106351,1158,106351,16331,15598
2292833,106351,119113,1158,119113,14139,12762
2541833,120531,133293,1158,133293,13370,12762
2777833,133293,148891,1158,148891,16112,15598
3009833,147473,161653,1158,161653,15021,14180
3271833,164489,182923,1158,182923,17965,18434
3513833,180087,214119,1158,214119,33123,34032
3769833,197103,225463,1158,225463,28419,28360
4142833,219791,242479,1158,242479,21629,22688
4605833,252405,269421,1158,269421,18324,17016
4910833,270839,287855,1158,287855,17761,17016
5180833,289273,300617,1158,300617,12036,11344
5443833,300617,311961,1158,311961,12551,11344
5686833,313379,327559,1158,327559,14426,14180
5921833,327559,337485,1158,337485,11412,9926
6162833,337485,345993,1158,345993,9016,8508
6397833,345993,353083,1158,353083,7940,7090
6630833,354501,365845,1158,365845,11702,11344
6861833,365845,381443,1158,381443,16863,15598
7096833,380025,387115,1158,387115,8002,7090
7354833,388533,399877,1158,399877,12505,11344
7599833,399877,409803,1158,409803,10336,9926
7845833,411221,426819,1158,426819,15696,15598
8082833,426819,438163,1158,438163,11839,11344
8337833,438163,448089,1158,448089,11284,9926
8577833,448089,458015,1158,458015,11062,9926
8812833,458015,467941,1158,467941,10651,9926
9044833,467941,476449,1158,476449,9583,8508
9275833,476449,484957,1158,484957,9726,8508
9505833,484957,492047,1158,492047,8505,7090
9735833,492047,506227,1158,506227,14384,14180
9965833,506227,526079,1158,526079,20342,19852
10212833,523243,548767,1158,548767,25851,25524
10509833,541677,574291,1158,574291,33466,32614
10877833,565783,598397,1158,598397,31670,32614
11358833,596979,642355,1158,642355,44463,45376
11858833,628175,662207,1158,662207,32218,34032
12545833,676387,693403,1158,693403,18449,17016
12902833,699075,718927,2576,718927,22047,19852
13199833,717509,738779,1158,738779,20133,21270
13525833,738779,752959,1158,752959,14314,14180
13837833,758631,781319,1158,781319,23480,22688
14098833,775647,796917,1158,796917,22751,21270
14432833,798335,815351,1158,815351,18092,17016
14767833,819605,839457,1158,839457,21133,19852
15052833,838039,856473,1158,856473,18772,18434
15356833,857891,870653,1158,870653,13441,12762
15645833,872071,884833,1158,884833,13420,12762
15893833,886251,901849,1158,901849,16675,15598
16129833,901849,917447,1158,917447,17037,15598
16384833,918865,934463,1158,934463,15780,15598
16625833,934463,950061,1158,950061,16570,15598
16863833,950061,964241,1158,964241,15231,14180
17100833,964241,979839,1158,979839,16595,15598
17333833,979839,994019,1158,994019,15555,14180
17569833,994019,1012453,1158,1012453,18598,18434
17801833,1008199,1026633,1158,1026633,19714,18434
18069833,1026633,1039395,1158,1039395,14146,12762
18350833,1040813,1054993,1158,1054993,14630,14180
18598833,1056411,1070591,1158,1070591,14473,14180
18833833,1070591,1093279,1158,1093279,23004,22688
19065833,1086189,1107459,1158,1107459,21703,21270
19382833,1106041,1125893,1158,1125893,19800,19852
19717833,1128729,1155671,1158,1155671,27209,26942
20017833,1147163,1168433,2576,1168433,22551,21270
20417833,1172687,1208137,1158,1208137,35434,35450
20777833,1195375,1218063,1158,1218063,22279,22688
21287833,1229407,1264857,1158,1264857,33114,35450
21720833,1257767,1280455,1158,1280455,22188,22688
22235833,1291799,1307397,1158,1307397,16740,15598
22529833,1311651,1334339,1158,1334339,22272,22688
22786833,1328667,1358445,2576,1358445,30195,29778
23100833,1348519,1383969,1158,1383969,34727,35450
23517833,1375461,1413747,1158,1413747,38190,38286
24037833,1409493,1461959,1158,1461959,51538,52466
24625833,1446361,1503081,2576,1503081,56430,56720
25432833,1497409,1535695,1158,1535695,34173,38286
26333833,1559801,1589579,1158,1589579,29165,29778
26802833,1590997,1637791,1158,1637791,46554,46794
27256833,1617939,1710109,1158,1710109,88685,92170
27945833,1661897,1727125,1158,1727125,61108,65228
28935833,1725707,1788099,1158,1788099,57316,62392
30068833,1800861,1860417,2576,1860417,57018,59556
30998833,1863253,1910047,2576,1910047,46222,46794
31903833,1922809,1958259,1158,1958259,35101,35450
32527833,1963931,1997963,2576,1997963,33539,34032
33067833,1999381,2023487,1158,2023487,23335,24106
33571833,2031995,2056101,1158,2056101,23510,24106
33936833,2057519,2078789,1158,2078789,20451,21270
34287833,2080207,2104313,1158,2104313,24434,24106
34605833,2101477,2118493,1158,2118493,17729,17016
34975833,2124165,2146853,1158,2146853,21812,22688
35279833,2145435,2163869,1158,2163869,19603,18434
35606833,2166705,2185139,2576,2185139,20523,18434
35903833,2185139,2210663,1158,2210663,24823,25524
36209833,2204991,2224843,1158,2224843,19914,19852
36572833,2229097,2254621,1158,2254621,24289,25524
36888833,2248949,2270219,1158,2270219,20117,21270
37257833,2274473,2294325,1158,2294325,20380,19852
37577833,2295743,2311341,1158,2311341,16081,15598
37888833,2312759,2325521,1158,2325521,13692,12762
38141833,2326939,2345373,1158,2345373,19767,18434
38378833,2342537,2356717,1158,2356717,15383,14180
38674833,2360971,2390749,1158,2390749,30214,29778
38932833,2377987,2402093,1158,2402093,23453,24106
39332833,2403511,2417691,1158,2417691,15611,14180
39711833,2424781,2436125,1158,2436125,12367,11344
39967833,2437543,2451723,1158,2451723,14619,14180
40208833,2451723,2460231,1158,2460231,9092,8508
40450833,2461649,2471575,1158,2471575,10954,9926
40686833,2471575,2484337,1158,2484337,13568,12762
40919833,2484337,2492845,1158,2492845,8987,8508
41153833,2492845,2505607,1158,2505607,13770,12762
41385833,2505607,2516951,1158,2516951,12308,11344
41623833,2516951,2525459,1158,2525459,9697,8508
41856833,2525459,2535385,1158,2535385,10087,9926
42087833,2535385,2546729,1158,2546729,12191,11344
42318833,2546729,2558073,1158,2558073,12178,11344
42550833,2558073,2566581,1158,2566581,9781,8508
42781833,2566581,2580761,1158,2580761,15230,14180
43011833,2580761,2596359,1158,2596359,15823,15598
43250833,2596359,2613375,1158,2613375,17577,17016
43492833,2611957,2627555,1158,2627555,16792,15598
43747833,2628973,2650243,1158,2650243,22520,21270
43990833,2644571,2670095,1158,2670095,26314,25524
44293833,2664423,2687111,1158,2687111,22881,22688
44665833,2688529,2721143,2576,2721143,33465,32614
45029833,2711217,2745249,1158,2745249,32052,34032
45521833,2742413,2773609,1158,2773609,29553,31196
46022833,2776445,2789207,1158,2789207,13377,12762
46450833,2797715,2807641,1158,2807641,10502,9926
46715833,2807641,2814731,1158,2814731,7360,7090
46961833,2816149,2828911,1158,2828911,13788,12762
47199833,2828911,2845927,1158,2845927,17318,17016
47440833,2845927,2858689,2576,2858689,15304,12762
47718833,2861525,2881377,1158,2881377,20571,19852
47964833,2878541,2896975,1158,2896975,19892,18434
48257833,2896975,2913991,1158,2913991,17191,17016
48545833,2915409,2936679,1158,2936679,22349,21270
48813833,2932425,2962203,1158,2962203,28797,29778
49129833,2953695,2977801,1158,2977801,23599,24106
49539833,2980637,3010415,1158,3010415,28912,29778
49919833,3004743,3031685,1158,3031685,25861,26942
50362833,3033103,3068553,1158,3068553,34361,35450
50774833,3058627,3086987,1158,3086987,26516,28360
51304833,3095495,3142289,1158,3142289,46853,46794
51761833,3123855,3167813,1158,3167813,41573,43958
52464833,3170649,3206099,1158,3206099,35380,35450
53122833,3214607,3244385,1158,3244385,28616,29778
53626833,3247221,3274163,1158,3274163,26495,26942
54070833,3276999,3305359,1158,3305359,27534,28360
54482833,3303941,3330883,1158,3330883,28108,26942
54908833,3332301,3353571,1158,3353571,22468,21270
55336833,3359243,3396111,1158,3396111,36436,36868
55703833,3381931,3418799,1158,3418799,35629,36868
56238833,3415963,3458503,1158,3458503,41013,42540
56808833,3452831,3495371,1158,3495371,39952,42540
57446833,3495371,3537911,1158,3537911,40115,42540
58089833,3537911,3580451,1158,3580451,42601,42540
58732833,3579033,3615901,1158,3615901,34947,36868
59398833,3625827,3647097,1158,3647097,21985,21270
59844833,3654187,3669785,1158,3669785,16395,15598
