timestamp,unAck0,unAck1
611833,5672,5672
611833,5672,5672
829833,11344,5672
1052833,12762,1418
1313833,8508,1418
1560833,12762,1418
1797833,14180,1418
2040833,9926,1418
2289833,14180,1418
2526833,18434,1418
2765833,17016,1418
3050833,19852,1418
3337833,21270,1418
3659833,21270,1418
4008833,11344,1418
4363833,9926,1418
4626833,7090,1418
4869833,7090,1418
5106833,8508,1418
5339833,12762,1418
5570833,8508,1418
5818833,8508,1418
6057833,8508,1418
6291833,7090,1418
6523833,12762,1418
6754833,9926,1418
6994833,9926,1418
7228833,14180,1418
7459833,18434,1418
7711833,17016,1418
8001833,22688,1418
8288833,21270,1418
8644833,18434,1418
9002833,15598,1418
9306833,14180,1418
9569833,12762,1418
9813833,17016,1418
10047833,22688,1418
10319833,28360,1418
10658833,19852,1418
11091833,34032,1418
11473833,26942,1418
12015833,29778,1418
12497833,14180,1418
12995833,18434,0
13305833,12762,1418
13614833,11344,1418
13862833,17016,1418
14099833,11344,1418
14395833,12762,1418
14650833,19852,1418
14889833,31196,1418
15192833,24106,1418
15608833,32614,1418
16042833,28360,1418
16573833,25524,1418
17039833,21270,1418
17461833,18434,1418
17808833,12762,1418
18113833,21270,1418
18374833,14180,1418
18717833,9926,1418
18997833,4254,1418
19247833,7090,1418
19489833,7090,1418
19726833,7090,1418
19959833,5672,1418
20190833,7090,1418
20421833,14180,1418
20652833,14180,1418
20924833,14180,1418
21169833,14180,1418
21408833,11344,1418
21646833,12762,1418
21879833,15598,1418
22110833,14180,1418
22362833,21270,1418
22605833,49630,1418
22923833,34032,1418
23349833,21270,1418
24110833,32614,1418
24633833,14180,1418
25179833,32614,1418
25597833,21270,1418
26131833,22688,1418
26521833,18434,1418
26903833,17016,1418
27213833,19852,1418
27504833,18434,1418
27828833,14180,1418
28131833,15598,1418
28387833,18434,0
28647833,18434,1418
28942833,28360,1418
29248833,15598,1418
29667833,21270,1418
30017833,21270,1418
30372833,14180,1418
30748833,14180,1418
31004833,15598,1418
31247833,14180,1418
31503833,19852,1418
31747833,31196,1418
32052833,25524,1418
32472833,29778,1418
32922833,28360,0
33415833,29778,1418
33893833,24106,1418
34391833,26942,1418
34818833,19852,1418
35268833,25524,1418
35639833,19852,1418
36060833,21270,1418
36412833,19852,1418
36768833,19852,1418
37104833,14180,1418
37437833,14180,1418
37689833,15598,1418
37930833,22688,1418
38185833,18434,1418
38520833,18434,1418
38843833,21270,1418
39154833,26942,1418
39501833,14180,1418
39929833,12762,1418
40198833,9926,1418
40440833,7090,1418
40675833,12762,1418
40907833,8508,1418
41152833,8508,1418
41389833,7090,1418
41622833,4254,1418
41853833,2836,1418
42084833,2836,1418
42315833,4254,1418
42546833,4254,1418
42778833,5672,1418
43009833,5672,1418
43244833,7090,1418
43476833,9926,1418
43707833,8508,1418
43949833,7090,1418
44184833,9926,1418
44416833,7090,1418
44650833,8508,1418
44882833,14180,1418
45113833,7090,1418
45372833,11344,1418
45617833,14180,1418
45857833,8508,1418
46100833,15598,1418
46336833,19852,1418
46601833,14180,1418
46911833,9926,1418
47170833,14180,1418
47412833,17016,1418
47666833,14180,1418
47942833,12762,1418
48190833,14180,1418
48426833,12762,1418
48671833,14180,1418
48906833,11344,1418
49143833,9926,1418
49376833,9926,1418
49607833,11344,1418
49838833,22688,1418
50069833,17016,1418
50391833,12762,1418
50696833,11344,1418
50944833,7090,1418
51180833,5672,1418
51413833,5672,1418
51645833,7090,1418
51876833,4254,1418
52106833,7090,1418
52336833,14180,1418
52568833,14180,1418
52837833,12762,1418
53080833,7090,1418
53314833,7090,1418
53546833,8508,1418
53777833,8508,1418
54008833,9926,1418
54238833,14180,1418
54470833,15598,1418
54721833,22688,1418
54979833,22688,1418
55325833,14180,1418
55704833,15598,1418
55973833,18434,1418
56236833,18434,1418
56533833,19852,1418
56839833,17016,1418
57166833,9926,1418
57461833,7090,1418
57717833,9926,1418
57960833,9926,1418
58207833,15598,1418
58444833,11344,1418
58727833,21270,1418
58979833,15598,1418
59306833,22688,1418
59602833,46794,1418
59964833,43958,1418
