timestamp,rtt0,rtt1
611833,218,184
611833,218,184
829833,223,184
1052833,261,219
1313833,247,221
1560833,237,222
1797833,243,223
2040833,249,224
2289833,237,225
2526833,239,225
2765833,285,226
3050833,287,227
3337833,322,227
3659833,349,227
4008833,355,228
4363833,263,228
4626833,243,228
4869833,237,229
5106833,233,229
5339833,231,229
5570833,248,229
5818833,239,229
6057833,234,229
6291833,232,229
6523833,231,229
6754833,240,229
6994833,234,229
7228833,231,230
7459833,252,230
7711833,290,230
8001833,287,230
8288833,356,230
8644833,358,230
9002833,304,230
9306833,263,230
9569833,244,230
9813833,234,230
10047833,272,230
10319833,339,230
10658833,433,230
11091833,382,230
11473833,542,230
12015833,482,230
12497833,498,230
12995833,310,230
13305833,309,230
13614833,248,230
13862833,237,230
14099833,296,230
14395833,255,230
14650833,239,230
14889833,303,230
15192833,416,230
15608833,434,230
16042833,531,230
16573833,466,230
17039833,422,230
17461833,347,230
17808833,305,230
18113833,261,230
18374833,343,230
18717833,280,230
18997833,250,230
19247833,242,230
19489833,237,230
19726833,233,230
19959833,231,230
20190833,231,230
20421833,231,230
20652833,272,230
20924833,245,230
21169833,239,230
21408833,238,230
21646833,233,230
21879833,231,230
22110833,252,230
22362833,243,230
22605833,318,230
22923833,426,230
23349833,761,230
24110833,523,230
24633833,546,230
25179833,418,230
25597833,534,230
26131833,390,230
26521833,382,230
26903833,310,230
27213833,291,230
27504833,324,230
27828833,303,230
28131833,256,230
28387833,260,230
28647833,295,230
28942833,306,230
29248833,419,230
29667833,350,230
30017833,355,230
30372833,376,230
30748833,256,230
31004833,243,230
31247833,256,230
31503833,244,230
31747833,305,230
32052833,420,230
32472833,450,230
32922833,493,230
33415833,478,230
33893833,498,230
34391833,427,230
34818833,450,230
35268833,371,230
35639833,421,230
36060833,352,230
36412833,356,230
36768833,336,230
37104833,333,230
37437833,252,230
37689833,241,230
37930833,255,230
38185833,335,230
38520833,323,230
38843833,311,230
39154833,347,230
39501833,428,230
39929833,269,230
40198833,242,230
40440833,235,230
40675833,232,230
40907833,245,230
41152833,237,230
41389833,233,230
41622833,231,230
41853833,231,230
42084833,231,230
42315833,231,230
42546833,232,230
42778833,231,230
43009833,235,230
43244833,232,230
43476833,231,230
43707833,242,230
43949833,235,230
44184833,232,230
44416833,234,230
44650833,232,230
44882833,231,230
45113833,259,230
45372833,245,230
45617833,240,230
45857833,243,230
46100833,236,230
46336833,265,230
46601833,310,230
46911833,259,230
47170833,242,230
47412833,254,230
47666833,276,230
47942833,248,230
48190833,236,230
48426833,245,230
48671833,235,230
48906833,237,230
49143833,233,230
49376833,231,230
49607833,231,230
49838833,231,230
50069833,322,230
50391833,305,230
50696833,248,230
50944833,236,230
51180833,233,230
51413833,232,230
51645833,231,230
51876833,230,230
52106833,230,230
52336833,232,230
52568833,269,230
52837833,243,230
53080833,234,230
53314833,232,230
53546833,231,230
53777833,231,230
54008833,230,230
54238833,232,230
54470833,251,230
54721833,258,230
54979833,346,230
55325833,379,230
55704833,269,230
55973833,263,230
56236833,297,230
56533833,306,230
56839833,327,230
57166833,295,230
57461833,256,230
57717833,243,230
57960833,247,230
58207833,237,230
58444833,283,230
58727833,252,230
58979833,327,230
59306833,296,230
59602833,362,230
59964833,524,230
