timestamp,availableTxBuffer0,availableTxBuffer1
611833,246472,246472
611833,246472,246472
829833,240800,246472
1052833,239382,250726
1313833,243636,250726
1560833,239382,250726
1797833,237964,250726
2040833,242218,250726
2289833,237964,250726
2526833,233710,250726
2765833,235128,250726
3050833,232292,250726
3337833,230874,250726
3659833,230874,250726
4008833,240800,250726
4363833,242218,250726
4626833,245054,250726
4869833,245054,250726
5106833,243636,250726
5339833,239382,250726
5570833,243636,250726
5818833,243636,250726
6057833,243636,250726
6291833,245054,250726
6523833,239382,250726
6754833,242218,250726
6994833,242218,250726
7228833,237964,250726
7459833,233710,250726
7711833,235128,250726
8001833,229456,250726
8288833,230874,250726
8644833,233710,250726
9002833,236546,250726
9306833,237964,250726
9569833,239382,250726
9813833,235128,250726
10047833,229456,250726
10319833,223784,250726
10658833,232292,250726
11091833,218112,250726
11473833,225202,250726
12015833,222366,250726
12497833,237964,250726
12995833,233710,252144
13305833,239382,250726
13614833,240800,250726
13862833,235128,250726
14099833,240800,250726
14395833,239382,250726
14650833,232292,250726
14889833,220948,250726
15192833,228038,250726
15608833,219530,250726
16042833,223784,250726
16573833,226620,250726
17039833,230874,250726
17461833,233710,250726
17808833,239382,250726
18113833,230874,250726
18374833,237964,250726
18717833,242218,250726
18997833,247890,250726
19247833,245054,250726
19489833,245054,250726
19726833,245054,250726
19959833,246472,250726
20190833,245054,250726
20421833,237964,250726
20652833,237964,250726
20924833,237964,250726
21169833,237964,250726
21408833,240800,250726
21646833,239382,250726
21879833,236546,250726
22110833,237964,250726
22362833,230874,250726
22605833,202514,250726
22923833,218112,250726
23349833,230874,250726
24110833,219530,250726
24633833,237964,250726
25179833,219530,250726
25597833,230874,250726
26131833,229456,250726
26521833,233710,250726
26903833,235128,250726
27213833,232292,250726
27504833,233710,250726
27828833,237964,250726
28131833,236546,250726
28387833,233710,252144
28647833,233710,250726
28942833,223784,250726
29248833,236546,250726
29667833,230874,250726
30017833,230874,250726
30372833,237964,250726
30748833,237964,250726
31004833,236546,250726
31247833,237964,250726
31503833,232292,250726
31747833,220948,250726
32052833,226620,250726
32472833,222366,250726
32922833,223784,252144
33415833,222366,250726
33893833,228038,250726
34391833,225202,250726
34818833,232292,250726
35268833,226620,250726
35639833,232292,250726
36060833,230874,250726
36412833,232292,250726
36768833,232292,250726
37104833,237964,250726
37437833,237964,250726
37689833,236546,250726
37930833,229456,250726
38185833,233710,250726
38520833,233710,250726
38843833,230874,250726
39154833,225202,250726
39501833,237964,250726
39929833,239382,250726
40198833,242218,250726
40440833,245054,250726
40675833,239382,250726
40907833,243636,250726
41152833,243636,250726
41389833,245054,250726
41622833,247890,250726
41853833,249308,250726
42084833,249308,250726
42315833,247890,250726
42546833,247890,250726
42778833,246472,250726
43009833,246472,250726
43244833,245054,250726
43476833,242218,250726
43707833,243636,250726
43949833,245054,250726
44184833,242218,250726
44416833,245054,250726
44650833,243636,250726
44882833,237964,250726
45113833,245054,250726
45372833,240800,250726
45617833,237964,250726
45857833,243636,250726
46100833,236546,250726
46336833,232292,250726
46601833,237964,250726
46911833,242218,250726
47170833,237964,250726
47412833,235128,250726
47666833,237964,250726
47942833,239382,250726
48190833,237964,250726
48426833,239382,250726
48671833,237964,250726
48906833,240800,250726
49143833,242218,250726
49376833,242218,250726
49607833,240800,250726
49838833,229456,250726
50069833,235128,250726
50391833,239382,250726
50696833,240800,250726
50944833,245054,250726
51180833,246472,250726
51413833,246472,250726
51645833,245054,250726
51876833,247890,250726
52106833,245054,250726
52336833,237964,250726
52568833,237964,250726
52837833,239382,250726
53080833,245054,250726
53314833,245054,250726
53546833,243636,250726
53777833,243636,250726
54008833,242218,250726
54238833,237964,250726
54470833,236546,250726
54721833,229456,250726
54979833,229456,250726
55325833,237964,250726
55704833,236546,250726
55973833,233710,250726
56236833,233710,250726
56533833,232292,250726
56839833,235128,250726
57166833,242218,250726
57461833,245054,250726
57717833,242218,250726
57960833,242218,250726
58207833,236546,250726
58444833,240800,250726
58727833,230874,250726
58979833,236546,250726
59306833,229456,250726
59602833,205350,250726
59964833,208186,250726
