timestamp,rWnd0,rWnd1
611833,1073725440,1073725440
611833,1073725440,1073725440
829833,1073725440,1073725440
1052833,1073725440,1073725440
1313833,1073725440,1073725440
1560833,1073725440,1073725440
1797833,1073725440,1073725440
2040833,1073725440,1073725440
2289833,1073725440,1073725440
2526833,1073725440,1073725440
2765833,1073725440,1073725440
3050833,1073725440,1073725440
3337833,1073725440,1073725440
3659833,1073725440,1073725440
4008833,1073725440,1073725440
4363833,1073725440,1073725440
4626833,1073725440,1073725440
4869833,1073725440,1073725440
5106833,1073725440,1073725440
5339833,1073725440,1073725440
5570833,1073725440,1073725440
5818833,1073725440,1073725440
6057833,1073725440,1073725440
6291833,1073725440,1073725440
6523833,1073725440,1073725440
6754833,1073725440,1073725440
6994833,1073725440,1073725440
7228833,1073725440,1073725440
7459833,1073725440,1073725440
7711833,1073725440,1073725440
8001833,1073725440,1073725440
8288833,1073725440,1073725440
8644833,1073725440,1073725440
9002833,1073725440,1073725440
9306833,1073725440,1073725440
9569833,1073725440,1073725440
9813833,1073725440,1073725440
10047833,1073725440,1073725440
10319833,1073725440,1073725440
10658833,1073725440,1073725440
11091833,1073725440,1073725440
11473833,1073725440,1073725440
12015833,1073725440,1073725440
12497833,1073725440,1073725440
12995833,1073725440,1073725440
13305833,1073725440,1073725440
13614833,1073725440,1073725440
13862833,1073725440,1073725440
14099833,1073725440,1073725440
14395833,1073725440,1073725440
14650833,1073725440,1073725440
14889833,1073725440,1073725440
15192833,1073725440,1073725440
15608833,1073725440,1073725440
16042833,1073725440,1073725440
16573833,1073725440,1073725440
17039833,1073725440,1073725440
17461833,1073725440,1073725440
17808833,1073725440,1073725440
18113833,1073725440,1073725440
18374833,1073725440,1073725440
18717833,1073725440,1073725440
18997833,1073725440,1073725440
19247833,1073725440,1073725440
19489833,1073725440,1073725440
19726833,1073725440,1073725440
19959833,1073725440,1073725440
20190833,1073725440,1073725440
20421833,1073725440,1073725440
20652833,1073725440,1073725440
20924833,1073725440,1073725440
21169833,1073725440,1073725440
21408833,1073725440,1073725440
21646833,1073725440,1073725440
21879833,1073725440,1073725440
22110833,1073725440,1073725440
22362833,1073725440,1073725440
22605833,1073725440,1073725440
22923833,1073725440,1073725440
23349833,1073725440,1073725440
24110833,1073725440,1073725440
24633833,1073725440,1073725440
25179833,1073725440,1073725440
25597833,1073725440,1073725440
26131833,1073725440,1073725440
26521833,1073725440,1073725440
26903833,1073725440,1073725440
27213833,1073725440,1073725440
27504833,1073725440,1073725440
27828833,1073725440,1073725440
28131833,1073725440,1073725440
28387833,1073725440,1073725440
28647833,1073725440,1073725440
28942833,1073725440,1073725440
29248833,1073725440,1073725440
29667833,1073725440,1073725440
30017833,1073725440,1073725440
30372833,1073725440,1073725440
30748833,1073725440,1073725440
31004833,1073725440,1073725440
31247833,1073725440,1073725440
31503833,1073725440,1073725440
31747833,1073725440,1073725440
32052833,1073725440,1073725440
32472833,1073725440,1073725440
32922833,1073725440,1073725440
33415833,1073725440,1073725440
33893833,1073725440,1073725440
34391833,1073725440,1073725440
34818833,1073725440,1073725440
35268833,1073725440,1073725440
35639833,1073725440,1073725440
36060833,1073725440,1073725440
36412833,1073725440,1073725440
36768833,1073725440,1073725440
37104833,1073725440,1073725440
37437833,1073725440,1073725440
37689833,1073725440,1073725440
37930833,1073725440,1073725440
38185833,1073725440,1073725440
38520833,1073725440,1073725440
38843833,1073725440,1073725440
39154833,1073725440,1073725440
39501833,1073725440,1073725440
39929833,1073725440,1073725440
40198833,1073725440,1073725440
40440833,1073725440,1073725440
40675833,1073725440,1073725440
40907833,1073725440,1073725440
41152833,1073725440,1073725440
41389833,1073725440,1073725440
41622833,1073725440,1073725440
41853833,1073725440,1073725440
42084833,1073725440,1073725440
42315833,1073725440,1073725440
42546833,1073725440,1073725440
42778833,1073725440,1073725440
43009833,1073725440,1073725440
43244833,1073725440,1073725440
43476833,1073725440,1073725440
43707833,1073725440,1073725440
43949833,1073725440,1073725440
44184833,1073725440,1073725440
44416833,1073725440,1073725440
44650833,1073725440,1073725440
44882833,1073725440,1073725440
45113833,1073725440,1073725440
45372833,1073725440,1073725440
45617833,1073725440,1073725440
45857833,1073725440,1073725440
46100833,1073725440,1073725440
46336833,1073725440,1073725440
46601833,1073725440,1073725440
46911833,1073725440,1073725440
47170833,1073725440,1073725440
47412833,1073725440,1073725440
47666833,1073725440,1073725440
47942833,1073725440,1073725440
48190833,1073725440,1073725440
48426833,1073725440,1073725440
48671833,1073725440,1073725440
48906833,1073725440,1073725440
49143833,1073725440,1073725440
49376833,1073725440,1073725440
49607833,1073725440,1073725440
49838833,1073725440,1073725440
50069833,1073725440,1073725440
50391833,1073725440,1073725440
50696833,1073725440,1073725440
50944833,1073725440,1073725440
51180833,1073725440,1073725440
51413833,1073725440,1073725440
51645833,1073725440,1073725440
51876833,1073725440,1073725440
52106833,1073725440,1073725440
52336833,1073725440,1073725440
52568833,1073725440,1073725440
52837833,1073725440,1073725440
53080833,1073725440,1073725440
53314833,1073725440,1073725440
53546833,1073725440,1073725440
53777833,1073725440,1073725440
54008833,1073725440,1073725440
54238833,1073725440,1073725440
54470833,1073725440,1073725440
54721833,1073725440,1073725440
54979833,1073725440,1073725440
55325833,1073725440,1073725440
55704833,1073725440,1073725440
55973833,1073725440,1073725440
56236833,1073725440,1073725440
56533833,1073725440,1073725440
56839833,1073725440,1073725440
57166833,1073725440,1073725440
57461833,1073725440,1073725440
57717833,1073725440,1073725440
57960833,1073725440,1073725440
58207833,1073725440,1073725440
58444833,1073725440,1073725440
58727833,1073725440,1073725440
58979833,1073725440,1073725440
59306833,1073725440,1073725440
59602833,1073725440,1073725440
59964833,1073725440,1073725440
