timestamp,cWnd0,cWnd1
611833,5672,5672
611833,11346,1500
829833,11346,1500
1052833,12880,1500
1313833,9440,1500
1560833,14029,1500
1797833,14866,1500
2040833,10226,1500
2289833,14457,1500
2526833,18895,1500
2765833,18052,1500
3050833,21081,1500
3337833,21822,1500
3659833,21677,1500
4008833,12247,1500
4363833,10636,1500
4626833,8067,1500
4869833,8092,1500
5106833,8967,1500
5339833,12971,1500
5570833,8656,1500
5818833,10587,1500
6057833,9903,1500
6291833,8311,1500
6523833,13350,1500
6754833,12215,1500
6994833,10677,1500
7228833,14705,1500
7459833,18639,1500
7711833,18069,1500
8001833,23262,1500
8288833,22124,1500
8644833,19503,1500
9002833,16946,1500
9306833,14226,1500
9569833,14148,1500
9813833,17641,1500
10047833,23858,1500
10319833,29219,1500
10658833,21081,1500
11091833,35347,1500
11473833,27567,1500
12015833,29899,1500
12497833,16340,1500
12995833,18959,1500
13305833,13027,1500
13614833,12654,1500
13862833,18169,1500
14099833,11923,1500
14395833,13852,1500
14650833,20387,1500
14889833,31832,1500
15192833,24978,1500
15608833,33847,1500
16042833,29322,1500
16573833,26860,1500
17039833,22131,1500
17461833,18477,1500
17808833,14080,1500
18113833,21465,1500
18374833,15404,1500
18717833,10917,1500
18997833,5620,1500
19247833,7375,1500
19489833,8120,1500
19726833,7110,1500
19959833,6672,1500
20190833,8076,1500
20421833,14544,1500
20652833,14661,1500
20924833,14489,1500
21169833,15124,1500
21408833,11726,1500
21646833,14095,1500
21879833,16179,1500
22110833,14644,1500
22362833,22192,1500
22605833,50729,1500
22923833,35070,1500
23349833,22313,1500
24110833,33782,1500
24633833,15523,1500
25179833,33205,1500
25597833,21538,1500
26131833,23395,1500
26521833,18546,1500
26903833,17878,1500
27213833,20873,1500
27504833,19772,1500
27828833,15484,1500
28131833,15981,1500
28387833,18607,1500
28647833,18787,1500
28942833,29599,1500
29248833,16251,1500
29667833,21573,1500
30017833,23876,1500
30372833,15140,1500
30748833,14964,1500
31004833,16288,1500
31247833,14978,1500
31503833,20393,1500
31747833,31906,1500
32052833,26165,1500
32472833,29797,1500
32922833,29184,1500
33415833,30718,1500
33893833,24634,1500
34391833,27205,1500
34818833,20401,1500
35268833,25921,1500
35639833,20569,1500
36060833,22020,1500
36412833,20487,1500
36768833,20269,1500
37104833,15353,1500
37437833,14557,1500
37689833,16873,1500
37930833,23468,1500
38185833,19348,1500
38520833,18944,1500
38843833,21325,1500
39154833,27197,1500
39501833,14318,1500
39929833,13210,1500
40198833,10148,1500
40440833,7381,1500
40675833,12940,1500
40907833,8967,1500
41152833,9255,1500
41389833,8092,1500
41622833,4829,1500
41853833,3386,1500
42084833,3926,1500
42315833,6129,1500
42546833,6319,1500
42778833,7591,1500
43009833,6943,1500
43244833,8475,1500
43476833,10984,1500
43707833,8609,1500
43949833,7133,1500
44184833,10891,1500
44416833,8466,1500
44650833,9781,1500
44882833,14666,1500
45113833,8410,1500
45372833,12407,1500
45617833,14334,1500
45857833,9925,1500
46100833,16704,1500
46336833,21262,1500
46601833,14662,1500
46911833,11808,1500
47170833,14839,1500
47412833,17316,1500
47666833,15493,1500
47942833,13757,1500
48190833,15041,1500
48426833,12883,1500
48671833,15524,1500
48906833,11602,1500
49143833,11243,1500
49376833,11145,1500
49607833,12435,1500
49838833,23565,1500
50069833,17959,1500
50391833,12899,1500
50696833,11896,1500
50944833,7112,1500
51180833,6240,1500
51413833,6313,1500
51645833,7214,1500
51876833,5914,1500
52106833,7254,1500
52336833,15473,1500
52568833,15117,1500
52837833,12919,1500
53080833,8044,1500
53314833,7554,1500
53546833,9234,1500
53777833,9545,1500
54008833,11007,1500
54238833,14736,1500
54470833,16768,1500
54721833,24679,1500
54979833,23652,1500
55325833,14622,1500
55704833,17008,1500
55973833,19758,1500
56236833,19733,1500
56533833,19919,1500
56839833,17044,1500
57166833,11246,1500
57461833,7988,1500
57717833,9983,1500
57960833,11034,1500
58207833,16161,1500
58444833,13802,1500
58727833,22255,1500
58979833,15657,1500
59306833,22717,1500
59602833,47807,1500
59964833,46778,1500
