timestamp,lastAckedSeq,highTxMark,availableTxBuffer,nextTxSeq,totalCwnd,unAckMeta
611833,5673,17017,1158,17017,11344,11344
611833,5673,17017,1158,17017,12846,11344
829833,11345,28361,1158,28361,12846,17016
1052833,28361,42541,1158,42541,14380,14180
1313833,42541,52467,1158,52467,10940,9926
1560833,53885,68065,1158,68065,15529,14180
1797833,68065,83663,1158,83663,16366,15598
2040833,83663,95007,1158,95007,11726,11344
2289833,96425,112023,1158,112023,15957,15598
2526833,112023,131875,1158,131875,20395,19852
2765833,127621,146055,1158,146055,19552,18434
3050833,146055,168743,1158,168743,22581,22688
3337833,164489,188595,1158,188595,23322,24106
3659833,187177,209865,1158,209865,23177,22688
4008833,208447,222627,1158,222627,13747,14180
4363833,226881,238225,1158,238225,12136,11344
4626833,238225,246733,1158,246733,9567,8508
4869833,246733,255241,1158,255241,9592,8508
5106833,256659,266585,1158,266585,10467,9926
5339833,266585,280765,1158,280765,14471,14180
5570833,280765,290691,1158,290691,10156,9926
5818833,292109,302035,2576,302035,12087,9926
6057833,302035,311961,1158,311961,11403,9926
6291833,311961,320469,1158,320469,9811,8508
6523833,321887,336067,1158,336067,14850,14180
6754833,336067,347411,2576,347411,13715,11344
6994833,347411,358755,1158,358755,12177,11344
7228833,360173,375771,1158,375771,16205,15598
7459833,374353,394205,1158,394205,20139,19852
7711833,391369,409803,1158,409803,19569,18434
8001833,409803,435327,1158,435327,24762,25524
8288833,428237,452343,1158,452343,23624,24106
8644833,452343,472195,1158,472195,21003,19852
9002833,476449,493465,1158,493465,18446,17016
9306833,496301,511899,1158,511899,15726,15598
9569833,511899,526079,1158,526079,15648,14180
9813833,527497,545931,1158,545931,19141,18434
10047833,543095,567201,1158,567201,25358,24106
10319833,560111,589889,1158,589889,30719,29778
10658833,581381,604069,1158,604069,22581,22688
11091833,611159,648027,1158,648027,36847,36868
11473833,635265,665043,1158,665043,29067,29778
12015833,669297,701911,1158,701911,31399,32614
12497833,703329,718927,3994,718927,17840,15598
12995833,734525,754377,1158,754377,20459,19852
13305833,755795,769975,1158,769975,14527,14180
13614833,772811,785573,1158,785573,14154,12762
13862833,785573,804007,1158,804007,19669,18434
14099833,801171,813933,1158,813933,13423,12762
14395833,818187,832367,1158,832367,15352,14180
14650833,833785,856473,1158,856473,21887,22688
14889833,849383,883415,1158,883415,33332,34032
15192833,869235,896177,1158,896177,26478,26942
15608833,896177,931627,1158,931627,35347,35450
16042833,923119,954315,1158,954315,30822,31196
16573833,959987,988347,1158,988347,28360,28360
17039833,989765,1013871,1158,1013871,23631,24106
17461833,1018125,1037977,1158,1037977,19977,19852
17808833,1040813,1054993,1158,1054993,15580,14180
18113833,1059247,1081935,1158,1081935,22965,22688
18374833,1076263,1091861,1158,1091861,16904,15598
18717833,1094697,1106041,1158,1106041,12417,11344
18997833,1106041,1111713,1158,1111713,7120,5672
19247833,1113131,1121639,1158,1121639,8875,8508
19489833,1123057,1131565,1158,1131565,9620,8508
19726833,1131565,1140073,1158,1140073,8610,8508
19959833,1140073,1147163,1158,1147163,8172,7090
20190833,1147163,1155671,1158,1155671,9576,8508
20421833,1155671,1171269,1158,1171269,16044,15598
20652833,1171269,1186867,1158,1186867,16161,15598
20924833,1188285,1203883,1158,1203883,15989,15598
21169833,1203883,1219481,1158,1219481,16624,15598
21408833,1219481,1232243,1158,1232243,13226,12762
21646833,1233661,1247841,1158,1247841,15595,14180
21879833,1247841,1264857,1158,1264857,17679,17016
22110833,1262021,1277619,1158,1277619,16144,15598
22362833,1279037,1301725,1158,1301725,23692,22688
22605833,1294635,1345683,1158,1345683,52229,51048
22923833,1313069,1351355,1158,1351355,36570,38286
23349833,1340011,1365535,1158,1365535,23813,25524
24110833,1391059,1427927,1158,1427927,35282,36868
24633833,1425091,1443525,1158,1443525,17023,18434
25179833,1461959,1497409,1158,1497409,34705,35450
25597833,1487483,1513007,1158,1513007,23038,25524
26131833,1524351,1549875,1158,1549875,24895,25524
26521833,1549875,1571145,1158,1571145,20046,21270
26903833,1575399,1593833,1158,1593833,19378,18434
27213833,1595251,1617939,1158,1617939,22373,22688
27504833,1613685,1634955,1158,1634955,21272,21270
27828833,1636373,1651971,1158,1651971,16984,15598
28131833,1656225,1673241,1158,1673241,17481,17016
28387833,1671823,1691675,1158,1691675,20107,19852
28647833,1688839,1710109,1158,1710109,20287,21270
28942833,1707273,1738469,1158,1738469,31099,31196
29248833,1727125,1745559,1158,1745559,17751,18434
29667833,1755485,1779591,1158,1779591,23073,24106
30017833,1779591,1802279,2576,1802279,25376,22688
30372833,1800861,1817877,1158,1817877,16640,17016
30748833,1826385,1841983,1158,1841983,16464,15598
31004833,1843401,1860417,1158,1860417,17788,17016
31247833,1858999,1874597,1158,1874597,16478,15598
31503833,1876015,1898703,1158,1898703,21893,22688
31747833,1891613,1925645,1158,1925645,33406,34032
32052833,1911465,1939825,1158,1939825,27665,28360
32472833,1938407,1971021,1158,1971021,31297,32614
32922833,1966767,1997963,1158,1997963,30684,31196
33415833,2000799,2033413,1158,2033413,32218,32614
33893833,2030577,2058937,1158,2058937,26134,28360
34391833,2064609,2094387,1158,2094387,28705,29778
34818833,2092969,2114239,1158,2114239,21901,21270
35268833,2119911,2148271,1158,2148271,27421,28360
35639833,2145435,2168123,1158,2168123,22069,22688
36060833,2173795,2197901,1158,2197901,23520,24106
36412833,2196483,2217753,1158,2217753,21987,21270
36768833,2219171,2241859,1158,2241859,21769,22688
37104833,2241859,2257457,1158,2257457,16853,15598
37437833,2263129,2278727,1158,2278727,16057,15598
37689833,2280145,2297161,1158,2297161,18373,17016
37930833,2295743,2319849,1158,2319849,24968,24106
38185833,2312759,2334029,1158,2334029,20848,21270
38520833,2335447,2355299,1158,2355299,20444,19852
38843833,2355299,2377987,1158,2377987,22825,22688
39154833,2375151,2404929,1158,2404929,28697,29778
39501833,2397839,2414855,1158,2414855,15818,17016
39929833,2426199,2440379,1158,2440379,14710,14180
40198833,2440379,2451723,1158,2451723,11648,11344
40440833,2451723,2460231,1158,2460231,8881,8508
40675833,2461649,2475829,1158,2475829,14440,14180
40907833,2475829,2485755,1158,2485755,10467,9926
41152833,2485755,2495681,1158,2495681,10755,9926
41389833,2495681,2504189,1158,2504189,9592,8508
41622833,2504189,2509861,1158,2509861,6329,5672
41853833,2509861,2514115,1158,2514115,4886,4254
42084833,2514115,2518369,1158,2518369,5426,4254
42315833,2519787,2525459,2576,2525459,7629,5672
42546833,2526877,2532549,2576,2532549,7819,5672
42778833,2533967,2541057,2576,2541057,9091,7090
43009833,2541057,2548147,1158,2548147,8443,7090
43244833,2549565,2558073,1158,2558073,9975,8508
43476833,2558073,2569417,1158,2569417,12484,11344
43707833,2569417,2579343,1158,2579343,10109,9926
43949833,2579343,2587851,1158,2587851,8633,8508
44184833,2587851,2599195,1158,2599195,12391,11344
44416833,2599195,2607703,1158,2607703,9966,8508
44650833,2607703,2617629,1158,2617629,11281,9926
44882833,2617629,2633227,1158,2633227,16166,15598
45113833,2633227,2641735,1158,2641735,9910,8508
45372833,2643153,2655915,1158,2655915,13907,12762
45617833,2657333,2672931,1158,2672931,15834,15598
45857833,2672931,2682857,1158,2682857,11425,9926
46100833,2682857,2699873,1158,2699873,18204,17016
46336833,2698455,2719725,1158,2719725,22762,21270
46601833,2715471,2731069,1158,2731069,16162,15598
46911833,2735323,2746667,2576,2746667,13308,11344
47170833,2749503,2765101,1158,2765101,16339,15598
47412833,2765101,2783535,1158,2783535,18816,18434
47666833,2780699,2796297,1158,2796297,16993,15598
47942833,2797715,2811895,1158,2811895,15257,14180
48190833,2813313,2828911,1158,2828911,16541,15598
48426833,2828911,2843091,1158,2843091,14383,14180
48671833,2843091,2858689,1158,2858689,17024,15598
48906833,2858689,2871451,1158,2871451,13102,12762
49143833,2871451,2882795,1158,2882795,12743,11344
49376833,2882795,2894139,1158,2894139,12645,11344
49607833,2894139,2906901,1158,2906901,13935,12762
49838833,2906901,2931007,1158,2931007,25065,24106
50069833,2922499,2940933,1158,2940933,19459,18434
50391833,2943769,2957949,1158,2957949,14399,14180
50696833,2960785,2973547,1158,2973547,13396,12762
50944833,2973547,2982055,1158,2982055,8612,8508
51180833,2982055,2989145,1158,2989145,7740,7090
51413833,2989145,2996235,1158,2996235,7813,7090
51645833,2997653,3006161,1158,3006161,8714,8508
51876833,3006161,3011833,2576,3011833,7414,5672
52106833,3011833,3020341,1158,3020341,8754,8508
52336833,3020341,3035939,1158,3035939,16973,15598
52568833,3035939,3051537,1158,3051537,16617,15598
52837833,3052955,3067135,1158,3067135,14419,14180
53080833,3067135,3075643,1158,3075643,9544,8508
53314833,3075643,3084151,1158,3084151,9054,8508
53546833,3084151,3094077,1158,3094077,10734,9926
53777833,3094077,3104003,1158,3104003,11045,9926
54008833,3104003,3115347,1158,3115347,12507,11344
54238833,3115347,3130945,1158,3130945,16236,15598
54470833,3130945,3147961,1158,3147961,18268,17016
54721833,3147961,3172067,2576,3172067,26179,24106
54979833,3162141,3187665,1158,3187665,25152,25524
55325833,3186247,3203263,1158,3203263,16122,17016
55704833,3211771,3228787,1158,3228787,18508,17016
55973833,3228787,3248639,1158,3248639,21258,19852
56236833,3245803,3265655,1158,3265655,21233,19852
56533833,3264237,3286925,1158,3286925,21419,22688
56839833,3285507,3303941,1158,3303941,18544,18434
57166833,3303941,3315285,1158,3315285,12746,11344
57461833,3316703,3325211,1158,3325211,9488,8508
57717833,3328047,3339391,1158,3339391,11483,11344
57960833,3339391,3350735,1158,3350735,12534,11344
58207833,3352153,3369169,1158,3369169,17661,17016
58444833,3367751,3380513,2576,3380513,15302,12762
58727833,3384767,3407455,1158,3407455,23755,22688
58979833,3400365,3417381,1158,3417381,17157,17016
59306833,3421635,3445741,1158,3445741,24217,24106
59602833,3440069,3489699,1158,3489699,49307,49630
59964833,3462757,3510969,2576,3510969,48278,48212
