timestamp,rtt0,rtt1
611833,218,184
611833,218,184
829833,223,184
1052833,309,219
1361833,574,221
1935833,948,224
2883833,507,226
3390833,460,227
3850833,364,228
4214833,378,228
4592833,286,228
4878833,285,229
5163833,322,229
5485833,263,229
5748833,242,229
5990833,234,229
6224833,308,229
6532833,346,229
6878833,274,230
7152833,246,230
7398833,243,230
7641833,236,230
7877833,233,230
8110833,233,230
8343833,234,230
8577833,232,230
8809833,231,230
9040833,231,230
9271833,233,230
9504833,235,230
9739833,233,230
9972833,236,230
10208833,237,230
10445833,233,230
10678833,232,230
10910833,236,230
11146833,237,230
11383833,233,230
11616833,231,230
11847833,231,230
12078833,232,230
12310833,231,230
12541833,230,230
12771833,237,230
13008833,296,230
13304833,263,230
13567833,284,230
13851833,251,230
14102833,240,230
14342833,235,230
14577833,233,230
14810833,231,230
15041833,231,230
15272833,232,230
15504833,231,230
15735833,243,230
15978833,236,230
16214833,233,230
16447833,320,230
16767833,317,230
17084833,279,230
17363833,320,230
17683833,413,230
18096833,501,230
18597833,464,230
19061833,519,230
19580833,339,230
19919833,298,230
20217833,327,230
20544833,332,230
20876833,298,230
21174833,306,230
21480833,396,230
21876833,459,230
22335833,432,230
22767833,428,230
23195833,553,230
23748833,421,230
24169833,388,230
24557833,288,230
24845833,285,230
25130833,268,230
25398833,281,230
25679833,390,230
26069833,444,230
26513833,424,230
26937833,370,230
27307833,286,230
27593833,255,230
27848833,243,230
28091833,241,230
28332833,241,230
28573833,288,230
28861833,247,230
29108833,240,230
29348833,233,230
29581833,231,230
29812833,231,230
30043833,231,230
30274833,230,230
30504833,232,230
30736833,276,230
31012833,351,230
31363833,298,230
31661833,257,230
31918833,243,230
32161833,237,230
32398833,233,230
32631833,232,230
32863833,231,230
33094833,245,230
33339833,237,230
33576833,234,230
33810833,232,230
34042833,232,230
34274833,231,230
34505833,244,230
34749833,235,230
34984833,232,230
35216833,251,230
35467833,305,230
35772833,270,230
36042833,281,230
36323833,247,230
36570833,236,230
36806833,294,230
37100833,307,230
37407833,250,230
37657833,236,230
37893833,232,230
38125833,231,230
38356833,231,230
38587833,230,230
38817833,230,230
39047833,230,230
39277833,230,230
39507833,236,230
39743833,254,230
39997833,243,230
40240833,236,230
40476833,233,230
40709833,231,230
40940833,239,230
41179833,234,230
41413833,277,230
41690833,343,230
42033833,357,230
42390833,290,230
42680833,305,230
42985833,290,230
43275833,305,230
43580833,290,230
43870833,305,230
44175833,253,230
44428833,237,230
44665833,232,230
44897833,244,230
45141833,235,230
45376833,232,230
45608833,232,230
45840833,272,230
46112833,299,230
46411833,260,230
46671833,350,230
47021833,376,230
47397833,360,230
47757833,357,230
48114833,336,230
48450833,333,230
48783833,314,230
49097833,491,230
49588833,523,230
50111833,448,230
50559833,430,230
50989833,428,230
51417833,320,230
51737833,261,230
51998833,245,230
52243833,238,230
52481833,234,230
52715833,232,230
52947833,243,230
53190833,296,230
53486833,323,230
53809833,432,230
54241833,557,230
54798833,712,230
55510833,971,230
56481833,1207,230
57688833,512,230
58200833,450,230
58650833,369,230
59019833,262,230
59281833,245,230
59526833,236,230
59762833,233,230
59995833,236,230
