timestamp,cWnd0,cWnd1
611833,5672,5672
611833,46747,1500
829833,46747,1500
1052833,74883,1500
1361833,58416,1500
1935833,31040,1500
2883833,28817,1500
3390833,19862,1500
3850833,23787,1500
4214833,15933,1500
4592833,18146,1500
4878833,19977,1500
5163833,13968,1500
5485833,14905,1500
5748833,12765,1500
5990833,20586,1500
6224833,21720,1500
6532833,16720,1500
6878833,12582,1500
7152833,12835,1500
7398833,9491,1500
7641833,6075,1500
7877833,9269,1500
8110833,10598,1500
8343833,6233,1500
8577833,6507,1500
8809833,7225,1500
9040833,8951,1500
9271833,10847,1500
9504833,5374,1500
9739833,7507,1500
9972833,9626,1500
10208833,7437,1500
10445833,4993,1500
10678833,8800,1500
10910833,10006,1500
11146833,8598,1500
11383833,8150,1500
11616833,9289,1500
11847833,10315,1500
12078833,9622,1500
12310833,6509,1500
12541833,11157,1500
12771833,17924,1500
13008833,11384,1500
13304833,18247,1500
13567833,15034,1500
13851833,9092,1500
14102833,8518,1500
14342833,8486,1500
14577833,7816,1500
14810833,7574,1500
15041833,10014,1500
15272833,7072,1500
15504833,11595,1500
15735833,9145,1500
15978833,9490,1500
16214833,21025,1500
16447833,18841,1500
16767833,16083,1500
17084833,21110,1500
17363833,28167,1500
17683833,31346,1500
18096833,27916,1500
18597833,31765,1500
19061833,23384,1500
19580833,17224,1500
19919833,20539,1500
20217833,20927,1500
20544833,17153,1500
20876833,19120,1500
21174833,25905,1500
21480833,29101,1500
21876833,26634,1500
22335833,26625,1500
22767833,34366,1500
23195833,25019,1500
23748833,24394,1500
24169833,15667,1500
24557833,17956,1500
24845833,16060,1500
25130833,17086,1500
25398833,28036,1500
25679833,27146,1500
26069833,25835,1500
26513833,23157,1500
26937833,16820,1500
27307833,7892,1500
27593833,6875,1500
27848833,8076,1500
28091833,9823,1500
28332833,16919,1500
28573833,13465,1500
28861833,14362,1500
29108833,13023,1500
29348833,13881,1500
29581833,8703,1500
29812833,11117,1500
30043833,9615,1500
30274833,11960,1500
30504833,18397,1500
30736833,24580,1500
31012833,13428,1500
31363833,10387,1500
31661833,7092,1500
31918833,8613,1500
32161833,9303,1500
32398833,6677,1500
32631833,7632,1500
32863833,12503,1500
33094833,8239,1500
33339833,6322,1500
33576833,8363,1500
33810833,9811,1500
34042833,6588,1500
34274833,12094,1500
34505833,12073,1500
34749833,12032,1500
34984833,14975,1500
35216833,21004,1500
35467833,15523,1500
35772833,17120,1500
36042833,14349,1500
36323833,13633,1500
36570833,19353,1500
36806833,19427,1500
37100833,14351,1500
37407833,13238,1500
37657833,11357,1500
37893833,13721,1500
38125833,10140,1500
38356833,7989,1500
38587833,6348,1500
38817833,6773,1500
39047833,4566,1500
39277833,7834,1500
39507833,11406,1500
39743833,7082,1500
39997833,8544,1500
40240833,9375,1500
40476833,8992,1500
40709833,13737,1500
40940833,12544,1500
41179833,17208,1500
41413833,22857,1500
41690833,21484,1500
42033833,16940,1500
42390833,18568,1500
42680833,17865,1500
42985833,18441,1500
43275833,17311,1500
43580833,19788,1500
43870833,12728,1500
44175833,12858,1500
44428833,13314,1500
44665833,15059,1500
44897833,13856,1500
45141833,10021,1500
45376833,13175,1500
45608833,17981,1500
45840833,19539,1500
46112833,13938,1500
46411833,23944,1500
46671833,23671,1500
47021833,22073,1500
47397833,22532,1500
47757833,20525,1500
48114833,21080,1500
48450833,19151,1500
48783833,39957,1500
49097833,21139,1500
49588833,27986,1500
50111833,26575,1500
50559833,25998,1500
50989833,20411,1500
51417833,10869,1500
51737833,7978,1500
51998833,8959,1500
52243833,9696,1500
52481833,9436,1500
52715833,13828,1500
52947833,19490,1500
53190833,20133,1500
53486833,29337,1500
53809833,36488,1500
54241833,44699,1500
54798833,60639,1500
55510833,73509,1500
56481833,48481,1500
57688833,29223,1500
58200833,22397,1500
58650833,9897,1500
59019833,9894,1500
59281833,9948,1500
59526833,9313,1500
59762833,13939,1500
59995833,11257,1500
