timestamp,unAck0,unAck1
611833,5672,5672
611833,5672,5672
829833,45376,5672
1052833,73736,1418
1361833,58138,1418
1935833,29778,1418
2883833,28360,1418
3390833,19852,1418
3850833,21270,1418
4214833,15598,1418
4592833,17016,1418
4878833,19852,1418
5163833,11344,1418
5485833,14180,1418
5748833,12762,1418
5990833,19852,1418
6224833,21270,1418
6532833,15598,1418
6878833,9926,1418
7152833,12762,1418
7398833,8508,1418
7641833,5672,1418
7877833,8508,1418
8110833,9926,1418
8343833,5672,1418
8577833,5672,1418
8809833,7090,1418
9040833,8508,1418
9271833,9926,1418
9504833,4254,1418
9739833,7090,1418
9972833,8508,1418
10208833,7090,1418
10445833,4254,1418
10678833,8508,1418
10910833,9926,1418
11146833,8508,1418
11383833,7090,1418
11616833,8508,1418
11847833,9926,1418
12078833,8508,1418
12310833,5672,1418
12541833,9926,1418
12771833,17016,1418
13008833,11344,1418
13304833,17016,1418
13567833,14180,1418
13851833,8508,1418
14102833,8508,1418
14342833,7090,1418
14577833,7090,1418
14810833,7090,1418
15041833,8508,1418
15272833,5672,1418
15504833,11344,1418
15735833,8508,1418
15978833,8508,1418
16214833,19852,1418
16447833,18434,1418
16767833,15598,1418
17084833,19852,1418
17363833,26942,1418
17683833,31196,1418
18096833,26942,1418
18597833,31196,1418
19061833,21270,1418
19580833,17016,1418
19919833,19852,1418
20217833,19852,1418
20544833,17016,1418
20876833,18434,1418
21174833,25524,1418
21480833,28360,1418
21876833,25524,0
22335833,25524,1418
22767833,34032,1418
23195833,24106,1418
23748833,24106,1418
24169833,14180,1418
24557833,17016,1418
24845833,15598,1418
25130833,17016,1418
25398833,26942,1418
25679833,26942,1418
26069833,25524,1418
26513833,22688,1418
26937833,15598,1418
27307833,7090,1418
27593833,5672,0
27848833,7090,1418
28091833,8508,1418
28332833,15598,1418
28573833,12762,1418
28861833,14180,1418
29108833,12762,1418
29348833,12762,1418
29581833,8508,1418
29812833,9926,1418
30043833,8508,1418
30274833,11344,1418
30504833,17016,1418
30736833,24106,1418
31012833,12762,1418
31363833,9926,1418
31661833,7090,1418
31918833,8508,1418
32161833,8508,1418
32398833,5672,1418
32631833,7090,1418
32863833,11344,1418
33094833,7090,1418
33339833,5672,1418
33576833,7090,1418
33810833,8508,1418
34042833,5672,1418
34274833,11344,1418
34505833,11344,1418
34749833,11344,1418
34984833,12762,1418
35216833,19852,1418
35467833,14180,1418
35772833,15598,1418
36042833,14180,1418
36323833,12762,1418
36570833,17016,1418
36806833,18434,1418
37100833,14180,1418
37407833,12762,1418
37657833,11344,1418
37893833,12762,1418
38125833,9926,1418
38356833,7090,1418
38587833,5672,1418
38817833,5672,1418
39047833,4254,1418
39277833,5672,1418
39507833,11344,1418
39743833,5672,1418
39997833,8508,1418
40240833,8508,1418
40476833,8508,1418
40709833,12762,1418
40940833,11344,1418
41179833,15598,1418
41413833,22688,0
41690833,21270,1418
42033833,15598,1418
42390833,18434,1418
42680833,17016,1418
42985833,18434,1418
43275833,17016,1418
43580833,18434,1418
43870833,11344,1418
44175833,12762,1418
44428833,12762,1418
44665833,14180,1418
44897833,12762,1418
45141833,9926,1418
45376833,12762,1418
45608833,17016,1418
45840833,18434,1418
46112833,12762,1418
46411833,22688,1418
46671833,22688,1418
47021833,21270,1418
47397833,21270,1418
47757833,19852,1418
48114833,19852,1418
48450833,18434,1418
48783833,39704,1418
49097833,21270,1418
49588833,26942,1418
50111833,25524,1418
50559833,25524,1418
50989833,19852,1418
51417833,9926,1418
51737833,7090,1418
51998833,8508,1418
52243833,8508,1418
52481833,8508,1418
52715833,12762,1418
52947833,17016,1418
53190833,19852,1418
53486833,28360,1418
53809833,35450,1418
54241833,43958,1418
54798833,59556,1418
55510833,72318,1418
56481833,46794,1418
57688833,28360,1418
58200833,21270,1418
58650833,8508,1418
59019833,8508,1418
59281833,9926,1418
59526833,8508,1418
59762833,12762,1418
59995833,9926,1418
