timestamp,rWnd0,rWnd1
611833,1073725440,1073725440
611833,1073725440,1073725440
829833,1073725440,1073725440
1052833,1073725440,1073725440
1361833,1073725440,1073725440
1935833,1073725440,1073725440
2883833,1073725440,1073725440
3390833,1073725440,1073725440
3850833,1073725440,1073725440
4214833,1073725440,1073725440
4592833,1073725440,1073725440
4878833,1073725440,1073725440
5163833,1073725440,1073725440
5485833,1073725440,1073725440
5748833,1073725440,1073725440
5990833,1073725440,1073725440
6224833,1073725440,1073725440
6532833,1073725440,1073725440
6878833,1073725440,1073725440
7152833,1073725440,1073725440
7398833,1073725440,1073725440
7641833,1073725440,1073725440
7877833,1073725440,1073725440
8110833,1073725440,1073725440
8343833,1073725440,1073725440
8577833,1073725440,1073725440
8809833,1073725440,1073725440
9040833,1073725440,1073725440
9271833,1073725440,1073725440
9504833,1073725440,1073725440
9739833,1073725440,1073725440
9972833,1073725440,1073725440
10208833,1073725440,1073725440
10445833,1073725440,1073725440
10678833,1073725440,1073725440
10910833,1073725440,1073725440
11146833,1073725440,1073725440
11383833,1073725440,1073725440
11616833,1073725440,1073725440
11847833,1073725440,1073725440
12078833,1073725440,1073725440
12310833,1073725440,1073725440
12541833,1073725440,1073725440
12771833,1073725440,1073725440
13008833,1073725440,1073725440
13304833,1073725440,1073725440
13567833,1073725440,1073725440
13851833,1073725440,1073725440
14102833,1073725440,1073725440
14342833,1073725440,1073725440
14577833,1073725440,1073725440
14810833,1073725440,1073725440
15041833,1073725440,1073725440
15272833,1073725440,1073725440
15504833,1073725440,1073725440
15735833,1073725440,1073725440
15978833,1073725440,1073725440
16214833,1073725440,1073725440
16447833,1073725440,1073725440
16767833,1073725440,1073725440
17084833,1073725440,1073725440
17363833,1073725440,1073725440
17683833,1073725440,1073725440
18096833,1073725440,1073725440
18597833,1073725440,1073725440
19061833,1073725440,1073725440
19580833,1073725440,1073725440
19919833,1073725440,1073725440
20217833,1073725440,1073725440
20544833,1073725440,1073725440
20876833,1073725440,1073725440
21174833,1073725440,1073725440
21480833,1073725440,1073725440
21876833,1073725440,1073725440
22335833,1073725440,1073725440
22767833,1073725440,1073725440
23195833,1073725440,1073725440
23748833,1073725440,1073725440
24169833,1073725440,1073725440
24557833,1073725440,1073725440
24845833,1073725440,1073725440
25130833,1073725440,1073725440
25398833,1073725440,1073725440
25679833,1073725440,1073725440
26069833,1073725440,1073725440
26513833,1073725440,1073725440
26937833,1073725440,1073725440
27307833,1073725440,1073725440
27593833,1073725440,1073725440
27848833,1073725440,1073725440
28091833,1073725440,1073725440
28332833,1073725440,1073725440
28573833,1073725440,1073725440
28861833,1073725440,1073725440
29108833,1073725440,1073725440
29348833,1073725440,1073725440
29581833,1073725440,1073725440
29812833,1073725440,1073725440
30043833,1073725440,1073725440
30274833,1073725440,1073725440
30504833,1073725440,1073725440
30736833,1073725440,1073725440
31012833,1073725440,1073725440
31363833,1073725440,1073725440
31661833,1073725440,1073725440
31918833,1073725440,1073725440
32161833,1073725440,1073725440
32398833,1073725440,1073725440
32631833,1073725440,1073725440
32863833,1073725440,1073725440
33094833,1073725440,1073725440
33339833,1073725440,1073725440
33576833,1073725440,1073725440
33810833,1073725440,1073725440
34042833,1073725440,1073725440
34274833,1073725440,1073725440
34505833,1073725440,1073725440
34749833,1073725440,1073725440
34984833,1073725440,1073725440
35216833,1073725440,1073725440
35467833,1073725440,1073725440
35772833,1073725440,1073725440
36042833,1073725440,1073725440
36323833,1073725440,1073725440
36570833,1073725440,1073725440
36806833,1073725440,1073725440
37100833,1073725440,1073725440
37407833,1073725440,1073725440
37657833,1073725440,1073725440
37893833,1073725440,1073725440
38125833,1073725440,1073725440
38356833,1073725440,1073725440
38587833,1073725440,1073725440
38817833,1073725440,1073725440
39047833,1073725440,1073725440
39277833,1073725440,1073725440
39507833,1073725440,1073725440
39743833,1073725440,1073725440
39997833,1073725440,1073725440
40240833,1073725440,1073725440
40476833,1073725440,1073725440
40709833,1073725440,1073725440
40940833,1073725440,1073725440
41179833,1073725440,1073725440
41413833,1073725440,1073725440
41690833,1073725440,1073725440
42033833,1073725440,1073725440
42390833,1073725440,1073725440
42680833,1073725440,1073725440
42985833,1073725440,1073725440
43275833,1073725440,1073725440
43580833,1073725440,1073725440
43870833,1073725440,1073725440
44175833,1073725440,1073725440
44428833,1073725440,1073725440
44665833,1073725440,1073725440
44897833,1073725440,1073725440
45141833,1073725440,1073725440
45376833,1073725440,1073725440
45608833,1073725440,1073725440
45840833,1073725440,1073725440
46112833,1073725440,1073725440
46411833,1073725440,1073725440
46671833,1073725440,1073725440
47021833,1073725440,1073725440
47397833,1073725440,1073725440
47757833,1073725440,1073725440
48114833,1073725440,1073725440
48450833,1073725440,1073725440
48783833,1073725440,1073725440
49097833,1073725440,1073725440
49588833,1073725440,1073725440
50111833,1073725440,1073725440
50559833,1073725440,1073725440
50989833,1073725440,1073725440
51417833,1073725440,1073725440
51737833,1073725440,1073725440
51998833,1073725440,1073725440
52243833,1073725440,1073725440
52481833,1073725440,1073725440
52715833,1073725440,1073725440
52947833,1073725440,1073725440
53190833,1073725440,1073725440
53486833,1073725440,1073725440
53809833,1073725440,1073725440
54241833,1073725440,1073725440
54798833,1073725440,1073725440
55510833,1073725440,1073725440
56481833,1073725440,1073725440
57688833,1073725440,1073725440
58200833,1073725440,1073725440
58650833,1073725440,1073725440
59019833,1073725440,1073725440
59281833,1073725440,1073725440
59526833,1073725440,1073725440
59762833,1073725440,1073725440
59995833,1073725440,1073725440
