timestamp,availableTxBuffer0,availableTxBuffer1
611833,246472,246472
611833,246472,246472
829833,206768,246472
1052833,178408,250726
1361833,194006,250726
1935833,222366,250726
2883833,223784,250726
3390833,232292,250726
3850833,230874,250726
4214833,236546,250726
4592833,235128,250726
4878833,232292,250726
5163833,240800,250726
5485833,237964,250726
5748833,239382,250726
5990833,232292,250726
6224833,230874,250726
6532833,236546,250726
6878833,242218,250726
7152833,239382,250726
7398833,243636,250726
7641833,246472,250726
7877833,243636,250726
8110833,242218,250726
8343833,246472,250726
8577833,246472,250726
8809833,245054,250726
9040833,243636,250726
9271833,242218,250726
9504833,247890,250726
9739833,245054,250726
9972833,243636,250726
10208833,245054,250726
10445833,247890,250726
10678833,243636,250726
10910833,242218,250726
11146833,243636,250726
11383833,245054,250726
11616833,243636,250726
11847833,242218,250726
12078833,243636,250726
12310833,246472,250726
12541833,242218,250726
12771833,235128,250726
13008833,240800,250726
13304833,235128,250726
13567833,237964,250726
13851833,243636,250726
14102833,243636,250726
14342833,245054,250726
14577833,245054,250726
14810833,245054,250726
15041833,243636,250726
15272833,246472,250726
15504833,240800,250726
15735833,243636,250726
15978833,243636,250726
16214833,232292,250726
16447833,233710,250726
16767833,236546,250726
17084833,232292,250726
17363833,225202,250726
17683833,220948,250726
18096833,225202,250726
18597833,220948,250726
19061833,230874,250726
19580833,235128,250726
19919833,232292,250726
20217833,232292,250726
20544833,235128,250726
20876833,233710,250726
21174833,226620,250726
21480833,223784,250726
21876833,226620,252144
22335833,226620,250726
22767833,218112,250726
23195833,228038,250726
23748833,228038,250726
24169833,237964,250726
24557833,235128,250726
24845833,236546,250726
25130833,235128,250726
25398833,225202,250726
25679833,225202,250726
26069833,226620,250726
26513833,229456,250726
26937833,236546,250726
27307833,245054,250726
27593833,246472,252144
27848833,245054,250726
28091833,243636,250726
28332833,236546,250726
28573833,239382,250726
28861833,237964,250726
29108833,239382,250726
29348833,239382,250726
29581833,243636,250726
29812833,242218,250726
30043833,243636,250726
30274833,240800,250726
30504833,235128,250726
30736833,228038,250726
31012833,239382,250726
31363833,242218,250726
31661833,245054,250726
31918833,243636,250726
32161833,243636,250726
32398833,246472,250726
32631833,245054,250726
32863833,240800,250726
33094833,245054,250726
33339833,246472,250726
33576833,245054,250726
33810833,243636,250726
34042833,246472,250726
34274833,240800,250726
34505833,240800,250726
34749833,240800,250726
34984833,239382,250726
35216833,232292,250726
35467833,237964,250726
35772833,236546,250726
36042833,237964,250726
36323833,239382,250726
36570833,235128,250726
36806833,233710,250726
37100833,237964,250726
37407833,239382,250726
37657833,240800,250726
37893833,239382,250726
38125833,242218,250726
38356833,245054,250726
38587833,246472,250726
38817833,246472,250726
39047833,247890,250726
39277833,246472,250726
39507833,240800,250726
39743833,246472,250726
39997833,243636,250726
40240833,243636,250726
40476833,243636,250726
40709833,239382,250726
40940833,240800,250726
41179833,236546,250726
41413833,229456,252144
41690833,230874,250726
42033833,236546,250726
42390833,233710,250726
42680833,235128,250726
42985833,233710,250726
43275833,235128,250726
43580833,233710,250726
43870833,240800,250726
44175833,239382,250726
44428833,239382,250726
44665833,237964,250726
44897833,239382,250726
45141833,242218,250726
45376833,239382,250726
45608833,235128,250726
45840833,233710,250726
46112833,239382,250726
46411833,229456,250726
46671833,229456,250726
47021833,230874,250726
47397833,230874,250726
47757833,232292,250726
48114833,232292,250726
48450833,233710,250726
48783833,212440,250726
49097833,230874,250726
49588833,225202,250726
50111833,226620,250726
50559833,226620,250726
50989833,232292,250726
51417833,242218,250726
51737833,245054,250726
51998833,243636,250726
52243833,243636,250726
52481833,243636,250726
52715833,239382,250726
52947833,235128,250726
53190833,232292,250726
53486833,223784,250726
53809833,216694,250726
54241833,208186,250726
54798833,192588,250726
55510833,179826,250726
56481833,205350,250726
57688833,223784,250726
58200833,230874,250726
58650833,243636,250726
59019833,243636,250726
59281833,242218,250726
59526833,243636,250726
59762833,239382,250726
59995833,242218,250726
