timestamp,lastAckedSeq,highTxMark,availableTxBuffer,nextTxSeq,totalCwnd,unAckMeta
611833,5673,17017,1158,17017,11344,11344
611833,5673,17017,1158,17017,48247,11344
829833,11345,62393,1158,62393,48247,51048
1052833,29779,104933,1158,104933,76383,75154
1361833,48213,109187,1158,109187,59916,60974
1935833,82245,119113,1158,119113,32540,36868
2883833,148891,180087,1158,180087,30317,31196
3390833,181505,204193,1158,204193,21362,22688
3850833,212701,236807,2576,236807,25287,24106
4214833,236807,253823,1158,253823,17433,17016
4592833,262331,280765,1158,280765,19646,18434
4878833,280765,302035,1158,302035,21477,21270
5163833,299199,311961,2576,311961,15468,12762
5485833,319051,334649,1158,334649,16405,15598
5748833,336067,350247,1158,350247,14265,14180
5990833,350247,371517,1158,371517,22086,21270
6224833,364427,388533,1158,388533,23220,24106
6532833,385697,402713,1158,402713,18220,17016
6878833,406967,418311,2576,418311,14082,11344
7152833,421147,435327,1158,435327,14335,14180
7398833,435327,445253,1158,445253,10991,9926
7641833,445253,452343,1158,452343,7575,7090
7877833,453761,463687,1158,463687,10769,9926
8110833,463687,475031,1158,475031,12098,11344
8343833,475031,482121,1158,482121,7733,7090
8577833,482121,489211,1158,489211,8007,7090
8809833,489211,497719,1158,497719,8725,8508
9040833,497719,507645,1158,507645,10451,9926
9271833,507645,518989,1158,518989,12347,11344
9504833,518989,524661,1158,524661,6874,5672
9739833,524661,533169,1158,533169,9007,8508
9972833,533169,543095,1158,543095,11126,9926
10208833,543095,551603,1158,551603,8937,8508
10445833,551603,557275,1158,557275,6493,5672
10678833,558693,568619,1158,568619,10300,9926
10910833,568619,579963,1158,579963,11506,11344
11146833,579963,589889,1158,589889,10098,9926
11383833,589889,598397,1158,598397,9650,8508
11616833,598397,608323,1158,608323,10789,9926
11847833,608323,619667,1158,619667,11815,11344
12078833,619667,629593,1158,629593,11122,9926
12310833,629593,636683,1158,636683,8009,7090
12541833,636683,648027,1158,648027,12657,11344
12771833,648027,666461,1158,666461,19424,18434
13008833,663625,676387,1158,676387,12884,12762
13304833,680641,699075,1158,699075,19747,18434
13567833,697657,713255,1158,713255,16534,15598
13851833,714673,724599,1158,724599,10592,9926
14102833,724599,734525,1158,734525,10018,9926
14342833,734525,743033,1158,743033,9986,8508
14577833,743033,751541,1158,751541,9316,8508
14810833,751541,760049,1158,760049,9074,8508
15041833,761467,771393,2576,771393,11514,9926
15272833,771393,778483,1158,778483,8572,7090
15504833,779901,792663,1158,792663,13095,12762
15735833,792663,802589,1158,802589,10645,9926
15978833,802589,812515,1158,812515,10990,9926
16214833,812515,833785,1158,833785,22525,21270
16447833,826695,847965,1158,847965,20341,21270
16767833,847965,864981,1158,864981,17583,17016
17084833,869235,890505,1158,890505,22610,21270
17363833,886251,916029,1158,916029,29667,29778
17683833,907521,941553,1158,941553,32846,34032
18096833,933045,964241,1158,964241,29416,31196
18597833,967077,1001109,1158,1001109,33265,34032
19061833,998273,1022379,3994,1022379,24884,24106
19580833,1032305,1050739,1158,1050739,18724,18434
19919833,1053575,1074845,1158,1074845,22039,21270
20217833,1073427,1096115,1158,1096115,22427,22688
20544833,1096115,1114549,1158,1114549,18653,18434
20876833,1117385,1137237,1158,1137237,20620,19852
21174833,1135819,1164179,1158,1164179,27405,28360
21480833,1155671,1186867,1158,1186867,30601,31196
21876833,1179777,1208137,1158,1208137,28134,28360
22335833,1212391,1239333,1158,1239333,28125,26942
22767833,1239333,1276201,1158,1276201,35866,36868
23195833,1267693,1294635,1158,1294635,26519,26942
23748833,1304561,1330085,1158,1330085,25894,25524
24169833,1332921,1348519,2576,1348519,17167,15598
24557833,1358445,1376879,1158,1376879,19456,18434
24845833,1376879,1393895,1158,1393895,17560,17016
25130833,1395313,1413747,1158,1413747,18586,18434
25398833,1412329,1440689,1158,1440689,29536,28360
25679833,1430763,1459123,1158,1459123,28646,28360
26069833,1454869,1483229,1158,1483229,27335,28360
26513833,1484647,1510171,1158,1510171,24657,25524
26937833,1513007,1530023,1158,1530023,18320,17016
27307833,1530023,1538531,1158,1538531,9392,8508
27593833,1539949,1547039,1158,1547039,8375,7090
27848833,1549875,1558383,1158,1558383,9576,8508
28091833,1559801,1569727,1158,1569727,11323,9926
28332833,1569727,1586743,1158,1586743,18419,17016
28573833,1585325,1599505,1158,1599505,14965,14180
28861833,1603759,1619357,1158,1619357,15862,15598
29108833,1619357,1633537,1158,1633537,14523,14180
29348833,1633537,1647717,1158,1647717,15381,14180
29581833,1647717,1657643,1158,1657643,10203,9926
29812833,1657643,1668987,1158,1668987,12617,11344
30043833,1668987,1678913,1158,1678913,11115,9926
30274833,1678913,1691675,1158,1691675,13460,12762
30504833,1691675,1710109,1158,1710109,19897,18434
30736833,1707273,1732797,1158,1732797,26080,25524
31012833,1722871,1738469,1158,1738469,14928,15598
31363833,1744141,1755485,1158,1755485,11887,11344
31661833,1755485,1763993,1158,1763993,8592,8508
31918833,1766829,1776755,1158,1776755,10113,9926
32161833,1776755,1786681,1158,1786681,10803,9926
32398833,1786681,1793771,1158,1793771,8177,7090
32631833,1793771,1802279,1158,1802279,9132,8508
32863833,1802279,1815041,1158,1815041,14003,12762
33094833,1815041,1823549,1158,1823549,9739,8508
33339833,1823549,1830639,1158,1830639,7822,7090
33576833,1832057,1840565,1158,1840565,9863,8508
33810833,1840565,1850491,1158,1850491,11311,9926
34042833,1850491,1857581,1158,1857581,8088,7090
34274833,1857581,1870343,1158,1870343,13594,12762
34505833,1870343,1883105,1158,1883105,13573,12762
34749833,1883105,1895867,1158,1895867,13532,12762
34984833,1897285,1911465,2576,1911465,16475,14180
35216833,1911465,1932735,1158,1932735,22504,21270
35467833,1928481,1944079,1158,1944079,17023,15598
35772833,1948333,1965349,2576,1965349,18620,17016
36042833,1965349,1980947,1158,1980947,15849,15598
36323833,1983783,1997963,1158,1997963,15133,14180
36570833,1999381,2017815,2576,2017815,20853,18434
36806833,2012143,2033413,1158,2033413,20927,21270
37100833,2033413,2049011,1158,2049011,15851,15598
37407833,2051847,2066027,1158,2066027,14738,14180
37657833,2066027,2078789,1158,2078789,12857,12762
37893833,2080207,2094387,1158,2094387,15221,14180
38125833,2094387,2105731,1158,2105731,11640,11344
38356833,2105731,2114239,1158,2114239,9489,8508
38587833,2114239,2121329,1158,2121329,7848,7090
38817833,2121329,2128419,1158,2128419,8273,7090
39047833,2128419,2134091,1158,2134091,6066,5672
39277833,2134091,2141181,2576,2141181,9334,7090
39507833,2141181,2153943,1158,2153943,12906,12762
39743833,2153943,2161033,1158,2161033,8582,7090
39997833,2162451,2172377,1158,2172377,10044,9926
40240833,2173795,2183721,1158,2183721,10875,9926
40476833,2183721,2193647,1158,2193647,10492,9926
40709833,2193647,2207827,1158,2207827,15237,14180
40940833,2207827,2220589,1158,2220589,14044,12762
41179833,2222007,2239023,2576,2239023,18708,17016
41413833,2236187,2260293,1158,2260293,24357,24106
41690833,2254621,2278727,1158,2278727,22984,24106
42033833,2277309,2294325,1158,2294325,18440,17016
42390833,2299997,2321267,1158,2321267,20068,21270
42680833,2318431,2338283,1158,2338283,19365,19852
42985833,2339701,2359553,1158,2359553,19941,19852
43275833,2358135,2376569,1158,2376569,18811,18434
43580833,2377987,2399257,1158,2399257,21288,21270
43870833,2396421,2410601,1158,2410601,14228,14180
44175833,2414855,2429035,1158,2429035,14358,14180
44428833,2429035,2443215,1158,2443215,14814,14180
44665833,2444633,2460231,1158,2460231,16559,15598
44897833,2458813,2472993,1158,2472993,15356,14180
45141833,2472993,2484337,1158,2484337,11521,11344
45376833,2485755,2499935,1158,2499935,14675,14180
45608833,2499935,2518369,1158,2518369,19481,18434
45840833,2514115,2533967,1158,2533967,21039,19852
46112833,2532549,2546729,1158,2546729,15438,14180
46411833,2550983,2576507,1158,2576507,25444,25524
46671833,2567999,2593523,1158,2593523,25171,25524
47021833,2589269,2613375,1158,2613375,23573,24106
47397833,2614793,2638899,1158,2638899,24032,24106
47757833,2638899,2660169,1158,2660169,22025,21270
48114833,2661587,2684275,1158,2684275,22580,22688
48450833,2684275,2704127,1158,2704127,20651,19852
48783833,2705545,2746667,1158,2746667,41457,41122
49097833,2723979,2749503,1158,2749503,22639,25524
49588833,2758011,2787789,1158,2787789,29486,29778
50111833,2792043,2820403,1158,2820403,28075,28360
50559833,2820403,2848763,1158,2848763,27498,28360
50989833,2848763,2871451,1158,2871451,21911,22688
51417833,2875705,2887049,2576,2887049,12369,11344
51737833,2888467,2896975,1158,2896975,9478,8508
51998833,2899811,2909737,1158,2909737,10459,9926
52243833,2909737,2919663,1158,2919663,11196,9926
52481833,2919663,2929589,1158,2929589,10936,9926
52715833,2929589,2943769,1158,2943769,15328,14180
52947833,2945187,2963621,2576,2963621,20990,18434
53190833,2960785,2982055,1158,2982055,21633,21270
53486833,2979219,3008997,1158,3008997,30837,29778
53809833,3000489,3038775,1158,3038775,37988,38286
54241833,3027431,3075643,1158,3075643,46199,48212
54798833,3062881,3126691,1158,3126691,62139,63810
55510833,3108257,3186247,1158,3186247,75009,77990
56481833,3170649,3224533,2576,3224533,49981,53884
57688833,3252893,3284089,1158,3284089,30723,31196
58200833,3288343,3311031,1158,3311031,23897,22688
58650833,3312449,3322375,1158,3322375,11397,9926
59019833,3330883,3340809,1158,3340809,11394,9926
59281833,3343645,3354989,1158,3354989,11448,11344
59526833,3354989,3364915,1158,3364915,10813,9926
59762833,3364915,3379095,1158,3379095,15439,14180
59995833,3379095,3390439,1158,3390439,12757,11344
