timestamp,unAck0,unAck1
611833,5672,5672
611833,5672,5672
829833,7090,5672
1052833,7090,1418
1278833,4254,1418
1506833,5672,1418
1735833,12762,1418
1964833,9926,1418
2235833,12762,1418
2481833,15598,1418
2717833,17016,1418
2976833,7090,1418
3254833,7090,1418
3509833,5672,1418
3752833,5672,1418
3990833,8508,1418
4224833,8508,1418
4457833,9926,1418
4688833,8508,1418
4921833,7090,1418
5152833,11344,1418
5382833,14180,1418
5622833,12762,1418
5882833,11344,1418
6121833,8508,1418
6354833,11344,1418
6586833,8508,1418
6818833,4254,1418
7049833,5672,1418
7279833,8508,1418
7511833,9926,1418
7750833,9926,1418
7990833,7090,1418
8224833,8508,1418
8456833,12762,1418
8687833,9926,1418
8934833,9926,1418
9171833,8508,1418
9404833,9926,1418
9635833,7090,1418
9866833,5672,1418
10096833,8508,1418
10326833,9926,1418
10567833,7090,1418
10801833,15598,1418
11033833,17016,1418
11320833,17016,1418
11604833,19852,1418
11889833,17016,1418
12210833,15598,1418
12497833,12762,1418
12764833,11344,1418
13005833,11344,1418
13239833,7090,1418
13470833,5672,1418
13701833,8508,1418
13931833,18434,1418
14165833,15598,1418
14485833,15598,1418
14762833,17016,1418
15028833,14180,1418
15308833,15598,1418
15560833,19852,1418
15818833,22688,1418
16129833,11344,1418
16491833,15598,1418
16784833,18434,1418
17055833,24106,1418
17355833,17016,1418
17730833,14180,1418
18023833,12762,1418
18270833,18434,0
18505833,35450,0
18800833,38286,1418
19206833,21270,1418
19799833,22688,1418
20227833,24106,1418
20634833,21270,1418
21035833,17016,1418
21406833,9926,1418
21699833,7090,1418
21951833,12762,1418
22194833,14180,1418
22476833,11344,1418
22725833,8508,1418
22962833,7090,1418
23195833,11344,1418
23427833,14180,1418
23663833,12762,1418
23924833,11344,1418
24168833,11344,1418
24403833,11344,1418
24635833,11344,1418
24866833,9926,1418
25096833,14180,1418
25326833,18434,1418
25584833,24106,1418
25876833,12762,1418
26243833,12762,1418
26520833,11344,1418
26763833,11344,1418
26999833,18434,1418
27241833,17016,1418
27538833,19852,1418
27828833,19852,1418
28151833,31196,1418
28482833,24106,1418
28950833,25524,1418
29382833,17016,0
29795833,12762,1418
30084833,12762,0
30328833,12762,1418
30562833,11344,1418
30793833,8508,1418
31024833,9926,1418
31254833,8508,1418
31485833,9926,1418
31715833,11344,1418
31946833,12762,1418
32179833,15598,1418
32413833,14180,1418
32671833,8508,1418
32914833,12762,1418
33150833,14180,1418
33386833,17016,1418
33625833,24106,1418
33896833,29778,1418
34247833,14180,1418
34702833,22688,1418
35060833,21270,1418
35437833,24106,1418
35798833,31196,1418
36196833,38286,1418
36697833,32614,1418
37319833,26942,1418
37841833,28360,1418
38303833,21270,1418
38778833,19852,1418
39131833,14180,1418
39457833,14180,1418
39722833,19852,1418
39967833,9926,1418
40275833,8508,1418
40544833,7090,1418
40792833,8508,1418
41030833,8508,1418
41264833,11344,1418
41495833,8508,1418
41731833,9926,1418
41964833,12762,1418
42196833,12762,1418
42436833,18434,1418
42669833,14180,1418
42962833,15598,1418
43222833,21270,1418
43483833,24106,1418
43809833,15598,1418
44194833,26942,1418
44514833,17016,1418
44941833,26942,1418
45299833,21270,1418
45738833,11344,1418
46080833,8508,1418
46340833,7090,1418
46580833,5672,1418
46815833,9926,1418
47048833,14180,1418
47284833,9926,1418
47541833,8508,1418
47782833,5672,1418
48017833,5672,1418
48250833,14180,1418
48482833,9926,0
48743833,7090,1418
48986833,11344,1418
49222833,19852,1418
49458833,11344,1418
49771833,11344,1418
50043833,9926,1418
50289833,17016,1418
50525833,15598,1418
50819833,11344,1418
51090833,11344,1418
51333833,15598,1418
51567833,9926,1418
51842833,15598,1418
52092833,17016,1418
52358833,28360,1418
52638833,32614,1418
53036833,34032,1418
53544833,38286,1418
54110833,31196,1418
54747833,21270,1418
55195833,12762,1418
55518833,9926,1418
55770833,9926,1418
56007833,17016,1418
56240833,18434,1418
56535833,15598,1418
56839833,15598,1418
57109833,12762,1418
57372833,22688,1418
57612833,53884,1418
57946833,56720,0
58402833,41122,1418
59227833,45376,1418
59994833,29778,1418
