timestamp,rWnd0,rWnd1
611833,1073725440,1073725440
611833,1073725440,1073725440
829833,1073725440,1073725440
1052833,1073725440,1073725440
1278833,1073725440,1073725440
1506833,1073725440,1073725440
1735833,1073725440,1073725440
1964833,1073725440,1073725440
2235833,1073725440,1073725440
2481833,1073725440,1073725440
2717833,1073725440,1073725440
2976833,1073725440,1073725440
3254833,1073725440,1073725440
3509833,1073725440,1073725440
3752833,1073725440,1073725440
3990833,1073725440,1073725440
4224833,1073725440,1073725440
4457833,1073725440,1073725440
4688833,1073725440,1073725440
4921833,1073725440,1073725440
5152833,1073725440,1073725440
5382833,1073725440,1073725440
5622833,1073725440,1073725440
5882833,1073725440,1073725440
6121833,1073725440,1073725440
6354833,1073725440,1073725440
6586833,1073725440,1073725440
6818833,1073725440,1073725440
7049833,1073725440,1073725440
7279833,1073725440,1073725440
7511833,1073725440,1073725440
7750833,1073725440,1073725440
7990833,1073725440,1073725440
8224833,1073725440,1073725440
8456833,1073725440,1073725440
8687833,1073725440,1073725440
8934833,1073725440,1073725440
9171833,1073725440,1073725440
9404833,1073725440,1073725440
9635833,1073725440,1073725440
9866833,1073725440,1073725440
10096833,1073725440,1073725440
10326833,1073725440,1073725440
10567833,1073725440,1073725440
10801833,1073725440,1073725440
11033833,1073725440,1073725440
11320833,1073725440,1073725440
11604833,1073725440,1073725440
11889833,1073725440,1073725440
12210833,1073725440,1073725440
12497833,1073725440,1073725440
12764833,1073725440,1073725440
13005833,1073725440,1073725440
13239833,1073725440,1073725440
13470833,1073725440,1073725440
13701833,1073725440,1073725440
13931833,1073725440,1073725440
14165833,1073725440,1073725440
14485833,1073725440,1073725440
14762833,1073725440,1073725440
15028833,1073725440,1073725440
15308833,1073725440,1073725440
15560833,1073725440,1073725440
15818833,1073725440,1073725440
16129833,1073725440,1073725440
16491833,1073725440,1073725440
16784833,1073725440,1073725440
17055833,1073725440,1073725440
17355833,1073725440,1073725440
17730833,1073725440,1073725440
18023833,1073725440,1073725440
18270833,1073725440,1073725440
18505833,1073725440,1073725440
18800833,1073725440,1073725440
19206833,1073725440,1073725440
19799833,1073725440,1073725440
20227833,1073725440,1073725440
20634833,1073725440,1073725440
21035833,1073725440,1073725440
21406833,1073725440,1073725440
21699833,1073725440,1073725440
21951833,1073725440,1073725440
22194833,1073725440,1073725440
22476833,1073725440,1073725440
22725833,1073725440,1073725440
22962833,1073725440,1073725440
23195833,1073725440,1073725440
23427833,1073725440,1073725440
23663833,1073725440,1073725440
23924833,1073725440,1073725440
24168833,1073725440,1073725440
24403833,1073725440,1073725440
24635833,1073725440,1073725440
24866833,1073725440,1073725440
25096833,1073725440,1073725440
25326833,1073725440,1073725440
25584833,1073725440,1073725440
25876833,1073725440,1073725440
26243833,1073725440,1073725440
26520833,1073725440,1073725440
26763833,1073725440,1073725440
26999833,1073725440,1073725440
27241833,1073725440,1073725440
27538833,1073725440,1073725440
27828833,1073725440,1073725440
28151833,1073725440,1073725440
28482833,1073725440,1073725440
28950833,1073725440,1073725440
29382833,1073725440,1073725440
29795833,1073725440,1073725440
30084833,1073725440,1073725440
30328833,1073725440,1073725440
30562833,1073725440,1073725440
30793833,1073725440,1073725440
31024833,1073725440,1073725440
31254833,1073725440,1073725440
31485833,1073725440,1073725440
31715833,1073725440,1073725440
31946833,1073725440,1073725440
32179833,1073725440,1073725440
32413833,1073725440,1073725440
32671833,1073725440,1073725440
32914833,1073725440,1073725440
33150833,1073725440,1073725440
33386833,1073725440,1073725440
33625833,1073725440,1073725440
33896833,1073725440,1073725440
34247833,1073725440,1073725440
34702833,1073725440,1073725440
35060833,1073725440,1073725440
35437833,1073725440,1073725440
35798833,1073725440,1073725440
36196833,1073725440,1073725440
36697833,1073725440,1073725440
37319833,1073725440,1073725440
37841833,1073725440,1073725440
38303833,1073725440,1073725440
38778833,1073725440,1073725440
39131833,1073725440,1073725440
39457833,1073725440,1073725440
39722833,1073725440,1073725440
39967833,1073725440,1073725440
40275833,1073725440,1073725440
40544833,1073725440,1073725440
40792833,1073725440,1073725440
41030833,1073725440,1073725440
41264833,1073725440,1073725440
41495833,1073725440,1073725440
41731833,1073725440,1073725440
41964833,1073725440,1073725440
42196833,1073725440,1073725440
42436833,1073725440,1073725440
42669833,1073725440,1073725440
42962833,1073725440,1073725440
43222833,1073725440,1073725440
43483833,1073725440,1073725440
43809833,1073725440,1073725440
44194833,1073725440,1073725440
44514833,1073725440,1073725440
44941833,1073725440,1073725440
45299833,1073725440,1073725440
45738833,1073725440,1073725440
46080833,1073725440,1073725440
46340833,1073725440,1073725440
46580833,1073725440,1073725440
46815833,1073725440,1073725440
47048833,1073725440,1073725440
47284833,1073725440,1073725440
47541833,1073725440,1073725440
47782833,1073725440,1073725440
48017833,1073725440,1073725440
48250833,1073725440,1073725440
48482833,1073725440,1073725440
48743833,1073725440,1073725440
48986833,1073725440,1073725440
49222833,1073725440,1073725440
49458833,1073725440,1073725440
49771833,1073725440,1073725440
50043833,1073725440,1073725440
50289833,1073725440,1073725440
50525833,1073725440,1073725440
50819833,1073725440,1073725440
51090833,1073725440,1073725440
51333833,1073725440,1073725440
51567833,1073725440,1073725440
51842833,1073725440,1073725440
52092833,1073725440,1073725440
52358833,1073725440,1073725440
52638833,1073725440,1073725440
53036833,1073725440,1073725440
53544833,1073725440,1073725440
54110833,1073725440,1073725440
54747833,1073725440,1073725440
55195833,1073725440,1073725440
55518833,1073725440,1073725440
55770833,1073725440,1073725440
56007833,1073725440,1073725440
56240833,1073725440,1073725440
56535833,1073725440,1073725440
56839833,1073725440,1073725440
57109833,1073725440,1073725440
57372833,1073725440,1073725440
57612833,1073725440,1073725440
57946833,1073725440,1073725440
58402833,1073725440,1073725440
59227833,1073725440,1073725440
59994833,1073725440,1073725440
