timestamp,cWnd0,cWnd1
611833,5672,5672
611833,7672,1500
829833,7672,1500
1052833,7188,1500
1278833,5011,1500
1506833,6786,1500
1735833,12867,1500
1964833,10324,1500
2235833,13137,1500
2481833,16734,1500
2717833,17379,1500
2976833,9675,1500
3254833,7316,1500
3509833,6318,1500
3752833,6259,1500
3990833,8890,1500
4224833,9148,1500
4457833,11338,1500
4688833,8995,1500
4921833,8467,1500
5152833,12219,1500
5382833,15148,1500
5622833,13732,1500
5882833,12666,1500
6121833,8959,1500
6354833,12326,1500
6586833,8534,1500
6818833,5080,1500
7049833,6268,1500
7279833,9519,1500
7511833,10838,1500
7750833,9985,1500
7990833,7890,1500
8224833,9527,1500
8456833,13194,1500
8687833,11131,1500
8934833,10983,1500
9171833,9058,1500
9404833,11179,1500
9635833,8113,1500
9866833,6432,1500
10096833,10956,1500
10326833,10793,1500
10567833,7435,1500
10801833,16598,1500
11033833,18275,1500
11320833,17811,1500
11604833,20500,1500
11889833,17801,1500
12210833,15900,1500
12497833,13097,1500
12764833,12687,1500
13005833,12041,1500
13239833,7302,1500
13470833,6920,1500
13701833,9587,1500
13931833,19283,1500
14165833,15661,1500
14485833,16502,1500
14762833,18328,1500
15028833,14771,1500
15308833,16788,1500
15560833,20497,1500
15818833,23865,1500
16129833,12378,1500
16491833,16222,1500
16784833,18519,1500
17055833,25474,1500
17355833,17513,1500
17730833,15481,1500
18023833,13390,1500
18270833,18961,1500
18505833,36136,1500
18800833,39325,1500
19206833,22260,1500
19799833,24151,1500
20227833,25005,1500
20634833,23626,1500
21035833,18096,1500
21406833,10411,1500
21699833,8463,1500
21951833,15256,1500
22194833,15213,1500
22476833,12554,1500
22725833,8882,1500
22962833,8265,1500
23195833,12343,1500
23427833,14682,1500
23663833,14945,1500
23924833,12429,1500
24168833,11897,1500
24403833,11917,1500
24635833,11793,1500
24866833,10038,1500
25096833,14374,1500
25326833,19787,1500
25584833,24542,1500
25876833,14031,1500
26243833,13880,1500
26520833,12365,1500
26763833,12818,1500
26999833,19260,1500
27241833,17577,1500
27538833,20300,1500
27828833,21063,1500
28151833,31297,1500
28482833,24223,1500
28950833,25722,1500
29382833,19033,1500
29795833,13713,1500
30084833,12998,1500
30328833,13807,1500
30562833,12097,1500
30793833,9792,1500
31024833,10760,1500
31254833,9757,1500
31485833,10505,1500
31715833,12145,1500
31946833,13446,1500
32179833,16588,1500
32413833,15552,1500
32671833,9796,1500
32914833,12949,1500
33150833,14331,1500
33386833,17398,1500
33625833,24336,1500
33896833,30110,1500
34247833,15509,1500
34702833,22760,1500
35060833,22262,1500
35437833,25130,1500
35798833,31486,1500
36196833,38577,1500
36697833,33438,1500
37319833,27291,1500
37841833,28559,1500
38303833,21924,1500
38778833,21000,1500
39131833,15988,1500
39457833,14708,1500
39722833,20018,1500
39967833,11547,1500
40275833,9611,1500
40544833,8100,1500
40792833,8820,1500
41030833,11208,1500
41264833,11894,1500
41495833,9030,1500
41731833,9953,1500
41964833,14098,1500
42196833,13005,1500
42436833,19380,1500
42669833,14353,1500
42962833,15812,1500
43222833,21391,1500
43483833,24786,1500
43809833,16216,1500
44194833,27989,1500
44514833,18382,1500
44941833,27289,1500
45299833,21966,1500
45738833,12526,1500
46080833,9045,1500
46340833,9661,1500
46580833,6557,1500
46815833,11281,1500
47048833,14903,1500
47284833,10117,1500
47541833,8768,1500
47782833,5852,1500
48017833,6506,1500
48250833,15187,1500
48482833,10114,1500
48743833,8456,1500
48986833,12025,1500
49222833,20149,1500
49458833,12047,1500
49771833,12837,1500
50043833,10610,1500
50289833,17886,1500
50525833,16844,1500
50819833,12107,1500
51090833,12555,1500
51333833,15950,1500
51567833,10204,1500
51842833,16961,1500
52092833,18000,1500
52358833,28594,1500
52638833,32640,1500
53036833,35387,1500
53544833,39198,1500
54110833,31653,1500
54747833,21801,1500
55195833,12769,1500
55518833,10539,1500
55770833,11153,1500
56007833,17581,1500
56240833,19106,1500
56535833,16402,1500
56839833,16043,1500
57109833,13137,1500
57372833,23768,1500
57612833,53898,1500
57946833,58304,1500
58402833,41706,1500
59227833,45608,1500
59994833,30330,1500
