timestamp,rtt0,rtt1
611833,218,184
611833,218,184
829833,223,184
1052833,226,219
1278833,228,221
1506833,229,222
1735833,229,223
1964833,271,224
2235833,246,225
2481833,236,225
2717833,259,226
2976833,278,226
3254833,255,227
3509833,243,227
3752833,238,228
3990833,234,228
4224833,233,228
4457833,231,228
4688833,233,229
4921833,231,229
5152833,230,229
5382833,240,229
5622833,260,229
5882833,239,229
6121833,233,229
6354833,232,229
6586833,232,229
6818833,231,229
7049833,230,230
7279833,232,230
7511833,239,230
7750833,240,230
7990833,234,230
8224833,232,230
8456833,231,230
8687833,247,230
8934833,237,230
9171833,233,230
9404833,231,230
9635833,231,230
9866833,230,230
10096833,230,230
10326833,241,230
10567833,234,230
10801833,232,230
11033833,287,230
11320833,284,230
11604833,285,230
11889833,321,230
12210833,287,230
12497833,267,230
12764833,241,230
13005833,234,230
13239833,231,230
13470833,231,230
13701833,230,230
13931833,234,230
14165833,320,230
14485833,277,230
14762833,266,230
15028833,280,230
15308833,252,230
15560833,258,230
15818833,311,230
16129833,362,230
16491833,293,230
16784833,271,230
17055833,300,230
17355833,375,230
17730833,293,230
18023833,247,230
18270833,235,230
18505833,295,230
18800833,406,230
19206833,593,230
19799833,428,230
20227833,407,230
20634833,401,230
21035833,371,230
21406833,293,230
21699833,252,230
21951833,243,230
22194833,282,230
22476833,249,230
22725833,237,230
22962833,233,230
23195833,232,230
23427833,236,230
23663833,261,230
23924833,244,230
24168833,235,230
24403833,232,230
24635833,231,230
24866833,230,230
25096833,230,230
25326833,258,230
25584833,292,230
25876833,367,230
26243833,277,230
26520833,243,230
26763833,236,230
26999833,242,230
27241833,297,230
27538833,290,230
27828833,323,230
28151833,331,230
28482833,468,230
28950833,432,230
29382833,413,230
29795833,289,230
30084833,244,230
30328833,234,230
30562833,231,230
30793833,231,230
31024833,230,230
31254833,231,230
31485833,230,230
31715833,231,230
31946833,233,230
32179833,234,230
32413833,258,230
32671833,243,230
32914833,236,230
33150833,236,230
33386833,239,230
33625833,271,230
33896833,351,230
34247833,455,230
34702833,358,230
35060833,377,230
35437833,361,230
35798833,398,230
36196833,501,230
36697833,622,230
37319833,522,230
37841833,462,230
38303833,475,230
38778833,353,230
39131833,326,230
39457833,265,230
39722833,245,230
39967833,308,230
40275833,269,230
40544833,248,230
40792833,238,230
41030833,234,230
41264833,231,230
41495833,236,230
41731833,233,230
41964833,232,230
42196833,240,230
42436833,233,230
42669833,293,230
42962833,260,230
43222833,261,230
43483833,326,230
43809833,385,230
44194833,320,230
44514833,427,230
44941833,358,230
45299833,439,230
45738833,342,230
46080833,260,230
46340833,240,230
46580833,235,230
46815833,233,230
47048833,236,230
47284833,257,230
47541833,241,230
47782833,235,230
48017833,233,230
48250833,232,230
48482833,261,230
48743833,243,230
48986833,236,230
49222833,236,230
49458833,313,230
49771833,272,230
50043833,246,230
50289833,236,230
50525833,294,230
50819833,271,230
51090833,243,230
51333833,234,230
51567833,275,230
51842833,250,230
52092833,266,230
52358833,280,230
52638833,398,230
53036833,508,230
53544833,566,230
54110833,637,230
54747833,448,230
55195833,323,230
55518833,252,230
55770833,237,230
56007833,233,230
56240833,295,230
56535833,304,230
56839833,270,230
57109833,263,230
57372833,240,230
57612833,334,230
57946833,456,230
58402833,825,230
59227833,767,230
59994833,762,230
