timestamp,availableTxBuffer0,availableTxBuffer1
611833,246472,246472
611833,246472,246472
829833,245054,246472
1052833,245054,250726
1278833,247890,250726
1506833,246472,250726
1735833,239382,250726
1964833,242218,250726
2235833,239382,250726
2481833,236546,250726
2717833,235128,250726
2976833,245054,250726
3254833,245054,250726
3509833,246472,250726
3752833,246472,250726
3990833,243636,250726
4224833,243636,250726
4457833,242218,250726
4688833,243636,250726
4921833,245054,250726
5152833,240800,250726
5382833,237964,250726
5622833,239382,250726
5882833,240800,250726
6121833,243636,250726
6354833,240800,250726
6586833,243636,250726
6818833,247890,250726
7049833,246472,250726
7279833,243636,250726
7511833,242218,250726
7750833,242218,250726
7990833,245054,250726
8224833,243636,250726
8456833,239382,250726
8687833,242218,250726
8934833,242218,250726
9171833,243636,250726
9404833,242218,250726
9635833,245054,250726
9866833,246472,250726
10096833,243636,250726
10326833,242218,250726
10567833,245054,250726
10801833,236546,250726
11033833,235128,250726
11320833,235128,250726
11604833,232292,250726
11889833,235128,250726
12210833,236546,250726
12497833,239382,250726
12764833,240800,250726
13005833,240800,250726
13239833,245054,250726
13470833,246472,250726
13701833,243636,250726
13931833,233710,250726
14165833,236546,250726
14485833,236546,250726
14762833,235128,250726
15028833,237964,250726
15308833,236546,250726
15560833,232292,250726
15818833,229456,250726
16129833,240800,250726
16491833,236546,250726
16784833,233710,250726
17055833,228038,250726
17355833,235128,250726
17730833,237964,250726
18023833,239382,250726
18270833,233710,252144
18505833,216694,252144
18800833,213858,250726
19206833,230874,250726
19799833,229456,250726
20227833,228038,250726
20634833,230874,250726
21035833,235128,250726
21406833,242218,250726
21699833,245054,250726
21951833,239382,250726
22194833,237964,250726
22476833,240800,250726
22725833,243636,250726
22962833,245054,250726
23195833,240800,250726
23427833,237964,250726
23663833,239382,250726
23924833,240800,250726
24168833,240800,250726
24403833,240800,250726
24635833,240800,250726
24866833,242218,250726
25096833,237964,250726
25326833,233710,250726
25584833,228038,250726
25876833,239382,250726
26243833,239382,250726
26520833,240800,250726
26763833,240800,250726
26999833,233710,250726
27241833,235128,250726
27538833,232292,250726
27828833,232292,250726
28151833,220948,250726
28482833,228038,250726
28950833,226620,250726
29382833,235128,252144
29795833,239382,250726
30084833,239382,252144
30328833,239382,250726
30562833,240800,250726
30793833,243636,250726
31024833,242218,250726
31254833,243636,250726
31485833,242218,250726
31715833,240800,250726
31946833,239382,250726
32179833,236546,250726
32413833,237964,250726
32671833,243636,250726
32914833,239382,250726
33150833,237964,250726
33386833,235128,250726
33625833,228038,250726
33896833,222366,250726
34247833,237964,250726
34702833,229456,250726
35060833,230874,250726
35437833,228038,250726
35798833,220948,250726
36196833,213858,250726
36697833,219530,250726
37319833,225202,250726
37841833,223784,250726
38303833,230874,250726
38778833,232292,250726
39131833,237964,250726
39457833,237964,250726
39722833,232292,250726
39967833,242218,250726
40275833,243636,250726
40544833,245054,250726
40792833,243636,250726
41030833,243636,250726
41264833,240800,250726
41495833,243636,250726
41731833,242218,250726
41964833,239382,250726
42196833,239382,250726
42436833,233710,250726
42669833,237964,250726
42962833,236546,250726
43222833,230874,250726
43483833,228038,250726
43809833,236546,250726
44194833,225202,250726
44514833,235128,250726
44941833,225202,250726
45299833,230874,250726
45738833,240800,250726
46080833,243636,250726
46340833,245054,250726
46580833,246472,250726
46815833,242218,250726
47048833,237964,250726
47284833,242218,250726
47541833,243636,250726
47782833,246472,250726
48017833,246472,250726
48250833,237964,250726
48482833,242218,252144
48743833,245054,250726
48986833,240800,250726
49222833,232292,250726
49458833,240800,250726
49771833,240800,250726
50043833,242218,250726
50289833,235128,250726
50525833,236546,250726
50819833,240800,250726
51090833,240800,250726
51333833,236546,250726
51567833,242218,250726
51842833,236546,250726
52092833,235128,250726
52358833,223784,250726
52638833,219530,250726
53036833,218112,250726
53544833,213858,250726
54110833,220948,250726
54747833,230874,250726
55195833,239382,250726
55518833,242218,250726
55770833,242218,250726
56007833,235128,250726
56240833,233710,250726
56535833,236546,250726
56839833,236546,250726
57109833,239382,250726
57372833,229456,250726
57612833,198260,250726
57946833,195424,252144
58402833,211022,250726
59227833,206768,250726
59994833,222366,250726
