timestamp,lastAckedSeq,highTxMark,availableTxBuffer,nextTxSeq,totalCwnd,unAckMeta
611833,5673,17017,1158,17017,11344,11344
611833,5673,17017,1158,17017,9172,11344
829833,11345,24107,1158,24107,9172,12762
1052833,24107,32615,1158,32615,8688,8508
1278833,32615,38287,1158,38287,6511,5672
1506833,38287,45377,1158,45377,8286,7090
1735833,45377,59557,1158,59557,14367,14180
1964833,59557,70901,1158,70901,11824,11344
2235833,73737,87917,1158,87917,14637,14180
2481833,89335,106351,1158,106351,18234,17016
2717833,104933,123367,1158,123367,18879,18434
2976833,121949,130457,2576,130457,11175,8508
3254833,133293,141801,1158,141801,8816,8508
3509833,141801,148891,1158,148891,7818,7090
3752833,148891,155981,1158,155981,7759,7090
3990833,157399,167325,1158,167325,10390,9926
4224833,167325,177251,1158,177251,10648,9926
4457833,177251,188595,1158,188595,12838,11344
4688833,188595,198521,1158,198521,10495,9926
4921833,198521,207029,1158,207029,9967,8508
5152833,207029,219791,1158,219791,13719,12762
5382833,219791,235389,1158,235389,16648,15598
5622833,235389,249569,1158,249569,15232,14180
5882833,249569,262331,1158,262331,14166,12762
6121833,262331,272257,1158,272257,10459,9926
6354833,273675,286437,1158,286437,13826,12762
6586833,286437,296363,1158,296363,10034,9926
6818833,296363,302035,1158,302035,6580,5672
7049833,302035,309125,1158,309125,7768,7090
7279833,309125,319051,1158,319051,11019,9926
7511833,319051,330395,1158,330395,12338,11344
7750833,330395,341739,1158,341739,11485,11344
7990833,341739,350247,1158,350247,9390,8508
8224833,350247,360173,1158,360173,11027,9926
8456833,360173,374353,1158,374353,14694,14180
8687833,374353,385697,1158,385697,12631,11344
8934833,385697,397041,1158,397041,12483,11344
9171833,397041,406967,1158,406967,10558,9926
9404833,408385,419729,1158,419729,12679,11344
9635833,419729,428237,1158,428237,9613,8508
9866833,428237,435327,1158,435327,7932,7090
10096833,435327,445253,2576,445253,12456,9926
10326833,445253,456597,1158,456597,12293,11344
10567833,456597,465105,1158,465105,8935,8508
10801833,466523,483539,1158,483539,18098,17016
11033833,480703,499137,1158,499137,19775,18434
11320833,499137,517571,1158,517571,19311,18434
11604833,517571,538841,1158,538841,22000,21270
11889833,536005,555857,1158,555857,19301,19852
12210833,558693,575709,1158,575709,17400,17016
12497833,575709,589889,1158,589889,14597,14180
12764833,589889,602651,1158,602651,14187,12762
13005833,604069,616831,1158,616831,13541,12762
13239833,616831,625339,1158,625339,8802,8508
13470833,625339,632429,1158,632429,8420,7090
13701833,632429,642355,1158,642355,11087,9926
13931833,642355,662207,1158,662207,20783,19852
14165833,657953,674969,1158,674969,17161,17016
14485833,677805,696239,1158,696239,18002,18434
14762833,697657,716091,1158,716091,19828,18434
15028833,714673,730271,1158,730271,16271,15598
15308833,733107,750123,1158,750123,18288,17016
15560833,748705,769975,1158,769975,21997,21270
15818833,765721,789827,1158,789827,25365,24106
16129833,785573,798335,1158,798335,13878,12762
16491833,806843,823859,1158,823859,17722,17016
16784833,826695,846547,1158,846547,20019,19852
17055833,843711,869235,1158,869235,26974,25524
17355833,863563,883415,1158,883415,19013,19852
17730833,887669,903267,1158,903267,16981,15598
18023833,906103,920283,1158,920283,14890,14180
18270833,920283,940135,1158,940135,20461,19852
18505833,935881,972749,1158,972749,37636,36868
18800833,954315,996855,1158,996855,40825,42540
19206833,981257,1005363,1158,1005363,23760,24106
19799833,1020961,1046485,2576,1046485,25651,25524
20227833,1047903,1074845,1158,1074845,26505,26942
20634833,1076263,1098951,2576,1098951,25126,22688
21035833,1101787,1120221,1158,1120221,19596,18434
21406833,1123057,1134401,1158,1134401,11911,11344
21699833,1135819,1144327,1158,1144327,9963,8508
21951833,1145745,1159925,2576,1159925,16756,14180
22194833,1161343,1176941,1158,1176941,16713,15598
22476833,1176941,1189703,1158,1189703,14054,12762
22725833,1189703,1199629,1158,1199629,10382,9926
22962833,1199629,1208137,1158,1208137,9765,8508
23195833,1209555,1222317,1158,1222317,13843,12762
23427833,1222317,1237915,1158,1237915,16182,15598
23663833,1237915,1252095,2576,1252095,16445,14180
23924833,1252095,1264857,1158,1264857,13929,12762
24168833,1264857,1277619,1158,1277619,13397,12762
24403833,1277619,1290381,1158,1290381,13417,12762
24635833,1290381,1303143,1158,1303143,13293,12762
24866833,1303143,1314487,1158,1314487,11538,11344
25096833,1314487,1330085,1158,1330085,15874,15598
25326833,1330085,1349937,1158,1349937,21287,19852
25584833,1347101,1372625,1158,1372625,26042,25524
25876833,1365535,1381133,1158,1381133,15531,15598
26243833,1388223,1402403,1158,1402403,15380,14180
26520833,1403821,1416583,1158,1416583,13865,12762
26763833,1418001,1430763,2576,1430763,14318,12762
26999833,1432181,1453451,1158,1453451,20760,21270
27241833,1447779,1467631,1158,1467631,19077,19852
27538833,1467631,1488901,1158,1488901,21800,21270
27828833,1486065,1507335,1158,1507335,22563,21270
28151833,1507335,1539949,1158,1539949,32797,32614
28482833,1528605,1555547,1158,1555547,25723,26942
28950833,1558383,1586743,1158,1586743,27222,28360
29382833,1588161,1606595,2576,1606595,20533,18434
29795833,1613685,1627865,1158,1627865,15213,14180
30084833,1630701,1644881,1158,1644881,14498,14180
30328833,1647717,1661897,1158,1661897,15307,14180
30562833,1661897,1674659,1158,1674659,13597,12762
30793833,1674659,1684585,1158,1684585,11292,9926
31024833,1684585,1695929,1158,1695929,12260,11344
31254833,1695929,1705855,1158,1705855,11257,9926
31485833,1705855,1717199,1158,1717199,12005,11344
31715833,1717199,1729961,1158,1729961,13645,12762
31946833,1729961,1744141,1158,1744141,14946,14180
32179833,1744141,1761157,1158,1761157,18088,17016
32413833,1759739,1775337,2576,1775337,17052,15598
32671833,1775337,1785263,1158,1785263,11296,9926
32914833,1786681,1800861,1158,1800861,14449,14180
33150833,1800861,1816459,1158,1816459,15831,15598
33386833,1816459,1834893,1158,1834893,18898,18434
33625833,1830639,1857581,1158,1857581,25836,26942
33896833,1847655,1880269,1158,1880269,31610,32614
34247833,1870343,1887359,1158,1887359,17009,17016
34702833,1901539,1925645,1158,1925645,24260,24106
35060833,1924227,1948333,1158,1948333,23762,24106
35437833,1949751,1975275,1158,1975275,26630,25524
35798833,1972439,2006471,1158,2006471,32986,34032
36196833,1997963,2039085,1158,2039085,40077,41122
36697833,2030577,2067445,1158,2067445,34938,36868
37319833,2071699,2101477,1158,2101477,28791,29778
37841833,2104313,2135509,1158,2135509,30059,31196
38303833,2136927,2159615,1158,2159615,23424,22688
38778833,2168123,2189393,1158,2189393,22500,21270
39131833,2192229,2207827,2576,2207827,17488,15598
39457833,2212081,2227679,1158,2227679,16208,15598
39722833,2229097,2250367,1158,2250367,21518,21270
39967833,2246113,2257457,2576,2257457,13047,11344
40275833,2261711,2271637,1158,2271637,11111,9926
40544833,2271637,2280145,1158,2280145,9600,8508
40792833,2281563,2291489,1158,2291489,10320,9926
41030833,2292907,2302833,2576,2302833,12708,9926
41264833,2304251,2317013,1158,2317013,13394,12762
41495833,2317013,2326939,1158,2326939,10530,9926
41731833,2326939,2338283,1158,2338283,11453,11344
41964833,2338283,2352463,1158,2352463,15598,14180
42196833,2352463,2366643,1158,2366643,14505,14180
42436833,2366643,2386495,1158,2386495,20880,19852
42669833,2380823,2397839,1158,2397839,15853,17016
42962833,2400675,2417691,1158,2417691,17312,17016
43222833,2417691,2440379,1158,2440379,22891,22688
43483833,2434707,2460231,1158,2460231,26286,25524
43809833,2455977,2474411,1158,2474411,17716,18434
44194833,2481501,2509861,1158,2509861,29489,28360
44514833,2501353,2521205,1158,2521205,19882,19852
44941833,2529713,2558073,1158,2558073,28789,28360
45299833,2552401,2576507,1158,2576507,23466,24106
45738833,2580761,2593523,1158,2593523,14026,12762
46080833,2596359,2606285,1158,2606285,10545,9926
46340833,2609121,2617629,2576,2617629,11161,8508
46580833,2617629,2624719,1158,2624719,8057,7090
46815833,2626137,2637481,1158,2637481,12781,11344
47048833,2637481,2653079,1158,2653079,16403,15598
47284833,2653079,2664423,1158,2664423,11617,11344
47541833,2664423,2674349,1158,2674349,10268,9926
47782833,2674349,2681439,1158,2681439,7352,7090
48017833,2682857,2689947,1158,2689947,8006,7090
48250833,2691365,2706963,2576,2706963,16687,15598
48482833,2704127,2715471,1158,2715471,11614,11344
48743833,2716889,2725397,1158,2725397,9956,8508
48986833,2726815,2739577,1158,2739577,13525,12762
49222833,2739577,2760847,1158,2760847,21649,21270
49458833,2753757,2767937,1158,2767937,13547,14180
49771833,2773609,2786371,2576,2786371,14337,12762
50043833,2786371,2797715,1158,2797715,12110,11344
50289833,2799133,2817567,1158,2817567,19386,18434
50525833,2814731,2831747,1158,2831747,18344,17016
50819833,2831747,2844509,1158,2844509,13607,12762
51090833,2847345,2860107,1158,2860107,14055,12762
51333833,2861525,2878541,1158,2878541,17450,17016
51567833,2877123,2888467,2576,2888467,11704,11344
51842833,2889885,2906901,1158,2906901,18461,17016
52092833,2906901,2925335,1158,2925335,19500,18434
52358833,2923917,2953695,1158,2953695,30094,29778
52638833,2940933,2976383,1158,2976383,34140,35450
53036833,2965039,3003325,1158,3003325,36887,38286
53544833,3000489,3041611,1158,3041611,40698,41122
54110833,3035939,3069971,1158,3069971,33153,34032
54747833,3078479,3102585,1158,3102585,23301,24106
55195833,3108257,3122437,1158,3122437,14269,14180
55518833,3125273,3136617,1158,3136617,12039,11344
55770833,3138035,3149379,1158,3149379,12653,11344
56007833,3149379,3167813,1158,3167813,19081,18434
56240833,3164977,3184829,1158,3184829,20606,19852
56535833,3183411,3201845,1158,3201845,17902,18434
56839833,3204681,3221697,1158,3221697,17543,17016
57109833,3221697,3235877,1158,3235877,14637,14180
57372833,3237295,3261401,1158,3261401,25268,24106
57612833,3254311,3309613,2576,3309613,55398,55302
57946833,3274163,3333719,2576,3333719,59804,59556
58402833,3302523,3347899,1158,3347899,43206,45376
59227833,3356407,3406037,1158,3406037,47108,49630
59994833,3407455,3440069,1158,3440069,31830,32614
