timestamp,unAck0,unAck1
611833,5672,5672
611833,5672,5672
829833,14180,5672
1052833,9926,1418
1340833,14180,1418
1600833,11344,1418
1845833,8508,1418
2081833,8508,1418
2314833,9926,1418
2545833,9926,1418
2776833,7090,1418
3006833,2836,1418
3236833,4254,1418
3466833,4254,1418
3696833,4254,1418
3926833,7090,1418
4156833,11344,1418
4392833,12762,1418
4643833,8508,1418
4887833,11344,1418
5123833,12762,1418
5356833,8508,1418
5589833,11344,1418
5820833,8508,1418
6052833,9926,1418
6283833,9926,1418
6513833,7090,1418
6743833,5672,1418
6973833,5672,1418
7203833,5672,1418
7433833,7090,1418
7663833,12762,1418
7894833,14180,1418
8142833,9926,1418
8388833,11344,1418
8624833,9926,1418
8856833,14180,1418
9087833,12762,1418
9327833,14180,1418
9560833,24106,1418
9796833,19852,1418
10127833,17016,1418
10476833,18434,1418
10776833,12762,1418
11083833,15598,1418
11339833,14180,1418
11599833,12762,1418
11842833,15598,1418
12081833,19852,1418
12336833,15598,0
12642833,9926,1418
12925833,8508,1418
13173833,12762,1418
13411833,14180,1418
13676833,11344,1418
13929833,12762,1418
14166833,9926,1418
14398833,8508,1418
14629833,8508,1418
14860833,8508,1418
15090833,8508,1418
15320833,9926,1418
15550833,7090,1418
15780833,7090,1418
16010833,4254,1418
16240833,5672,1418
16470833,5672,1418
16701833,7090,1418
16931833,9926,1418
17164833,11344,1418
17405833,11344,1418
17646833,12762,1418
17880833,12762,1418
18117833,12762,1418
18349833,15598,1418
18580833,18434,1418
18838833,31196,1418
19131833,21270,1418
19545833,21270,1418
19956833,18434,1418
20307833,9926,1418
20612833,15598,1418
20876833,21270,1418
21151833,17016,1418
21483833,8508,1418
21788833,9926,1418
22044833,15598,1418
22285833,12762,1418
22566833,9926,1418
22813833,12762,1418
23049833,15598,1418
23287833,19852,1418
23552833,25524,1418
23861833,17016,1418
24250833,14180,1418
24537833,12762,1418
24784833,15598,1418
25020833,31196,0
25284833,22688,1418
25659833,19852,1418
26114833,25524,1418
26485833,36868,1418
26906833,26942,1418
27482833,24106,1418
27929833,14180,1418
28316833,11344,1418
28570833,9926,1418
28809833,12762,1418
29042833,14180,1418
29277833,12762,1418
29520833,19852,1418
29754833,19852,1418
30054833,14180,1418
30381833,9926,1418
30650833,14180,1418
30895833,11344,1418
31150833,12762,1418
31389833,18434,1418
31622833,18434,1418
31905833,12762,1418
32208833,18434,1418
32467833,22688,1418
32765833,21270,1418
33123833,28360,1418
33500833,28360,1418
33957833,19852,1418
34431833,26942,1418
34814833,15598,1418
35258833,25524,1418
35609833,8508,1418
36027833,12762,1418
36337833,9926,1418
36588833,9926,1418
36826833,9926,1418
37059833,12762,1418
37290833,12762,1418
37539833,11344,1418
37775833,8508,1418
38007833,9926,1418
38238833,5672,1418
38468833,12762,1418
38698833,12762,1418
38944833,12762,1418
39179833,24106,1418
39410833,21270,1418
39741833,29778,1418
40107833,35450,1418
40575833,19852,1418
41149833,24106,1418
41551833,25524,1418
41955833,31196,1418
42380833,17016,1418
42890833,19852,1418
43228833,18434,1418
43562833,21270,1418
43877833,18434,1418
44226833,17016,1418
44537833,24106,1418
44829833,28360,1418
45206833,18434,1418
45659833,15598,1418
45962833,12762,1418
46228833,14180,1418
46470833,15598,1418
46717833,17016,1418
46974833,18434,1418
47251833,24106,1418
47552833,21270,1418
47925833,12762,1418
48290833,19852,0
48576833,25524,1418
48904833,28360,1418
49306833,29778,1418
49769833,35450,1418
50265833,39704,1418
50851833,62392,1418
51511833,55302,1418
52507833,48212,1418
53400833,58138,1418
54225833,70900,1418
55200833,66646,1418
56388833,89334,1418
57517833,43958,1418
59018833,28360,1418
59523833,22688,1418
