timestamp,availableTxBuffer0,availableTxBuffer1
611833,246472,246472
611833,246472,246472
829833,237964,246472
1052833,242218,250726
1340833,237964,250726
1600833,240800,250726
1845833,243636,250726
2081833,243636,250726
2314833,242218,250726
2545833,242218,250726
2776833,245054,250726
3006833,249308,250726
3236833,247890,250726
3466833,247890,250726
3696833,247890,250726
3926833,245054,250726
4156833,240800,250726
4392833,239382,250726
4643833,243636,250726
4887833,240800,250726
5123833,239382,250726
5356833,243636,250726
5589833,240800,250726
5820833,243636,250726
6052833,242218,250726
6283833,242218,250726
6513833,245054,250726
6743833,246472,250726
6973833,246472,250726
7203833,246472,250726
7433833,245054,250726
7663833,239382,250726
7894833,237964,250726
8142833,242218,250726
8388833,240800,250726
8624833,242218,250726
8856833,237964,250726
9087833,239382,250726
9327833,237964,250726
9560833,228038,250726
9796833,232292,250726
10127833,235128,250726
10476833,233710,250726
10776833,239382,250726
11083833,236546,250726
11339833,237964,250726
11599833,239382,250726
11842833,236546,250726
12081833,232292,250726
12336833,236546,252144
12642833,242218,250726
12925833,243636,250726
13173833,239382,250726
13411833,237964,250726
13676833,240800,250726
13929833,239382,250726
14166833,242218,250726
14398833,243636,250726
14629833,243636,250726
14860833,243636,250726
15090833,243636,250726
15320833,242218,250726
15550833,245054,250726
15780833,245054,250726
16010833,247890,250726
16240833,246472,250726
16470833,246472,250726
16701833,245054,250726
16931833,242218,250726
17164833,240800,250726
17405833,240800,250726
17646833,239382,250726
17880833,239382,250726
18117833,239382,250726
18349833,236546,250726
18580833,233710,250726
18838833,220948,250726
19131833,230874,250726
19545833,230874,250726
19956833,233710,250726
20307833,242218,250726
20612833,236546,250726
20876833,230874,250726
21151833,235128,250726
21483833,243636,250726
21788833,242218,250726
22044833,236546,250726
22285833,239382,250726
22566833,242218,250726
22813833,239382,250726
23049833,236546,250726
23287833,232292,250726
23552833,226620,250726
23861833,235128,250726
24250833,237964,250726
24537833,239382,250726
24784833,236546,250726
25020833,220948,252144
25284833,229456,250726
25659833,232292,250726
26114833,226620,250726
26485833,215276,250726
26906833,225202,250726
27482833,228038,250726
27929833,237964,250726
28316833,240800,250726
28570833,242218,250726
28809833,239382,250726
29042833,237964,250726
29277833,239382,250726
29520833,232292,250726
29754833,232292,250726
30054833,237964,250726
30381833,242218,250726
30650833,237964,250726
30895833,240800,250726
31150833,239382,250726
31389833,233710,250726
31622833,233710,250726
31905833,239382,250726
32208833,233710,250726
32467833,229456,250726
32765833,230874,250726
33123833,223784,250726
33500833,223784,250726
33957833,232292,250726
34431833,225202,250726
34814833,236546,250726
35258833,226620,250726
35609833,243636,250726
36027833,239382,250726
36337833,242218,250726
36588833,242218,250726
36826833,242218,250726
37059833,239382,250726
37290833,239382,250726
37539833,240800,250726
37775833,243636,250726
38007833,242218,250726
38238833,246472,250726
38468833,239382,250726
38698833,239382,250726
38944833,239382,250726
39179833,228038,250726
39410833,230874,250726
39741833,222366,250726
40107833,216694,250726
40575833,232292,250726
41149833,228038,250726
41551833,226620,250726
41955833,220948,250726
42380833,235128,250726
42890833,232292,250726
43228833,233710,250726
43562833,230874,250726
43877833,233710,250726
44226833,235128,250726
44537833,228038,250726
44829833,223784,250726
45206833,233710,250726
45659833,236546,250726
45962833,239382,250726
46228833,237964,250726
46470833,236546,250726
46717833,235128,250726
46974833,233710,250726
47251833,228038,250726
47552833,230874,250726
47925833,239382,250726
48290833,232292,252144
48576833,226620,250726
48904833,223784,250726
49306833,222366,250726
49769833,216694,250726
50265833,212440,250726
50851833,189752,250726
51511833,196842,250726
52507833,203932,250726
53400833,194006,250726
54225833,181244,250726
55200833,185498,250726
56388833,162810,250726
57517833,208186,250726
59018833,223784,250726
59523833,229456,250726
