timestamp,cWnd0,cWnd1
611833,5672,5672
611833,14336,1500
829833,14336,1500
1052833,11017,1500
1340833,14552,1500
1600833,11975,1500
1845833,9635,1500
2081833,8884,1500
2314833,10636,1500
2545833,10388,1500
2776833,7667,1500
3006833,4961,1500
3236833,5190,1500
3466833,5071,1500
3696833,5653,1500
3926833,7738,1500
4156833,11358,1500
4392833,12953,1500
4643833,9082,1500
4887833,11398,1500
5123833,13624,1500
5356833,9050,1500
5589833,11345,1500
5820833,8925,1500
6052833,10566,1500
6283833,9955,1500
6513833,7760,1500
6743833,6760,1500
6973833,6714,1500
7203833,6379,1500
7433833,8142,1500
7663833,13405,1500
7894833,15504,1500
8142833,9947,1500
8388833,11723,1500
8624833,10852,1500
8856833,14442,1500
9087833,14057,1500
9327833,14401,1500
9560833,24808,1500
9796833,20953,1500
10127833,17026,1500
10476833,19329,1500
10776833,13858,1500
11083833,16378,1500
11339833,15243,1500
11599833,15385,1500
11842833,16574,1500
12081833,21067,1500
12336833,15631,1500
12642833,9929,1500
12925833,8879,1500
13173833,13251,1500
13411833,14785,1500
13676833,11778,1500
13929833,12778,1500
14166833,10649,1500
14398833,9790,1500
14629833,9522,1500
14860833,11016,1500
15090833,9271,1500
15320833,10041,1500
15550833,7486,1500
15780833,7754,1500
16010833,5386,1500
16240833,5782,1500
16470833,6642,1500
16701833,7195,1500
16931833,11085,1500
17164833,11700,1500
17405833,12389,1500
17646833,13766,1500
17880833,13877,1500
18117833,13474,1500
18349833,15987,1500
18580833,19268,1500
18838833,31893,1500
19131833,22008,1500
19545833,21339,1500
19956833,18944,1500
20307833,12675,1500
20612833,16982,1500
20876833,22003,1500
21151833,17960,1500
21483833,9118,1500
21788833,10026,1500
22044833,16247,1500
22285833,13542,1500
22566833,10510,1500
22813833,13626,1500
23049833,16266,1500
23287833,20932,1500
23552833,25803,1500
23861833,17733,1500
24250833,14734,1500
24537833,13566,1500
24784833,16134,1500
25020833,33948,1500
25284833,23337,1500
25659833,19954,1500
26114833,26866,1500
26485833,37297,1500
26906833,27692,1500
27482833,24863,1500
27929833,15428,1500
28316833,11973,1500
28570833,10721,1500
28809833,13312,1500
29042833,14745,1500
29277833,13511,1500
29520833,21186,1500
29754833,20318,1500
30054833,16920,1500
30381833,12521,1500
30650833,14829,1500
30895833,11546,1500
31150833,12922,1500
31389833,19747,1500
31622833,19628,1500
31905833,14014,1500
32208833,18566,1500
32467833,22860,1500
32765833,23666,1500
33123833,28595,1500
33500833,28489,1500
33957833,21152,1500
34431833,27555,1500
34814833,16451,1500
35258833,26779,1500
35609833,9552,1500
36027833,13257,1500
36337833,10294,1500
36588833,10499,1500
36826833,10124,1500
37059833,13851,1500
37290833,12910,1500
37539833,11348,1500
37775833,9771,1500
38007833,11089,1500
38238833,7317,1500
38468833,13841,1500
38698833,13788,1500
38944833,12974,1500
39179833,24282,1500
39410833,22029,1500
39741833,30534,1500
40107833,36553,1500
40575833,20938,1500
41149833,25420,1500
41551833,25983,1500
41955833,32509,1500
42380833,17682,1500
42890833,19905,1500
43228833,18885,1500
43562833,22285,1500
43877833,18942,1500
44226833,17030,1500
44537833,24763,1500
44829833,29715,1500
45206833,19189,1500
45659833,16133,1500
45962833,13322,1500
46228833,14801,1500
46470833,15857,1500
46717833,17291,1500
46974833,19711,1500
47251833,24137,1500
47552833,22497,1500
47925833,14055,1500
48290833,20194,1500
48576833,25631,1500
48904833,29565,1500
49306833,30370,1500
49769833,35837,1500
50265833,39767,1500
50851833,62985,1500
51511833,55341,1500
52507833,49578,1500
53400833,58358,1500
54225833,71139,1500
55200833,66683,1500
56388833,90160,1500
57517833,45362,1500
59018833,30809,1500
59523833,23854,1500
