timestamp,rWnd0,rWnd1
611833,1073725440,1073725440
611833,1073725440,1073725440
829833,1073725440,1073725440
1052833,1073725440,1073725440
1340833,1073725440,1073725440
1600833,1073725440,1073725440
1845833,1073725440,1073725440
2081833,1073725440,1073725440
2314833,1073725440,1073725440
2545833,1073725440,1073725440
2776833,1073725440,1073725440
3006833,1073725440,1073725440
3236833,1073725440,1073725440
3466833,1073725440,1073725440
3696833,1073725440,1073725440
3926833,1073725440,1073725440
4156833,1073725440,1073725440
4392833,1073725440,1073725440
4643833,1073725440,1073725440
4887833,1073725440,1073725440
5123833,1073725440,1073725440
5356833,1073725440,1073725440
5589833,1073725440,1073725440
5820833,1073725440,1073725440
6052833,1073725440,1073725440
6283833,1073725440,1073725440
6513833,1073725440,1073725440
6743833,1073725440,1073725440
6973833,1073725440,1073725440
7203833,1073725440,1073725440
7433833,1073725440,1073725440
7663833,1073725440,1073725440
7894833,1073725440,1073725440
8142833,1073725440,1073725440
8388833,1073725440,1073725440
8624833,1073725440,1073725440
8856833,1073725440,1073725440
9087833,1073725440,1073725440
9327833,1073725440,1073725440
9560833,1073725440,1073725440
9796833,1073725440,1073725440
10127833,1073725440,1073725440
10476833,1073725440,1073725440
10776833,1073725440,1073725440
11083833,1073725440,1073725440
11339833,1073725440,1073725440
11599833,1073725440,1073725440
11842833,1073725440,1073725440
12081833,1073725440,1073725440
12336833,1073725440,1073725440
12642833,1073725440,1073725440
12925833,1073725440,1073725440
13173833,1073725440,1073725440
13411833,1073725440,1073725440
13676833,1073725440,1073725440
13929833,1073725440,1073725440
14166833,1073725440,1073725440
14398833,1073725440,1073725440
14629833,1073725440,1073725440
14860833,1073725440,1073725440
15090833,1073725440,1073725440
15320833,1073725440,1073725440
15550833,1073725440,1073725440
15780833,1073725440,1073725440
16010833,1073725440,1073725440
16240833,1073725440,1073725440
16470833,1073725440,1073725440
16701833,1073725440,1073725440
16931833,1073725440,1073725440
17164833,1073725440,1073725440
17405833,1073725440,1073725440
17646833,1073725440,1073725440
17880833,1073725440,1073725440
18117833,1073725440,1073725440
18349833,1073725440,1073725440
18580833,1073725440,1073725440
18838833,1073725440,1073725440
19131833,1073725440,1073725440
19545833,1073725440,1073725440
19956833,1073725440,1073725440
20307833,1073725440,1073725440
20612833,1073725440,1073725440
20876833,1073725440,1073725440
21151833,1073725440,1073725440
21483833,1073725440,1073725440
21788833,1073725440,1073725440
22044833,1073725440,1073725440
22285833,1073725440,1073725440
22566833,1073725440,1073725440
22813833,1073725440,1073725440
23049833,1073725440,1073725440
23287833,1073725440,1073725440
23552833,1073725440,1073725440
23861833,1073725440,1073725440
24250833,1073725440,1073725440
24537833,1073725440,1073725440
24784833,1073725440,1073725440
25020833,1073725440,1073725440
25284833,1073725440,1073725440
25659833,1073725440,1073725440
26114833,1073725440,1073725440
26485833,1073725440,1073725440
26906833,1073725440,1073725440
27482833,1073725440,1073725440
27929833,1073725440,1073725440
28316833,1073725440,1073725440
28570833,1073725440,1073725440
28809833,1073725440,1073725440
29042833,1073725440,1073725440
29277833,1073725440,1073725440
29520833,1073725440,1073725440
29754833,1073725440,1073725440
30054833,1073725440,1073725440
30381833,1073725440,1073725440
30650833,1073725440,1073725440
30895833,1073725440,1073725440
31150833,1073725440,1073725440
31389833,1073725440,1073725440
31622833,1073725440,1073725440
31905833,1073725440,1073725440
32208833,1073725440,1073725440
32467833,1073725440,1073725440
32765833,1073725440,1073725440
33123833,1073725440,1073725440
33500833,1073725440,1073725440
33957833,1073725440,1073725440
34431833,1073725440,1073725440
34814833,1073725440,1073725440
35258833,1073725440,1073725440
35609833,1073725440,1073725440
36027833,1073725440,1073725440
36337833,1073725440,1073725440
36588833,1073725440,1073725440
36826833,1073725440,1073725440
37059833,1073725440,1073725440
37290833,1073725440,1073725440
37539833,1073725440,1073725440
37775833,1073725440,1073725440
38007833,1073725440,1073725440
38238833,1073725440,1073725440
38468833,1073725440,1073725440
38698833,1073725440,1073725440
38944833,1073725440,1073725440
39179833,1073725440,1073725440
39410833,1073725440,1073725440
39741833,1073725440,1073725440
40107833,1073725440,1073725440
40575833,1073725440,1073725440
41149833,1073725440,1073725440
41551833,1073725440,1073725440
41955833,1073725440,1073725440
42380833,1073725440,1073725440
42890833,1073725440,1073725440
43228833,1073725440,1073725440
43562833,1073725440,1073725440
43877833,1073725440,1073725440
44226833,1073725440,1073725440
44537833,1073725440,1073725440
44829833,1073725440,1073725440
45206833,1073725440,1073725440
45659833,1073725440,1073725440
45962833,1073725440,1073725440
46228833,1073725440,1073725440
46470833,1073725440,1073725440
46717833,1073725440,1073725440
46974833,1073725440,1073725440
47251833,1073725440,1073725440
47552833,1073725440,1073725440
47925833,1073725440,1073725440
48290833,1073725440,1073725440
48576833,1073725440,1073725440
48904833,1073725440,1073725440
49306833,1073725440,1073725440
49769833,1073725440,1073725440
50265833,1073725440,1073725440
50851833,1073725440,1073725440
51511833,1073725440,1073725440
52507833,1073725440,1073725440
53400833,1073725440,1073725440
54225833,1073725440,1073725440
55200833,1073725440,1073725440
56388833,1073725440,1073725440
57517833,1073725440,1073725440
59018833,1073725440,1073725440
59523833,1073725440,1073725440
