timestamp,rtt0,rtt1
611833,218,184
611833,218,184
829833,223,184
1052833,288,219
1340833,260,221
1600833,245,223
1845833,236,224
2081833,233,225
2314833,231,225
2545833,231,226
2776833,230,226
3006833,230,227
3236833,230,227
3466833,230,227
3696833,230,228
3926833,230,228
4156833,236,228
4392833,251,228
4643833,244,229
4887833,236,229
5123833,233,229
5356833,233,229
5589833,231,229
5820833,232,229
6052833,231,229
6283833,230,229
6513833,230,229
6743833,230,229
6973833,230,229
7203833,230,230
7433833,230,230
7663833,231,230
7894833,248,230
8142833,246,230
8388833,236,230
8624833,232,230
8856833,231,230
9087833,240,230
9327833,233,230
9560833,236,230
9796833,331,230
10127833,349,230
10476833,300,230
10776833,307,230
11083833,256,230
11339833,260,230
11599833,243,230
11842833,239,230
12081833,255,230
12336833,306,230
12642833,283,230
12925833,248,230
13173833,238,230
13411833,265,230
13676833,253,230
13929833,237,230
14166833,232,230
14398833,231,230
14629833,231,230
14860833,230,230
15090833,230,230
15320833,230,230
15550833,230,230
15780833,230,230
16010833,230,230
16240833,230,230
16470833,231,230
16701833,230,230
16931833,233,230
17164833,241,230
17405833,241,230
17646833,234,230
17880833,237,230
18117833,232,230
18349833,231,230
18580833,258,230
18838833,293,230
19131833,414,230
19545833,411,230
19956833,351,230
20307833,305,230
20612833,264,230
20876833,275,230
21151833,332,230
21483833,305,230
21788833,256,230
22044833,241,230
22285833,281,230
22566833,247,230
22813833,236,230
23049833,238,230
23287833,265,230
23552833,309,230
23861833,389,230
24250833,287,230
24537833,247,230
24784833,236,230
25020833,264,230
25284833,375,230
25659833,455,230
26114833,371,230
26485833,421,230
26906833,576,230
27482833,447,230
27929833,387,230
28316833,254,230
28570833,239,230
28809833,233,230
29042833,235,230
29277833,243,230
29520833,234,230
29754833,300,230
30054833,327,230
30381833,269,230
30650833,245,230
30895833,255,230
31150833,239,230
31389833,233,230
31622833,283,230
31905833,303,230
32208833,259,230
32467833,298,230
32765833,358,230
33123833,377,230
33500833,457,230
33957833,474,230
34431833,383,230
34814833,444,230
35258833,351,230
35609833,418,230
36027833,310,230
36337833,251,230
36588833,238,230
36826833,233,230
37059833,231,230
37290833,249,230
37539833,236,230
37775833,232,230
38007833,231,230
38238833,230,230
38468833,230,230
38698833,246,230
38944833,235,230
39179833,231,230
39410833,331,230
39741833,366,230
40107833,468,230
40575833,574,230
41149833,402,230
41551833,404,230
41955833,425,230
42380833,510,230
42890833,338,230
43228833,334,230
43562833,315,230
43877833,349,230
44226833,311,230
44537833,292,230
44829833,377,230
45206833,453,230
45659833,303,230
45962833,266,230
46228833,242,230
46470833,247,230
46717833,257,230
46974833,277,230
47251833,301,230
47552833,373,230
47925833,365,230
48290833,286,230
48576833,328,230
48904833,402,230
49306833,463,230
49769833,496,230
50265833,586,230
50851833,660,230
51511833,996,230
52507833,893,230
53400833,825,230
54225833,975,230
55200833,1188,230
56388833,1129,230
57517833,1501,230
59018833,505,230
59523833,485,230
