timestamp,lastAckedSeq,highTxMark,availableTxBuffer,nextTxSeq,totalCwnd,unAckMeta
611833,5673,17017,1158,17017,11344,11344
611833,5673,17017,1158,17017,15836,11344
829833,11345,31197,1158,31197,15836,19852
1052833,29779,41123,1158,41123,12517,11344
1340833,45377,60975,1158,60975,16052,15598
1600833,62393,75155,1158,75155,13475,12762
1845833,75155,85081,1158,85081,11135,9926
2081833,85081,95007,1158,95007,10384,9926
2314833,96425,107769,1158,107769,12136,11344
2545833,107769,119113,1158,119113,11888,11344
2776833,119113,127621,1158,127621,9167,8508
3006833,127621,131875,2576,131875,6461,4254
3236833,131875,137547,1158,137547,6690,5672
3466833,137547,143219,1158,143219,6571,5672
3696833,143219,148891,1158,148891,7153,5672
3926833,148891,157399,1158,157399,9238,8508
4156833,157399,170161,1158,170161,12858,12762
4392833,171579,185759,1158,185759,14453,14180
4643833,185759,195685,1158,195685,10582,9926
4887833,197103,209865,1158,209865,12898,12762
5123833,209865,224045,1158,224045,15124,14180
5356833,224045,233971,1158,233971,10550,9926
5589833,233971,246733,1158,246733,12845,12762
5820833,246733,256659,1158,256659,10425,9926
6052833,256659,268003,1158,268003,12066,11344
6283833,268003,279347,1158,279347,11455,11344
6513833,279347,287855,1158,287855,9260,8508
6743833,287855,294945,1158,294945,8260,7090
6973833,294945,302035,1158,302035,8214,7090
7203833,302035,309125,1158,309125,7879,7090
7433833,309125,317633,1158,317633,9642,8508
7663833,317633,331813,1158,331813,14905,14180
7894833,331813,347411,1158,347411,17004,15598
8142833,347411,358755,1158,358755,11447,11344
8388833,360173,372935,1158,372935,13223,12762
8624833,372935,384279,1158,384279,12352,11344
8856833,384279,399877,1158,399877,15942,15598
9087833,399877,414057,1158,414057,15557,14180
9327833,414057,429655,1158,429655,15901,15598
9560833,429655,455179,1158,455179,26308,25524
9796833,443835,466523,1158,466523,22453,22688
10127833,466523,484957,1158,484957,18526,18434
10476833,487793,509063,1158,509063,20829,21270
10776833,509063,523243,1158,523243,15358,14180
11083833,527497,544513,1158,544513,17878,17016
11339833,544513,560111,1158,560111,16743,15598
11599833,561529,575709,2576,575709,16885,14180
11842833,577127,594143,1158,594143,18074,17016
12081833,592725,613995,1158,613995,22567,21270
12336833,608323,625339,1158,625339,17131,17016
12642833,626757,638101,1158,638101,11429,11344
12925833,639519,649445,1158,649445,10379,9926
13173833,649445,663625,1158,663625,14751,14180
13411833,665043,680641,1158,680641,16285,15598
13676833,680641,693403,1158,693403,13278,12762
13929833,694821,709001,1158,709001,14278,14180
14166833,709001,720345,1158,720345,12149,11344
14398833,720345,730271,1158,730271,11290,9926
14629833,730271,740197,1158,740197,11022,9926
14860833,741615,751541,2576,751541,12516,9926
15090833,751541,761467,1158,761467,10771,9926
15320833,761467,772811,1158,772811,11541,11344
15550833,772811,781319,1158,781319,8986,8508
15780833,781319,789827,1158,789827,9254,8508
16010833,789827,795499,1158,795499,6886,5672
16240833,795499,802589,1158,802589,7282,7090
16470833,802589,809679,1158,809679,8142,7090
16701833,809679,818187,1158,818187,8695,8508
16931833,818187,829531,1158,829531,12585,11344
17164833,829531,842293,1158,842293,13200,12762
17405833,842293,855055,1158,855055,13889,12762
17646833,856473,870653,1158,870653,15266,14180
17880833,870653,884833,1158,884833,15377,14180
18117833,884833,899013,1158,899013,14974,14180
18349833,899013,916029,1158,916029,17487,17016
18580833,914611,934463,1158,934463,20768,19852
18838833,931627,964241,1158,964241,33393,32614
19131833,948643,974167,1158,974167,23508,25524
19545833,977003,999691,1158,999691,22839,22688
19956833,1003945,1023797,1158,1023797,20444,19852
20307833,1025215,1036559,2576,1036559,14175,11344
20612833,1043649,1060665,1158,1060665,18482,17016
20876833,1060665,1083353,1158,1083353,23503,22688
21151833,1077681,1096115,1158,1096115,19460,18434
21483833,1096115,1106041,1158,1106041,10618,9926
21788833,1110295,1121639,1158,1121639,11526,11344
22044833,1124475,1141491,1158,1141491,17747,17016
22285833,1140073,1154253,1158,1154253,15042,14180
22566833,1154253,1165597,1158,1165597,12010,11344
22813833,1167015,1181195,1158,1181195,15126,14180
23049833,1181195,1198211,1158,1198211,17766,17016
23287833,1196793,1218063,1158,1218063,22432,21270
23552833,1213809,1240751,1158,1240751,27303,26942
23861833,1233661,1253513,1158,1253513,19233,19852
24250833,1260603,1276201,1158,1276201,16234,15598
24537833,1277619,1291799,1158,1291799,15066,14180
24784833,1293217,1311651,1158,1311651,17634,18434
25020833,1308815,1341429,2576,1341429,35448,32614
25284833,1325831,1351355,1158,1351355,24837,25524
25659833,1349937,1371207,1158,1371207,21454,21270
26114833,1378297,1406657,1158,1406657,28366,28360
26485833,1403821,1443525,1158,1443525,38797,39704
26906833,1430763,1460541,1158,1460541,29192,29778
27482833,1469049,1495991,1158,1495991,26363,26942
27929833,1498827,1514425,1158,1514425,16928,15598
28316833,1521515,1534277,1158,1534277,13473,12762
28570833,1534277,1545621,1158,1545621,12221,11344
28809833,1547039,1561219,1158,1561219,14812,14180
29042833,1561219,1576817,1158,1576817,16245,15598
29277833,1576817,1590997,1158,1590997,15011,14180
29520833,1590997,1612267,1158,1612267,22686,21270
29754833,1606595,1627865,1158,1627865,21818,21270
30054833,1626447,1643463,2576,1643463,18420,17016
30381833,1646299,1657643,2576,1657643,14021,11344
30650833,1660479,1676077,1158,1676077,16329,15598
30895833,1676077,1688839,1158,1688839,13046,12762
31150833,1690257,1704437,1158,1704437,14422,14180
31389833,1705855,1725707,1158,1725707,21247,19852
31622833,1720035,1739887,1158,1739887,21128,19852
31905833,1738469,1754067,1158,1754067,15514,15598
32208833,1758321,1778173,1158,1778173,20066,19852
32467833,1775337,1799443,1158,1799443,24360,24106
32765833,1795189,1817877,2576,1817877,25166,22688
33123833,1816459,1847655,1158,1847655,30095,31196
33500833,1840565,1871761,1158,1871761,29989,31196
33957833,1870343,1893031,1158,1893031,22652,22688
34431833,1901539,1931317,1158,1931317,29055,29778
34814833,1927063,1945497,1158,1945497,17951,18434
35258833,1956841,1985201,1158,1985201,28279,28360
35609833,1979529,1990873,1158,1990873,11052,11344
36027833,2002217,2016397,1158,2016397,14757,14180
36337833,2017815,2029159,1158,2029159,11794,11344
36588833,2030577,2041921,1158,2041921,11999,11344
36826833,2041921,2053265,1158,2053265,11624,11344
37059833,2053265,2067445,1158,2067445,15351,14180
37290833,2067445,2081625,1158,2081625,14410,14180
37539833,2081625,2094387,1158,2094387,12848,12762
37775833,2094387,2104313,1158,2104313,11271,9926
38007833,2105731,2117075,1158,2117075,12589,11344
38238833,2117075,2124165,2576,2124165,8817,7090
38468833,2124165,2138345,1158,2138345,15341,14180
38698833,2138345,2152525,1158,2152525,15288,14180
38944833,2153943,2168123,1158,2168123,14474,14180
39179833,2168123,2193647,1158,2193647,25782,25524
39410833,2183721,2206409,1158,2206409,23529,22688
39741833,2204991,2237605,1158,2237605,32034,32614
40107833,2227679,2265965,1158,2265965,38053,38286
40575833,2258875,2281563,1158,2281563,22438,22688
41149833,2297161,2324103,1158,2324103,26920,26942
41551833,2324103,2351045,2576,2351045,27483,26942
41955833,2348209,2382241,1158,2382241,34009,34032
42380833,2375151,2396421,1158,2396421,19182,21270
42890833,2410601,2433289,1158,2433289,21405,22688
43228833,2433289,2453141,1158,2453141,20385,19852
43562833,2454559,2478665,1158,2478665,23785,24106
43877833,2474411,2495681,1158,2495681,20442,21270
44226833,2498517,2516951,1158,2516951,18530,18434
44537833,2518369,2545311,1158,2545311,26263,26942
44829833,2536803,2567999,1158,2567999,31215,31196
45206833,2562327,2583597,1158,2583597,20689,21270
45659833,2592105,2609121,1158,2609121,17633,17016
45962833,2611957,2626137,1158,2626137,14822,14180
46228833,2627555,2643153,1158,2643153,16301,15598
46470833,2643153,2660169,1158,2660169,17357,17016
46717833,2660169,2678603,1158,2678603,18791,18434
46974833,2675767,2695619,1158,2695619,21211,19852
47251833,2694201,2719725,1158,2719725,25637,25524
47552833,2712635,2735323,1158,2735323,23997,22688
47925833,2736741,2750921,1158,2750921,15555,14180
48290833,2759429,2780699,1158,2780699,21694,21270
48576833,2777863,2806223,1158,2806223,27131,28360
48904833,2799133,2830329,1158,2830329,31065,31196
49306833,2826075,2858689,1158,2858689,31870,32614
49769833,2855853,2894139,1158,2894139,37337,38286
50265833,2887049,2931007,1158,2931007,41267,43958
50851833,2923917,2990563,1158,2990563,64485,66646
51511833,2966457,3027431,1158,3027431,56841,60974
52507833,3033103,3085569,1158,3085569,51078,52466
53400833,3089823,3153633,1158,3153633,59858,63810
54225833,3143707,3220279,1158,3220279,72639,76572
55200833,3206099,3279835,1158,3279835,68183,73736
56388833,3282671,3379095,1158,3379095,91660,96424
57517833,3356407,3408873,1158,3408873,46862,52466
59018833,3459921,3491117,2576,3491117,32309,31196
59523833,3493953,3519477,1158,3519477,25354,25524
