timestamp,rWnd0,rWnd1
611833,1073725440,1073725440
611833,1073725440,1073725440
829833,1073725440,1073725440
1052833,1073725440,1073725440
1361833,1073725440,1073725440
1765833,1073725440,1073725440
2033833,1073725440,1073725440
2279833,1073725440,1073725440
2536833,1073725440,1073725440
2830833,1073725440,1073725440
3185833,1073725440,1073725440
3684833,1073725440,1073725440
4255833,1073725440,1073725440
5116833,1073725440,1073725440
6154833,1073725440,1073725440
6884833,1073725440,1073725440
7622833,1073725440,1073725440
8196833,1073725440,1073725440
8767833,1073725440,1073725440
9384833,1073725440,1073725440
10003833,1073725440,1073725440
10497833,1073725440,1073725440
11063833,1073725440,1073725440
11505833,1073725440,1073725440
11874833,1073725440,1073725440
12166833,1073725440,1073725440
12418833,1073725440,1073725440
12655833,1073725440,1073725440
12888833,1073725440,1073725440
13216833,1073725440,1073725440
13651833,1073725440,1073725440
14010833,1073725440,1073725440
14387833,1073725440,1073725440
14667833,1073725440,1073725440
14951833,1073725440,1073725440
15199833,1073725440,1073725440
15541833,1073725440,1073725440
15931833,1073725440,1073725440
16314833,1073725440,1073725440
16695833,1073725440,1073725440
16995833,1073725440,1073725440
17243833,1073725440,1073725440
17480833,1073725440,1073725440
17713833,1073725440,1073725440
17949833,1073725440,1073725440
18199833,1073725440,1073725440
18457833,1073725440,1073725440
18822833,1073725440,1073725440
19288833,1073725440,1073725440
19689833,1073725440,1073725440
20045833,1073725440,1073725440
20381833,1073725440,1073725440
20657833,1073725440,1073725440
20977833,1073725440,1073725440
21274833,1073725440,1073725440
21523833,1073725440,1073725440
21763833,1073725440,1073725440
22075833,1073725440,1073725440
22348833,1073725440,1073725440
22630833,1073725440,1073725440
22878833,1073725440,1073725440
23115833,1073725440,1073725440
23354833,1073725440,1073725440
23599833,1073725440,1073725440
23951833,1073725440,1073725440
24297833,1073725440,1073725440
24652833,1073725440,1073725440
25086833,1073725440,1073725440
25646833,1073725440,1073725440
26049833,1073725440,1073725440
26453833,1073725440,1073725440
26789833,1073725440,1073725440
27305833,1073725440,1073725440
27708833,1073725440,1073725440
28071833,1073725440,1073725440
28361833,1073725440,1073725440
28629833,1073725440,1073725440
28885833,1073725440,1073725440
29151833,1073725440,1073725440
29392833,1073725440,1073725440
29626833,1073725440,1073725440
29899833,1073725440,1073725440
30238833,1073725440,1073725440
30595833,1073725440,1073725440
30879833,1073725440,1073725440
31164833,1073725440,1073725440
31502833,1073725440,1073725440
31837833,1073725440,1073725440
32228833,1073725440,1073725440
32543833,1073725440,1073725440
32931833,1073725440,1073725440
33265833,1073725440,1073725440
33511833,1073725440,1073725440
33746833,1073725440,1073725440
34075833,1073725440,1073725440
34488833,1073725440,1073725440
34844833,1073725440,1073725440
35282833,1073725440,1073725440
35636833,1073725440,1073725440
35951833,1073725440,1073725440
36255833,1073725440,1073725440
36528833,1073725440,1073725440
36830833,1073725440,1073725440
37137833,1073725440,1073725440
37426833,1073725440,1073725440
37712833,1073725440,1073725440
38015833,1073725440,1073725440
38275833,1073725440,1073725440
38518833,1073725440,1073725440
38753833,1073725440,1073725440
39049833,1073725440,1073725440
39325833,1073725440,1073725440
39627833,1073725440,1073725440
39896833,1073725440,1073725440
40146833,1073725440,1073725440
40387833,1073725440,1073725440
40621833,1073725440,1073725440
40853833,1073725440,1073725440
41084833,1073725440,1073725440
41314833,1073725440,1073725440
41544833,1073725440,1073725440
41786833,1073725440,1073725440
42085833,1073725440,1073725440
42395833,1073725440,1073725440
42704833,1073725440,1073725440
42981833,1073725440,1073725440
43335833,1073725440,1073725440
43729833,1073725440,1073725440
44096833,1073725440,1073725440
44516833,1073725440,1073725440
44894833,1073725440,1073725440
45375833,1073725440,1073725440
45821833,1073725440,1073725440
46294833,1073725440,1073725440
46791833,1073725440,1073725440
47398833,1073725440,1073725440
47901833,1073725440,1073725440
48446833,1073725440,1073725440
48886833,1073725440,1073725440
49381833,1073725440,1073725440
49654833,1073725440,1073725440
49898833,1073725440,1073725440
50137833,1073725440,1073725440
50371833,1073725440,1073725440
50608833,1073725440,1073725440
50841833,1073725440,1073725440
51072833,1073725440,1073725440
51302833,1073725440,1073725440
51536833,1073725440,1073725440
51767833,1073725440,1073725440
51997833,1073725440,1073725440
52236833,1073725440,1073725440
52534833,1073725440,1073725440
52877833,1073725440,1073725440
53190833,1073725440,1073725440
53480833,1073725440,1073725440
53733833,1073725440,1073725440
54111833,1073725440,1073725440
54608833,1073725440,1073725440
55113833,1073725440,1073725440
55520833,1073725440,1073725440
55946833,1073725440,1073725440
56288833,1073725440,1073725440
56610833,1073725440,1073725440
56878833,1073725440,1073725440
57177833,1073725440,1073725440
57535833,1073725440,1073725440
57860833,1073725440,1073725440
58191833,1073725440,1073725440
58452833,1073725440,1073725440
58694833,1073725440,1073725440
58929833,1073725440,1073725440
59162833,1073725440,1073725440
59399833,1073725440,1073725440
59701833,1073725440,1073725440
59966833,1073725440,1073725440
