timestamp,rtt0,rtt1
611833,218,184
611833,218,184
829833,223,184
1052833,309,219
1361833,404,221
1765833,268,223
2033833,246,224
2279833,257,224
2536833,294,225
2830833,355,226
3185833,499,227
3684833,571,227
4255833,861,228
5116833,1038,229
6154833,730,229
6884833,738,230
7622833,574,230
8196833,571,230
8767833,617,230
9384833,619,230
10003833,494,230
10497833,566,230
11063833,442,230
11505833,369,230
11874833,292,230
12166833,252,230
12418833,237,230
12655833,233,230
12888833,328,230
13216833,435,230
13651833,359,230
14010833,377,230
14387833,280,230
14667833,284,230
14951833,248,230
15199833,342,230
15541833,390,230
15931833,383,230
16314833,381,230
16695833,300,230
16995833,248,230
17243833,237,230
17480833,233,230
17713833,236,230
17949833,250,230
18199833,258,230
18457833,365,230
18822833,466,230
19288833,401,230
19689833,356,230
20045833,336,230
20381833,276,230
20657833,320,230
20977833,297,230
21274833,249,230
21523833,240,230
21763833,312,230
22075833,273,230
22348833,282,230
22630833,248,230
22878833,237,230
23115833,239,230
23354833,245,230
23599833,352,230
23951833,346,230
24297833,355,230
24652833,434,230
25086833,560,230
25646833,403,230
26049833,404,230
26453833,336,230
26789833,516,230
27305833,403,230
27708833,363,230
28071833,290,230
28361833,268,230
28629833,256,230
28885833,266,230
29151833,241,230
29392833,234,230
29626833,273,230
29899833,339,230
30238833,357,230
30595833,284,230
30879833,285,230
31164833,338,230
31502833,335,230
31837833,391,230
32228833,315,230
32543833,388,230
32931833,334,230
33265833,246,230
33511833,235,230
33746833,329,230
34075833,413,230
34488833,356,230
34844833,438,230
35282833,354,230
35636833,315,230
35951833,304,230
36255833,273,230
36528833,302,230
36830833,307,230
37137833,289,230
37426833,286,230
37712833,303,230
38015833,260,230
38275833,243,230
38518833,235,230
38753833,296,230
39049833,276,230
39325833,302,230
39627833,269,230
39896833,250,230
40146833,241,230
40387833,234,230
40621833,232,230
40853833,231,230
41084833,230,230
41314833,230,230
41544833,242,230
41786833,299,230
42085833,310,230
42395833,309,230
42704833,277,230
42981833,354,230
43335833,394,230
43729833,367,230
44096833,420,230
44516833,378,230
44894833,481,230
45375833,446,230
45821833,473,230
46294833,497,230
46791833,607,230
47398833,503,230
47901833,545,230
48446833,440,230
48886833,495,230
49381833,273,230
49654833,244,230
49898833,239,230
50137833,234,230
50371833,237,230
50608833,233,230
50841833,231,230
51072833,230,230
51302833,234,230
51536833,231,230
51767833,230,230
51997833,239,230
52236833,298,230
52534833,343,230
52877833,313,230
53190833,290,230
53480833,253,230
53733833,378,230
54111833,497,230
54608833,505,230
55113833,407,230
55520833,426,230
55946833,342,230
56288833,322,230
56610833,268,230
56878833,299,230
57177833,358,230
57535833,325,230
57860833,331,230
58191833,261,230
58452833,242,230
58694833,235,230
58929833,233,230
59162833,237,230
59399833,302,230
59701833,265,230
59966833,246,230
