timestamp,unAck0,unAck1
611833,5672,5672
611833,5672,5672
829833,24106,5672
1052833,22688,1418
1361833,12762,1418
1765833,14180,1418
2033833,15598,1418
2279833,18434,1418
2536833,22688,1418
2830833,35450,1418
3185833,34032,1418
3684833,55302,1418
4255833,62392,1418
5116833,39704,1418
6154833,43958,0
6884833,34032,1418
7622833,34032,1418
8196833,36868,1418
8767833,36868,1418
9384833,22688,1418
10003833,32614,1418
10497833,28360,1418
11063833,22688,1418
11505833,18434,1418
11874833,14180,1418
12166833,11344,1418
12418833,11344,1418
12655833,21270,1418
12888833,29778,1418
13216833,14180,1418
13651833,22688,1418
14010833,12762,0
14387833,17016,1418
14667833,12762,1418
14951833,22688,0
15199833,24106,1418
15541833,22688,1418
15931833,22688,1418
16314833,18434,1418
16695833,11344,1418
16995833,11344,1418
17243833,7090,1418
17480833,11344,1418
17713833,14180,1418
17949833,15598,1418
18199833,26942,1418
18457833,29778,1418
18822833,24106,1418
19288833,21270,1418
19689833,19852,1418
20045833,11344,1418
20381833,19852,1418
20657833,17016,1418
20977833,11344,1418
21274833,12762,1418
21523833,19852,1418
21763833,14180,1418
22075833,17016,1418
22348833,11344,1418
22630833,8508,1418
22878833,12762,1418
23115833,12762,1418
23354833,25524,1418
23599833,15598,1418
23951833,19852,1418
24297833,26942,1418
24652833,35450,1418
25086833,18434,1418
25646833,22688,0
26049833,18434,1418
26453833,34032,1418
26789833,22688,1418
27305833,21270,1418
27708833,7090,1418
28071833,4254,1418
28361833,7090,1418
28629833,14180,1418
28885833,12762,1418
29151833,11344,1418
29392833,15598,1418
29626833,22688,1418
29899833,21270,1418
30238833,15598,1418
30595833,17016,1418
30879833,21270,1418
31164833,19852,1418
31502833,24106,1418
31837833,14180,1418
32228833,24106,1418
32543833,19852,1418
32931833,12762,1418
33265833,12762,1418
33511833,22688,1418
33746833,26942,1418
34075833,18434,1418
34488833,26942,1418
34844833,21270,1418
35282833,18434,1418
35636833,18434,1418
35951833,14180,1418
36255833,18434,1418
36528833,18434,1418
36830833,17016,1418
37137833,17016,1418
37426833,18434,1418
37712833,11344,1418
38015833,14180,1418
38275833,9926,1418
38518833,18434,1418
38753833,15598,1418
39049833,18434,1418
39325833,8508,1418
39627833,14180,1418
39896833,14180,1418
40146833,11344,1418
40387833,11344,1418
40621833,11344,1418
40853833,11344,1418
41084833,9926,1418
41314833,14180,1418
41544833,19852,1418
41786833,18434,1418
42085833,18434,1418
42395833,15598,1418
42704833,22688,1418
42981833,24106,1418
43335833,21270,1418
43729833,25524,1418
44096833,21270,1418
44516833,29778,1418
44894833,25524,1418
45375833,28360,1418
45821833,29778,0
46294833,36868,1418
46791833,26942,1418
47398833,32614,1418
47901833,22688,1418
48446833,29778,0
48886833,17016,1418
49381833,14180,1418
49654833,14180,1418
49898833,8508,1418
50137833,12762,1418
50371833,9926,1418
50608833,11344,1418
50841833,9926,1418
51072833,11344,1418
51302833,11344,1418
51536833,11344,1418
51767833,12762,1418
51997833,19852,1418
52236833,21270,1418
52534833,18434,1418
52877833,17016,1418
53190833,11344,1418
53480833,25524,1418
53733833,38286,1418
54111833,28360,0
54608833,22688,1418
55113833,25524,1418
55520833,19852,1418
55946833,19852,1418
56288833,14180,1418
56610833,18434,1418
56878833,22688,1418
57177833,18434,1418
57535833,19852,1418
57860833,12762,1418
58191833,8508,1418
58452833,8508,1418
58694833,8508,1418
58929833,9926,1418
59162833,17016,1418
59399833,8508,1418
59701833,8508,1418
59966833,8508,1418
