timestamp,cWnd0,cWnd1
611833,5672,5672
611833,25196,1500
829833,25196,1500
1052833,23254,1500
1361833,12808,1500
1765833,15106,1500
2033833,16114,1500
2279833,18640,1500
2536833,23616,1500
2830833,35991,1500
3185833,34039,1500
3684833,56522,1500
4255833,62521,1500
5116833,40287,1500
6154833,44347,1500
6884833,34395,1500
7622833,34578,1500
8196833,38262,1500
8767833,36879,1500
9384833,23880,1500
10003833,34505,1500
10497833,28696,1500
11063833,23588,1500
11505833,19670,1500
11874833,14775,1500
12166833,12320,1500
12418833,11938,1500
12655833,23462,1500
12888833,30789,1500
13216833,15383,1500
13651833,23673,1500
14010833,12922,1500
14387833,17545,1500
14667833,14101,1500
14951833,23106,1500
15199833,25126,1500
15541833,22756,1500
15931833,23272,1500
16314833,19772,1500
16695833,12452,1500
16995833,11568,1500
17243833,7746,1500
17480833,11435,1500
17713833,15259,1500
17949833,15685,1500
18199833,27170,1500
18457833,30636,1500
18822833,24128,1500
19288833,21920,1500
19689833,19991,1500
20045833,11659,1500
20381833,19920,1500
20657833,17780,1500
20977833,11549,1500
21274833,12842,1500
21523833,21239,1500
21763833,14771,1500
22075833,17597,1500
22348833,12692,1500
22630833,9572,1500
22878833,13313,1500
23115833,14609,1500
23354833,27325,1500
23599833,15894,1500
23951833,21545,1500
24297833,28250,1500
24652833,35874,1500
25086833,18726,1500
25646833,24534,1500
26049833,18838,1500
26453833,34704,1500
26789833,23136,1500
27305833,21345,1500
27708833,7668,1500
28071833,4895,1500
28361833,8115,1500
28629833,14401,1500
28885833,12971,1500
29151833,12025,1500
29392833,15897,1500
29626833,22770,1500
29899833,22617,1500
30238833,16129,1500
30595833,17512,1500
30879833,22622,1500
31164833,21226,1500
31502833,25311,1500
31837833,15191,1500
32228833,24822,1500
32543833,20521,1500
32931833,13123,1500
33265833,13399,1500
33511833,23561,1500
33746833,28179,1500
34075833,18444,1500
34488833,27155,1500
34844833,22224,1500
35282833,19680,1500
35636833,18439,1500
35951833,16695,1500
36255833,19811,1500
36528833,18438,1500
36830833,18028,1500
37137833,17101,1500
37426833,19736,1500
37712833,12533,1500
38015833,14322,1500
38275833,10601,1500
38518833,19416,1500
38753833,16724,1500
39049833,19207,1500
39325833,9495,1500
39627833,14499,1500
39896833,14807,1500
40146833,12424,1500
40387833,12561,1500
40621833,12080,1500
40853833,12139,1500
41084833,10560,1500
41314833,14893,1500
41544833,20121,1500
41786833,18510,1500
42085833,19416,1500
42395833,16298,1500
42704833,22761,1500
42981833,24931,1500
43335833,21705,1500
43729833,25719,1500
44096833,21875,1500
44516833,30336,1500
44894833,25713,1500
45375833,28930,1500
45821833,30129,1500
46294833,37815,1500
46791833,27313,1500
47398833,33952,1500
47901833,23751,1500
48446833,30685,1500
48886833,17309,1500
49381833,15557,1500
49654833,14948,1500
49898833,9560,1500
50137833,13234,1500
50371833,11182,1500
50608833,12353,1500
50841833,10804,1500
51072833,13880,1500
51302833,12408,1500
51536833,12620,1500
51767833,14898,1500
51997833,19928,1500
52236833,22224,1500
52534833,18471,1500
52877833,17808,1500
53190833,12486,1500
53480833,26228,1500
53733833,38503,1500
54111833,29689,1500
54608833,24056,1500
55113833,26043,1500
55520833,20562,1500
55946833,20050,1500
56288833,14687,1500
56610833,19721,1500
56878833,23439,1500
57177833,19575,1500
57535833,20331,1500
57860833,13742,1500
58191833,9398,1500
58452833,8547,1500
58694833,9200,1500
58929833,10385,1500
59162833,17572,1500
59399833,8935,1500
59701833,10235,1500
59966833,9289,1500
