timestamp,availableTxBuffer0,availableTxBuffer1
611833,246472,246472
611833,246472,246472
829833,228038,246472
1052833,229456,250726
1361833,239382,250726
1765833,237964,250726
2033833,236546,250726
2279833,233710,250726
2536833,229456,250726
2830833,216694,250726
3185833,218112,250726
3684833,196842,250726
4255833,189752,250726
5116833,212440,250726
6154833,208186,252144
6884833,218112,250726
7622833,218112,250726
8196833,215276,250726
8767833,215276,250726
9384833,229456,250726
10003833,219530,250726
10497833,223784,250726
11063833,229456,250726
11505833,233710,250726
11874833,237964,250726
12166833,240800,250726
12418833,240800,250726
12655833,230874,250726
12888833,222366,250726
13216833,237964,250726
13651833,229456,250726
14010833,239382,252144
14387833,235128,250726
14667833,239382,250726
14951833,229456,252144
15199833,228038,250726
15541833,229456,250726
15931833,229456,250726
16314833,233710,250726
16695833,240800,250726
16995833,240800,250726
17243833,245054,250726
17480833,240800,250726
17713833,237964,250726
17949833,236546,250726
18199833,225202,250726
18457833,222366,250726
18822833,228038,250726
19288833,230874,250726
19689833,232292,250726
20045833,240800,250726
20381833,232292,250726
20657833,235128,250726
20977833,240800,250726
21274833,239382,250726
21523833,232292,250726
21763833,237964,250726
22075833,235128,250726
22348833,240800,250726
22630833,243636,250726
22878833,239382,250726
23115833,239382,250726
23354833,226620,250726
23599833,236546,250726
23951833,232292,250726
24297833,225202,250726
24652833,216694,250726
25086833,233710,250726
25646833,229456,252144
26049833,233710,250726
26453833,218112,250726
26789833,229456,250726
27305833,230874,250726
27708833,245054,250726
28071833,247890,250726
28361833,245054,250726
28629833,237964,250726
28885833,239382,250726
29151833,240800,250726
29392833,236546,250726
29626833,229456,250726
29899833,230874,250726
30238833,236546,250726
30595833,235128,250726
30879833,230874,250726
31164833,232292,250726
31502833,228038,250726
31837833,237964,250726
32228833,228038,250726
32543833,232292,250726
32931833,239382,250726
33265833,239382,250726
33511833,229456,250726
33746833,225202,250726
34075833,233710,250726
34488833,225202,250726
34844833,230874,250726
35282833,233710,250726
35636833,233710,250726
35951833,237964,250726
36255833,233710,250726
36528833,233710,250726
36830833,235128,250726
37137833,235128,250726
37426833,233710,250726
37712833,240800,250726
38015833,237964,250726
38275833,242218,250726
38518833,233710,250726
38753833,236546,250726
39049833,233710,250726
39325833,243636,250726
39627833,237964,250726
39896833,237964,250726
40146833,240800,250726
40387833,240800,250726
40621833,240800,250726
40853833,240800,250726
41084833,242218,250726
41314833,237964,250726
41544833,232292,250726
41786833,233710,250726
42085833,233710,250726
42395833,236546,250726
42704833,229456,250726
42981833,228038,250726
43335833,230874,250726
43729833,226620,250726
44096833,230874,250726
44516833,222366,250726
44894833,226620,250726
45375833,223784,250726
45821833,222366,252144
46294833,215276,250726
46791833,225202,250726
47398833,219530,250726
47901833,229456,250726
48446833,222366,252144
48886833,235128,250726
49381833,237964,250726
49654833,237964,250726
49898833,243636,250726
50137833,239382,250726
50371833,242218,250726
50608833,240800,250726
50841833,242218,250726
51072833,240800,250726
51302833,240800,250726
51536833,240800,250726
51767833,239382,250726
51997833,232292,250726
52236833,230874,250726
52534833,233710,250726
52877833,235128,250726
53190833,240800,250726
53480833,226620,250726
53733833,213858,250726
54111833,223784,252144
54608833,229456,250726
55113833,226620,250726
55520833,232292,250726
55946833,232292,250726
56288833,237964,250726
56610833,233710,250726
56878833,229456,250726
57177833,233710,250726
57535833,232292,250726
57860833,239382,250726
58191833,243636,250726
58452833,243636,250726
58694833,243636,250726
58929833,242218,250726
59162833,235128,250726
59399833,243636,250726
59701833,243636,250726
59966833,243636,250726
