timestamp,lastAckedSeq,highTxMark,availableTxBuffer,nextTxSeq,totalCwnd,unAckMeta
611833,5673,17017,1158,17017,11344,11344
611833,5673,17017,1158,17017,26696,11344
829833,11345,41123,1158,41123,26696,29778
1052833,29779,53885,1158,53885,24754,24106
1361833,49631,63811,1158,63811,14308,14180
1765833,75155,90753,1158,90753,16606,15598
2033833,93589,110605,1158,110605,17614,17016
2279833,109187,129039,1158,129039,20140,19852
2536833,126203,150309,1158,150309,25116,24106
2830833,144637,182923,1158,182923,37491,38286
3185833,167325,204193,1158,204193,35539,36868
3684833,199939,258077,1158,258077,58022,58138
4255833,235389,303453,1158,303453,64021,68064
5116833,290691,336067,1158,336067,41787,45376
6154833,358755,406967,1158,406967,45847,48212
6884833,408385,446671,1158,446671,35895,38286
7622833,456597,494883,1158,494883,36078,38286
8196833,494883,534587,1158,534587,39762,39704
8767833,531751,571455,1158,571455,38379,39704
9384833,572873,598397,1158,598397,25380,25524
10003833,612577,649445,2576,649445,36005,36868
10497833,643773,676387,1158,676387,30196,32614
11063833,682059,707583,1158,707583,25088,25524
11505833,711837,731689,1158,731689,21170,19852
11874833,735943,751541,1158,751541,16275,15598
12166833,752959,765721,1158,765721,13820,12762
12418833,767139,779901,1158,779901,13438,12762
12655833,781319,804007,2576,804007,24962,22688
12888833,794081,826695,1158,826695,32289,32614
13216833,815351,832367,1158,832367,16883,17016
13651833,843711,869235,1158,869235,25173,25524
14010833,867817,881997,1158,881997,14422,14180
14387833,891923,910357,1158,910357,19045,18434
14667833,910357,924537,1158,924537,15601,14180
14951833,927373,951479,1158,951479,24606,24106
15199833,944389,971331,1158,971331,26626,26942
15541833,965659,991183,1158,991183,24256,25524
15931833,991183,1016707,1158,1016707,24772,25524
16314833,1016707,1036559,1158,1036559,21272,19852
16695833,1040813,1053575,1158,1053575,13952,12762
16995833,1056411,1069173,1158,1069173,13068,12762
17243833,1069173,1077681,1158,1077681,9246,8508
17480833,1079099,1091861,1158,1091861,12935,12762
17713833,1091861,1107459,1158,1107459,16759,15598
17949833,1107459,1124475,1158,1124475,17185,17016
18199833,1123057,1151417,1158,1151417,28670,28360
18457833,1138655,1171269,1158,1171269,32136,32614
18822833,1162761,1189703,1158,1189703,25628,26942
19288833,1193957,1218063,1158,1218063,23420,24106
19689833,1220899,1243587,1158,1243587,21491,22688
20045833,1243587,1256349,1158,1256349,13159,12762
20381833,1263439,1284709,1158,1284709,21420,21270
20657833,1280455,1300307,1158,1300307,19280,19852
20977833,1300307,1313069,1158,1313069,13049,12762
21274833,1317323,1331503,1158,1331503,14342,14180
21523833,1332921,1354191,1158,1354191,22739,21270
21763833,1348519,1364117,1158,1364117,16271,15598
22075833,1368371,1388223,1158,1388223,19097,19852
22348833,1388223,1400985,2576,1400985,14192,12762
22630833,1400985,1410911,1158,1410911,11072,9926
22878833,1412329,1426509,1158,1426509,14813,14180
23115833,1427927,1442107,2576,1442107,16109,14180
23354833,1443525,1470467,2576,1470467,28825,26942
23599833,1457705,1476139,1158,1476139,17394,18434
23951833,1481811,1503081,2576,1503081,23045,21270
24297833,1503081,1532859,1158,1532859,29750,29778
24652833,1525769,1564055,1158,1564055,37374,38286
25086833,1554129,1575399,1158,1575399,20226,21270
25646833,1592415,1616521,2576,1616521,26034,24106
26049833,1617939,1637791,1158,1637791,20338,19852
26453833,1643463,1680331,1158,1680331,36204,36868
26789833,1664733,1690257,1158,1690257,24636,25524
27305833,1700183,1722871,1158,1722871,22845,22688
27708833,1724289,1732797,1158,1732797,9168,8508
28071833,1735633,1741305,1158,1741305,6395,5672
28361833,1744141,1752649,1158,1752649,9615,8508
28629833,1755485,1771083,1158,1771083,15901,15598
28885833,1771083,1785263,1158,1785263,14471,14180
29151833,1785263,1798025,1158,1798025,13525,12762
29392833,1799443,1816459,1158,1816459,17397,17016
29626833,1815041,1839147,1158,1839147,24270,24106
29899833,1832057,1854745,1158,1854745,24117,22688
30238833,1853327,1871761,1158,1871761,17629,18434
30595833,1877433,1895867,1158,1895867,19012,18434
30879833,1895867,1919973,1158,1919973,24122,24106
31164833,1914301,1936989,1158,1936989,22726,22688
31502833,1936989,1962513,1158,1962513,26811,25524
31837833,1958259,1975275,1158,1975275,16691,17016
32228833,1985201,2010725,1158,2010725,26322,25524
32543833,2005053,2027741,1158,2027741,22021,22688
32931833,2029159,2043339,1158,2043339,14623,14180
33265833,2051847,2066027,1158,2066027,14899,14180
33511833,2066027,2090133,1158,2090133,25061,24106
33746833,2080207,2109985,1158,2109985,29679,29778
34075833,2101477,2122747,1158,2122747,19944,21270
34488833,2128419,2158197,1158,2158197,28655,29778
34844833,2151107,2175213,1158,2175213,23724,24106
35282833,2180885,2200737,1158,2200737,21180,19852
35636833,2203573,2224843,1158,2224843,19939,21270
35951833,2226261,2241859,2576,2241859,18195,15598
36255833,2244695,2264547,1158,2264547,21311,19852
36528833,2263129,2282981,1158,2282981,19938,19852
36830833,2281563,2301415,1158,2301415,19528,19852
37137833,2302833,2321267,1158,2321267,18601,18434
37426833,2321267,2341119,1158,2341119,21236,19852
37712833,2339701,2352463,1158,2352463,14033,12762
38015833,2358135,2373733,1158,2373733,15822,15598
38275833,2373733,2385077,1158,2385077,12101,11344
38518833,2386495,2406347,1158,2406347,20916,19852
38753833,2400675,2419109,1158,2419109,18224,18434
39049833,2420527,2440379,1158,2440379,20707,19852
39325833,2438961,2448887,1158,2448887,10995,9926
39627833,2453141,2468739,1158,2468739,15999,15598
39896833,2470157,2485755,1158,2485755,16307,15598
40146833,2487173,2499935,1158,2499935,13924,12762
40387833,2499935,2512697,1158,2512697,14061,12762
40621833,2512697,2525459,1158,2525459,13580,12762
40853833,2525459,2538221,1158,2538221,13639,12762
41084833,2538221,2549565,1158,2549565,12060,11344
41314833,2549565,2565163,1158,2565163,16393,15598
41544833,2565163,2586433,1158,2586433,21621,21270
41786833,2579343,2600613,1158,2600613,20010,21270
42085833,2600613,2620465,1158,2620465,20916,19852
42395833,2620465,2637481,1158,2637481,17798,17016
42704833,2640317,2664423,1158,2664423,24261,24106
42981833,2657333,2684275,1158,2684275,26431,26942
43335833,2680021,2704127,1158,2704127,23205,24106
43729833,2706963,2735323,1158,2735323,27219,28360
44096833,2729651,2753757,1158,2753757,23375,24106
44516833,2758011,2790625,1158,2790625,31836,32614
44894833,2780699,2810477,1158,2810477,27213,29778
45375833,2814731,2845927,1158,2845927,30430,31196
45821833,2841673,2874287,1158,2874287,31629,32614
46294833,2872869,2912573,1158,2912573,39315,39704
46791833,2905483,2936679,1158,2936679,28813,31196
47398833,2945187,2980637,1158,2980637,35452,35450
47901833,2977801,3003325,1158,3003325,25251,25524
48446833,3013251,3045865,1158,3045865,32185,32614
48886833,3043029,3062881,1158,3062881,18809,19852
49381833,3075643,3091241,1158,3091241,17057,15598
49654833,3095495,3111093,1158,3111093,16448,15598
49898833,3111093,3121019,1158,3121019,11060,9926
50137833,3121019,3135199,1158,3135199,14734,14180
50371833,3135199,3146543,1158,3146543,12682,11344
50608833,3147961,3160723,1158,3160723,13853,12762
50841833,3160723,3172067,1158,3172067,12304,11344
51072833,3172067,3184829,2576,3184829,15380,12762
51302833,3184829,3197591,1158,3197591,13908,12762
51536833,3197591,3210353,1158,3210353,14120,12762
51767833,3211771,3225951,2576,3225951,16398,14180
51997833,3225951,3247221,1158,3247221,21428,21270
52236833,3240131,3264237,1158,3264237,23724,24106
52534833,3259983,3281253,1158,3281253,19971,21270
52877833,3282671,3301105,1158,3301105,19308,18434
53190833,3302523,3315285,1158,3315285,13986,12762
53480833,3319539,3346481,1158,3346481,27728,26942
53733833,3335137,3376259,1158,3376259,40003,41122
54111833,3357825,3389021,1158,3389021,31189,31196
54608833,3391857,3417381,1158,3417381,25556,25524
55113833,3424471,3452831,1158,3452831,27543,28360
55520833,3451413,3472683,1158,3472683,22062,21270
55946833,3479773,3501043,1158,3501043,21550,21270
56288833,3503879,3519477,1158,3519477,16187,15598
56610833,3523731,3543583,1158,3543583,21221,19852
56878833,3540747,3564853,1158,3564853,24939,24106
57177833,3560599,3580451,1158,3580451,21075,19852
57535833,3583287,3605975,1158,3605975,21831,22688
57860833,3604557,3618737,1158,3618737,15242,14180
58191833,3621573,3631499,1158,3631499,10898,9926
58452833,3632917,3642843,1158,3642843,10047,9926
58694833,3642843,3652769,1158,3652769,10700,9926
58929833,3654187,3665531,1158,3665531,11885,11344
59162833,3665531,3683965,1158,3683965,19072,18434
59399833,3681129,3691055,1158,3691055,10435,9926
59701833,3695309,3705235,2576,3705235,11735,9926
59966833,3705235,3715161,1158,3715161,10789,9926
