timestamp,unAck0,unAck1
611833,5672,5672
611833,5672,5672
829833,15598,5672
1052833,18434,1418
1349833,9926,1418
1655833,9926,1418
1915833,12762,1418
2157833,17016,1418
2408833,26942,1418
2693833,22688,1418
3080833,18434,1418
3474833,15598,1418
3777833,17016,1418
4049833,22688,1418
4331833,19852,1418
4682833,28360,1418
5023833,22688,1418
5469833,19852,1418
5848833,35450,1418
6193833,22688,1418
6719833,21270,1418
7132833,31196,1418
7504833,25524,1418
8002833,18434,1418
8404833,12762,1418
8698833,12762,1418
8941833,14180,1418
9175833,9926,1418
9415833,9926,1418
9649833,14180,1418
9881833,9926,1418
10120833,9926,1418
10354833,5672,1418
10586833,8508,1418
10817833,11344,1418
11050833,8508,1418
11289833,8508,1418
11523833,9926,1418
11755833,8508,1418
11985833,8508,1418
12215833,7090,1418
12445833,11344,1418
12675833,17016,1418
12909833,17016,1418
13191833,9926,1418
13476833,14180,1418
13728833,8508,1418
13971833,14180,1418
14206833,12762,1418
14452833,15598,1418
14687833,12762,1418
14941833,11344,1418
15180833,12762,1418
15413833,15598,1418
15644833,14180,1418
15905833,18434,1418
16151833,17016,1418
16442833,18434,1418
16730833,12762,1418
17034833,8508,1418
17290833,14180,1418
17532833,18434,1418
17800833,17016,1418
18097833,19852,1418
18386833,19852,0
18708833,14180,1418
19039833,14180,1418
19291833,19852,1418
19532833,15598,1418
19833833,9926,1418
20115833,5672,1418
20366833,8508,1418
20607833,8508,1418
20843833,9926,1418
21076833,7090,1418
21315833,8508,1418
21549833,12762,1418
21782833,28360,1418
22033833,24106,1418
22386833,18434,1418
22809833,17016,1418
23123833,14180,1418
23401833,19852,1418
23650833,22688,1418
23961833,26942,1418
24323833,21270,1418
24756833,24106,1418
25137833,15598,1418
25538833,11344,1418
25808833,5672,1418
26052833,9926,1418
26289833,14180,1418
26526833,12762,1418
26784833,14180,1418
27023833,9926,1418
27260833,21270,1418
27493833,15598,1418
27807833,8508,1418
28107833,7090,1418
28364833,5672,1418
28608833,8508,1418
28845833,14180,1418
29086833,12762,1418
29361833,11344,1418
29605833,9926,1418
29840833,12762,1418
30072833,11344,1418
30321833,14180,1418
30558833,12762,1418
30806833,19852,1418
31042833,24106,1418
31343833,12762,0
31715833,22688,1418
32025833,18434,1418
32393833,25524,1418
32720833,28360,1418
33130833,60974,1418
33594833,75154,1418
34311833,53884,1418
35383833,36868,1418
36133833,36868,1418
36754833,42540,1418
37373833,52466,1418
38084833,46794,1418
38957833,43958,1418
39729833,52466,1418
40471833,79408,1418
41350833,58138,1418
42653833,42540,1418
43417833,31196,1418
44088833,26942,1418
44576833,18434,1418
44997833,14180,1418
45288833,11344,1418
45537833,8508,1418
45774833,9926,1418
46007833,8508,1418
46238833,8508,1418
46468833,15598,1418
46698833,9926,1418
46978833,11344,1418
47230833,8508,1418
47469833,7090,1418
47703833,9926,1418
47935833,8508,1418
48167833,12762,1418
48398833,11344,1418
48637833,19852,1418
48870833,28360,1418
49179833,21270,1418
49587833,28360,1418
49976833,19852,1418
50440833,21270,1418
50802833,25524,1418
51159833,11344,1418
51576833,15598,1418
51879833,24106,1418
52151833,19852,1418
52517833,22688,1418
52867833,19852,1418
53243833,18434,1418
53577833,25524,1418
53890833,15598,1418
54292833,15598,1418
54584833,17016,1418
54852833,9926,1418
55134833,9926,1418
55385833,8508,1418
55623833,7090,1418
55857833,8508,1418
56089833,9926,1418
56320833,11344,1418
56551833,11344,1418
56788833,11344,1418
57021833,8508,1418
57252833,7090,1418
57483833,9926,1418
57714833,9926,1418
57948833,15598,1418
58179833,17016,1418
58460833,17016,1418
58743833,15598,1418
59028833,21270,1418
59294833,19852,1418
59626833,17016,1418
59961833,11344,1418
