timestamp,rWnd0,rWnd1
611833,1073725440,1073725440
611833,1073725440,1073725440
829833,1073725440,1073725440
1052833,1073725440,1073725440
1349833,1073725440,1073725440
1655833,1073725440,1073725440
1915833,1073725440,1073725440
2157833,1073725440,1073725440
2408833,1073725440,1073725440
2693833,1073725440,1073725440
3080833,1073725440,1073725440
3474833,1073725440,1073725440
3777833,1073725440,1073725440
4049833,1073725440,1073725440
4331833,1073725440,1073725440
4682833,1073725440,1073725440
5023833,1073725440,1073725440
5469833,1073725440,1073725440
5848833,1073725440,1073725440
6193833,1073725440,1073725440
6719833,1073725440,1073725440
7132833,1073725440,1073725440
7504833,1073725440,1073725440
8002833,1073725440,1073725440
8404833,1073725440,1073725440
8698833,1073725440,1073725440
8941833,1073725440,1073725440
9175833,1073725440,1073725440
9415833,1073725440,1073725440
9649833,1073725440,1073725440
9881833,1073725440,1073725440
10120833,1073725440,1073725440
10354833,1073725440,1073725440
10586833,1073725440,1073725440
10817833,1073725440,1073725440
11050833,1073725440,1073725440
11289833,1073725440,1073725440
11523833,1073725440,1073725440
11755833,1073725440,1073725440
11985833,1073725440,1073725440
12215833,1073725440,1073725440
12445833,1073725440,1073725440
12675833,1073725440,1073725440
12909833,1073725440,1073725440
13191833,1073725440,1073725440
13476833,1073725440,1073725440
13728833,1073725440,1073725440
13971833,1073725440,1073725440
14206833,1073725440,1073725440
14452833,1073725440,1073725440
14687833,1073725440,1073725440
14941833,1073725440,1073725440
15180833,1073725440,1073725440
15413833,1073725440,1073725440
15644833,1073725440,1073725440
15905833,1073725440,1073725440
16151833,1073725440,1073725440
16442833,1073725440,1073725440
16730833,1073725440,1073725440
17034833,1073725440,1073725440
17290833,1073725440,1073725440
17532833,1073725440,1073725440
17800833,1073725440,1073725440
18097833,1073725440,1073725440
18386833,1073725440,1073725440
18708833,1073725440,1073725440
19039833,1073725440,1073725440
19291833,1073725440,1073725440
19532833,1073725440,1073725440
19833833,1073725440,1073725440
20115833,1073725440,1073725440
20366833,1073725440,1073725440
20607833,1073725440,1073725440
20843833,1073725440,1073725440
21076833,1073725440,1073725440
21315833,1073725440,1073725440
21549833,1073725440,1073725440
21782833,1073725440,1073725440
22033833,1073725440,1073725440
22386833,1073725440,1073725440
22809833,1073725440,1073725440
23123833,1073725440,1073725440
23401833,1073725440,1073725440
23650833,1073725440,1073725440
23961833,1073725440,1073725440
24323833,1073725440,1073725440
24756833,1073725440,1073725440
25137833,1073725440,1073725440
25538833,1073725440,1073725440
25808833,1073725440,1073725440
26052833,1073725440,1073725440
26289833,1073725440,1073725440
26526833,1073725440,1073725440
26784833,1073725440,1073725440
27023833,1073725440,1073725440
27260833,1073725440,1073725440
27493833,1073725440,1073725440
27807833,1073725440,1073725440
28107833,1073725440,1073725440
28364833,1073725440,1073725440
28608833,1073725440,1073725440
28845833,1073725440,1073725440
29086833,1073725440,1073725440
29361833,1073725440,1073725440
29605833,1073725440,1073725440
29840833,1073725440,1073725440
30072833,1073725440,1073725440
30321833,1073725440,1073725440
30558833,1073725440,1073725440
30806833,1073725440,1073725440
31042833,1073725440,1073725440
31343833,1073725440,1073725440
31715833,1073725440,1073725440
32025833,1073725440,1073725440
32393833,1073725440,1073725440
32720833,1073725440,1073725440
33130833,1073725440,1073725440
33594833,1073725440,1073725440
34311833,1073725440,1073725440
35383833,1073725440,1073725440
36133833,1073725440,1073725440
36754833,1073725440,1073725440
37373833,1073725440,1073725440
38084833,1073725440,1073725440
38957833,1073725440,1073725440
39729833,1073725440,1073725440
40471833,1073725440,1073725440
41350833,1073725440,1073725440
42653833,1073725440,1073725440
43417833,1073725440,1073725440
44088833,1073725440,1073725440
44576833,1073725440,1073725440
44997833,1073725440,1073725440
45288833,1073725440,1073725440
45537833,1073725440,1073725440
45774833,1073725440,1073725440
46007833,1073725440,1073725440
46238833,1073725440,1073725440
46468833,1073725440,1073725440
46698833,1073725440,1073725440
46978833,1073725440,1073725440
47230833,1073725440,1073725440
47469833,1073725440,1073725440
47703833,1073725440,1073725440
47935833,1073725440,1073725440
48167833,1073725440,1073725440
48398833,1073725440,1073725440
48637833,1073725440,1073725440
48870833,1073725440,1073725440
49179833,1073725440,1073725440
49587833,1073725440,1073725440
49976833,1073725440,1073725440
50440833,1073725440,1073725440
50802833,1073725440,1073725440
51159833,1073725440,1073725440
51576833,1073725440,1073725440
51879833,1073725440,1073725440
52151833,1073725440,1073725440
52517833,1073725440,1073725440
52867833,1073725440,1073725440
53243833,1073725440,1073725440
53577833,1073725440,1073725440
53890833,1073725440,1073725440
54292833,1073725440,1073725440
54584833,1073725440,1073725440
54852833,1073725440,1073725440
55134833,1073725440,1073725440
55385833,1073725440,1073725440
55623833,1073725440,1073725440
55857833,1073725440,1073725440
56089833,1073725440,1073725440
56320833,1073725440,1073725440
56551833,1073725440,1073725440
56788833,1073725440,1073725440
57021833,1073725440,1073725440
57252833,1073725440,1073725440
57483833,1073725440,1073725440
57714833,1073725440,1073725440
57948833,1073725440,1073725440
58179833,1073725440,1073725440
58460833,1073725440,1073725440
58743833,1073725440,1073725440
59028833,1073725440,1073725440
59294833,1073725440,1073725440
59626833,1073725440,1073725440
59961833,1073725440,1073725440
