timestamp,availableTxBuffer0,availableTxBuffer1
611833,246472,246472
611833,246472,246472
829833,236546,246472
1052833,233710,250726
1349833,242218,250726
1655833,242218,250726
1915833,239382,250726
2157833,235128,250726
2408833,225202,250726
2693833,229456,250726
3080833,233710,250726
3474833,236546,250726
3777833,235128,250726
4049833,229456,250726
4331833,232292,250726
4682833,223784,250726
5023833,229456,250726
5469833,232292,250726
5848833,216694,250726
6193833,229456,250726
6719833,230874,250726
7132833,220948,250726
7504833,226620,250726
8002833,233710,250726
8404833,239382,250726
8698833,239382,250726
8941833,237964,250726
9175833,242218,250726
9415833,242218,250726
9649833,237964,250726
9881833,242218,250726
10120833,242218,250726
10354833,246472,250726
10586833,243636,250726
10817833,240800,250726
11050833,243636,250726
11289833,243636,250726
11523833,242218,250726
11755833,243636,250726
11985833,243636,250726
12215833,245054,250726
12445833,240800,250726
12675833,235128,250726
12909833,235128,250726
13191833,242218,250726
13476833,237964,250726
13728833,243636,250726
13971833,237964,250726
14206833,239382,250726
14452833,236546,250726
14687833,239382,250726
14941833,240800,250726
15180833,239382,250726
15413833,236546,250726
15644833,237964,250726
15905833,233710,250726
16151833,235128,250726
16442833,233710,250726
16730833,239382,250726
17034833,243636,250726
17290833,237964,250726
17532833,233710,250726
17800833,235128,250726
18097833,232292,250726
18386833,232292,252144
18708833,237964,250726
19039833,237964,250726
19291833,232292,250726
19532833,236546,250726
19833833,242218,250726
20115833,246472,250726
20366833,243636,250726
20607833,243636,250726
20843833,242218,250726
21076833,245054,250726
21315833,243636,250726
21549833,239382,250726
21782833,223784,250726
22033833,228038,250726
22386833,233710,250726
22809833,235128,250726
23123833,237964,250726
23401833,232292,250726
23650833,229456,250726
23961833,225202,250726
24323833,230874,250726
24756833,228038,250726
25137833,236546,250726
25538833,240800,250726
25808833,246472,250726
26052833,242218,250726
26289833,237964,250726
26526833,239382,250726
26784833,237964,250726
27023833,242218,250726
27260833,230874,250726
27493833,236546,250726
27807833,243636,250726
28107833,245054,250726
28364833,246472,250726
28608833,243636,250726
28845833,237964,250726
29086833,239382,250726
29361833,240800,250726
29605833,242218,250726
29840833,239382,250726
30072833,240800,250726
30321833,237964,250726
30558833,239382,250726
30806833,232292,250726
31042833,228038,250726
31343833,239382,252144
31715833,229456,250726
32025833,233710,250726
32393833,226620,250726
32720833,223784,250726
33130833,191170,250726
33594833,176990,250726
34311833,198260,250726
35383833,215276,250726
36133833,215276,250726
36754833,209604,250726
37373833,199678,250726
38084833,205350,250726
38957833,208186,250726
39729833,199678,250726
40471833,172736,250726
41350833,194006,250726
42653833,209604,250726
43417833,220948,250726
44088833,225202,250726
44576833,233710,250726
44997833,237964,250726
45288833,240800,250726
45537833,243636,250726
45774833,242218,250726
46007833,243636,250726
46238833,243636,250726
46468833,236546,250726
46698833,242218,250726
46978833,240800,250726
47230833,243636,250726
47469833,245054,250726
47703833,242218,250726
47935833,243636,250726
48167833,239382,250726
48398833,240800,250726
48637833,232292,250726
48870833,223784,250726
49179833,230874,250726
49587833,223784,250726
49976833,232292,250726
50440833,230874,250726
50802833,226620,250726
51159833,240800,250726
51576833,236546,250726
51879833,228038,250726
52151833,232292,250726
52517833,229456,250726
52867833,232292,250726
53243833,233710,250726
53577833,226620,250726
53890833,236546,250726
54292833,236546,250726
54584833,235128,250726
54852833,242218,250726
55134833,242218,250726
55385833,243636,250726
55623833,245054,250726
55857833,243636,250726
56089833,242218,250726
56320833,240800,250726
56551833,240800,250726
56788833,240800,250726
57021833,243636,250726
57252833,245054,250726
57483833,242218,250726
57714833,242218,250726
57948833,236546,250726
58179833,235128,250726
58460833,235128,250726
58743833,236546,250726
59028833,230874,250726
59294833,232292,250726
59626833,235128,250726
59961833,240800,250726
