timestamp,rtt0,rtt1
611833,218,184
611833,218,184
829833,223,184
1052833,297,219
1349833,306,221
1655833,260,223
1915833,242,224
2157833,251,224
2408833,285,225
2693833,387,226
3080833,394,227
3474833,303,227
3777833,272,228
4049833,282,228
4331833,351,228
4682833,341,228
5023833,446,229
5469833,379,229
5848833,345,229
6193833,526,229
6719833,413,230
7132833,372,230
7504833,498,230
8002833,402,230
8404833,294,230
8698833,243,230
8941833,234,230
9175833,240,230
9415833,234,230
9649833,232,230
9881833,239,230
10120833,234,230
10354833,232,230
10586833,231,230
10817833,233,230
11050833,239,230
11289833,234,230
11523833,232,230
11755833,230,230
11985833,230,230
12215833,230,230
12445833,230,230
12675833,234,230
12909833,282,230
13191833,285,230
13476833,252,230
13728833,243,230
13971833,235,230
14206833,246,230
14452833,235,230
14687833,254,230
14941833,239,230
15180833,233,230
15413833,231,230
15644833,261,230
15905833,246,230
16151833,291,230
16442833,288,230
16730833,304,230
17034833,256,230
17290833,242,230
17532833,268,230
17800833,297,230
18097833,289,230
18386833,322,230
18708833,331,230
19039833,252,230
19291833,241,230
19532833,301,230
19833833,282,230
20115833,251,230
20366833,241,230
20607833,236,230
20843833,233,230
21076833,239,230
21315833,234,230
21549833,233,230
21782833,251,230
22033833,353,230
22386833,423,230
22809833,314,230
23123833,278,230
23401833,249,230
23650833,311,230
23961833,362,230
24323833,433,230
24756833,381,230
25137833,401,230
25538833,270,230
25808833,244,230
26052833,237,230
26289833,237,230
26526833,258,230
26784833,239,230
27023833,237,230
27260833,233,230
27493833,314,230
27807833,300,230
28107833,257,230
28364833,244,230
28608833,237,230
28845833,241,230
29086833,275,230
29361833,244,230
29605833,235,230
29840833,232,230
30072833,249,230
30321833,237,230
30558833,248,230
30806833,236,230
31042833,301,230
31343833,372,230
31715833,310,230
32025833,368,230
32393833,327,230
32720833,410,230
33130833,464,230
33594833,717,230
34311833,1072,230
35383833,750,230
36133833,621,230
36754833,619,230
37373833,711,230
38084833,873,230
38957833,772,230
39729833,742,230
40471833,879,230
41350833,1303,230
42653833,764,230
43417833,671,230
44088833,488,230
44576833,421,230
44997833,291,230
45288833,249,230
45537833,237,230
45774833,233,230
46007833,231,230
46238833,230,230
46468833,230,230
46698833,280,230
46978833,252,230
47230833,239,230
47469833,234,230
47703833,232,230
47935833,232,230
48167833,231,230
48398833,239,230
48637833,233,230
48870833,309,230
49179833,408,230
49587833,389,230
49976833,464,230
50440833,362,230
50802833,357,230
51159833,417,230
51576833,303,230
51879833,272,230
52151833,366,230
52517833,350,230
52867833,376,230
53243833,334,230
53577833,313,230
53890833,402,230
54292833,292,230
54584833,268,230
54852833,282,230
55134833,251,230
55385833,238,230
55623833,234,230
55857833,232,230
56089833,231,230
56320833,231,230
56551833,237,230
56788833,233,230
57021833,231,230
57252833,231,230
57483833,231,230
57714833,234,230
57948833,231,230
58179833,281,230
58460833,283,230
58743833,285,230
59028833,266,230
59294833,332,230
59626833,335,230
59961833,280,230
