timestamp,cWnd0,cWnd1
611833,5672,5672
611833,16610,1500
829833,16610,1500
1052833,19211,1500
1349833,10116,1500
1655833,11032,1500
1915833,14117,1500
2157833,17124,1500
2408833,27070,1500
2693833,23810,1500
3080833,18929,1500
3474833,16809,1500
3777833,17057,1500
4049833,23372,1500
4331833,20348,1500
4682833,29408,1500
5023833,23544,1500
5469833,21267,1500
5848833,36667,1500
6193833,23931,1500
6719833,21954,1500
7132833,32581,1500
7504833,25965,1500
8002833,19753,1500
8404833,12851,1500
8698833,13849,1500
8941833,14454,1500
9175833,11022,1500
9415833,10997,1500
9649833,15021,1500
9881833,10237,1500
10120833,10774,1500
10354833,6684,1500
10586833,8846,1500
10817833,12755,1500
11050833,9414,1500
11289833,9376,1500
11523833,10092,1500
11755833,8813,1500
11985833,8609,1500
12215833,9792,1500
12445833,11622,1500
12675833,17092,1500
12909833,17729,1500
13191833,10668,1500
13476833,15039,1500
13728833,9716,1500
13971833,14594,1500
14206833,13504,1500
14452833,16400,1500
14687833,13548,1500
14941833,11667,1500
15180833,13145,1500
15413833,15792,1500
15644833,15497,1500
15905833,18941,1500
16151833,17049,1500
16442833,18546,1500
16730833,13058,1500
17034833,9708,1500
17290833,14403,1500
17532833,18677,1500
17800833,18351,1500
18097833,20494,1500
18386833,20942,1500
18708833,14997,1500
19039833,15457,1500
19291833,20437,1500
19532833,15836,1500
19833833,10922,1500
20115833,6976,1500
20366833,8621,1500
20607833,9300,1500
20843833,11091,1500
21076833,7403,1500
21315833,8997,1500
21549833,14058,1500
21782833,29535,1500
22033833,24435,1500
22386833,18902,1500
22809833,17146,1500
23123833,14472,1500
23401833,19974,1500
23650833,23403,1500
23961833,27402,1500
24323833,21282,1500
24756833,25490,1500
25137833,16207,1500
25538833,12002,1500
25808833,6674,1500
26052833,10186,1500
26289833,15523,1500
26526833,12923,1500
26784833,14351,1500
27023833,10610,1500
27260833,22639,1500
27493833,15731,1500
27807833,9165,1500
28107833,7290,1500
28364833,5708,1500
28608833,8551,1500
28845833,15531,1500
29086833,12839,1500
29361833,12306,1500
29605833,10088,1500
29840833,13854,1500
30072833,12298,1500
30321833,15209,1500
30558833,14156,1500
30806833,20194,1500
31042833,24504,1500
31343833,14425,1500
31715833,23919,1500
32025833,19687,1500
32393833,26471,1500
32720833,29188,1500
33130833,61213,1500
33594833,75380,1500
34311833,54856,1500
35383833,37785,1500
36133833,38106,1500
36754833,43784,1500
37373833,53420,1500
38084833,46869,1500
38957833,44073,1500
39729833,53213,1500
40471833,80784,1500
41350833,59070,1500
42653833,43013,1500
43417833,32460,1500
44088833,27499,1500
44576833,19224,1500
44997833,14565,1500
45288833,12147,1500
45537833,9369,1500
45774833,10606,1500
46007833,9549,1500
46238833,9585,1500
46468833,16992,1500
46698833,9940,1500
46978833,12022,1500
47230833,9775,1500
47469833,8054,1500
47703833,10102,1500
47935833,9362,1500
48167833,13714,1500
48398833,11384,1500
48637833,20121,1500
48870833,29523,1500
49179833,22315,1500
49587833,29512,1500
49976833,19958,1500
50440833,22513,1500
50802833,25701,1500
51159833,11347,1500
51576833,15689,1500
51879833,25231,1500
52151833,20781,1500
52517833,23010,1500
52867833,20076,1500
53243833,19336,1500
53577833,26273,1500
53890833,15983,1500
54292833,17007,1500
54584833,18181,1500
54852833,9949,1500
55134833,10805,1500
55385833,9785,1500
55623833,8196,1500
55857833,9539,1500
56089833,10855,1500
56320833,11739,1500
56551833,11363,1500
56788833,12107,1500
57021833,9029,1500
57252833,7464,1500
57483833,9943,1500
57714833,10989,1500
57948833,16829,1500
58179833,17519,1500
58460833,17116,1500
58743833,16880,1500
59028833,21885,1500
59294833,20550,1500
59626833,17753,1500
59961833,13347,1500
