timestamp,lastAckedSeq,highTxMark,availableTxBuffer,nextTxSeq,totalCwnd,unAckMeta
611833,5673,17017,1158,17017,11344,11344
611833,5673,17017,1158,17017,18110,11344
829833,11345,32615,1158,32615,18110,21270
1052833,29779,49631,1158,49631,20711,19852
1349833,49631,60975,1158,60975,11616,11344
1655833,62393,73737,1158,73737,12532,11344
1915833,76573,90753,1158,90753,15617,14180
2157833,90753,109187,1158,109187,18624,18434
2408833,107769,136129,1158,136129,28570,28360
2693833,124785,150309,1158,150309,25310,25524
3080833,150309,171579,1158,171579,20429,21270
3474833,175833,192849,1158,192849,18309,17016
3777833,195685,215537,1158,215537,18557,19852
4049833,214119,238225,1158,238225,24872,24106
4331833,231135,253823,1158,253823,21848,22688
4682833,255241,285019,1158,285019,30908,29778
5023833,276511,302035,1158,302035,25044,25524
5469833,306289,328977,1158,328977,22767,22688
5848833,331813,368681,1158,368681,38167,36868
6193833,351665,378607,1158,378607,25431,26942
6719833,387115,411221,1158,411221,23454,24106
7132833,415475,449507,1158,449507,34081,34032
7504833,438163,466523,1158,466523,27465,28360
8002833,472195,492047,1158,492047,21253,19852
8404833,497719,511899,1158,511899,14351,14180
8698833,516153,530333,1158,530333,15349,14180
8941833,530333,545931,1158,545931,15954,15598
9175833,545931,557275,1158,557275,12522,11344
9415833,557275,568619,1158,568619,12497,11344
9649833,568619,584217,1158,584217,16521,15598
9881833,584217,595561,1158,595561,11737,11344
10120833,595561,606905,1158,606905,12274,11344
10354833,606905,613995,1158,613995,8184,7090
10586833,613995,623921,1158,623921,10346,9926
10817833,623921,636683,1158,636683,14255,12762
11050833,636683,646609,1158,646609,10914,9926
11289833,646609,656535,1158,656535,10876,9926
11523833,657953,669297,1158,669297,11592,11344
11755833,669297,679223,1158,679223,10313,9926
11985833,679223,689149,1158,689149,10109,9926
12215833,689149,697657,2576,697657,11292,8508
12445833,697657,710419,1158,710419,13122,12762
12675833,710419,728853,1158,728853,18592,18434
12909833,726017,744451,1158,744451,19229,18434
13191833,745869,757213,1158,757213,12168,11344
13476833,760049,775647,1158,775647,16539,15598
13728833,775647,785573,1158,785573,11216,9926
13971833,786991,802589,1158,802589,16094,15598
14206833,802589,816769,1158,816769,15004,14180
14452833,816769,833785,1158,833785,17900,17016
14687833,832367,846547,1158,846547,15048,14180
14941833,846547,859309,1158,859309,13167,12762
15180833,860727,874907,1158,874907,14645,14180
15413833,874907,891923,1158,891923,17292,17016
15644833,890505,906103,1158,906103,16997,15598
15905833,907521,927373,1158,927373,20441,19852
16151833,923119,941553,1158,941553,18549,18434
16442833,941553,961405,1158,961405,20046,19852
16730833,959987,974167,1158,974167,14558,14180
17034833,975585,985511,1158,985511,11208,9926
17290833,988347,1003945,1158,1003945,15903,15598
17532833,1003945,1023797,1158,1023797,20177,19852
17800833,1020961,1039395,1158,1039395,19851,18434
18097833,1039395,1060665,1158,1060665,21994,21270
18386833,1057829,1079099,1158,1079099,22442,21270
18708833,1080517,1096115,1158,1096115,16497,15598
19039833,1101787,1117385,1158,1117385,16957,15598
19291833,1117385,1138655,1158,1138655,21937,21270
19532833,1132983,1149999,1158,1149999,17336,17016
19833833,1151417,1162761,1158,1162761,12422,11344
20115833,1162761,1169851,1158,1169851,8476,7090
20366833,1171269,1181195,1158,1181195,10121,9926
20607833,1182613,1192539,1158,1192539,10800,9926
20843833,1192539,1203883,1158,1203883,12591,11344
21076833,1203883,1212391,1158,1212391,8903,8508
21315833,1212391,1222317,1158,1222317,10497,9926
21549833,1222317,1236497,1158,1236497,15558,14180
21782833,1236497,1266275,1158,1266275,31035,29778
22033833,1252095,1279037,1158,1279037,25935,26942
22386833,1276201,1297471,1158,1297471,20402,21270
22809833,1303143,1321577,1158,1321577,18646,18434
23123833,1325831,1341429,1158,1341429,15972,15598
23401833,1342847,1364117,1158,1364117,21474,21270
23650833,1358445,1383969,1158,1383969,24903,25524
23961833,1379715,1408075,1158,1408075,28902,28360
24323833,1402403,1426509,1158,1426509,22782,24106
24756833,1430763,1456287,1158,1456287,26990,25524
25137833,1454869,1473303,1158,1473303,17707,18434
25538833,1480393,1493155,1158,1493155,13502,12762
25808833,1493155,1500245,1158,1500245,8174,7090
26052833,1501663,1513007,1158,1513007,11686,11344
26289833,1513007,1528605,1158,1528605,17023,15598
26526833,1528605,1542785,1158,1542785,14423,14180
26784833,1544203,1559801,1158,1559801,15851,15598
27023833,1559801,1571145,1158,1571145,12110,11344
27260833,1572563,1595251,1158,1595251,24139,22688
27493833,1586743,1603759,1158,1603759,17231,17016
27807833,1603759,1613685,1158,1613685,10665,9926
28107833,1616521,1625029,1158,1625029,8790,8508
28364833,1625029,1632119,1158,1632119,7208,7090
28608833,1633537,1643463,1158,1643463,10051,9926
28845833,1643463,1659061,1158,1659061,17031,15598
29086833,1659061,1673241,1158,1673241,14339,14180
29361833,1673241,1686003,1158,1686003,13806,12762
29605833,1686003,1697347,1158,1697347,11588,11344
29840833,1698765,1712945,1158,1712945,15354,14180
30072833,1712945,1725707,1158,1725707,13798,12762
30321833,1725707,1741305,1158,1741305,16709,15598
30558833,1741305,1755485,1158,1755485,15656,14180
30806833,1756903,1778173,1158,1778173,21694,21270
31042833,1772501,1798025,1158,1798025,26004,25524
31343833,1792353,1806533,2576,1806533,15925,14180
31715833,1815041,1840565,1158,1840565,25419,25524
32025833,1836311,1856163,1158,1856163,21187,19852
32393833,1858999,1887359,1158,1887359,27971,28360
32720833,1880269,1911465,1158,1911465,30688,31196
33130833,1907211,1971021,1158,1971021,62713,63810
33594833,1935571,2016397,1158,2016397,76880,80826
34311833,1980947,2041921,1158,2041921,56356,60974
35383833,2054683,2094387,1158,2094387,39285,39704
36133833,2102895,2144017,1158,2144017,39606,41122
36754833,2144017,2189393,1158,2189393,45284,45376
37373833,2183721,2240441,1158,2240441,54920,56720
38084833,2229097,2281563,1158,2281563,48369,52466
38957833,2285817,2334029,1158,2334029,45573,48212
39729833,2336865,2395003,1158,2395003,54713,58138
40471833,2385077,2470157,1158,2470157,82284,85080
41350833,2440379,2505607,1158,2505607,60570,65228
42653833,2528295,2575089,1158,2575089,44513,46794
43417833,2579343,2613375,1158,2613375,33960,34032
44088833,2623301,2653079,1158,2653079,28999,29778
44576833,2657333,2677185,1158,2677185,20724,19852
44997833,2684275,2699873,1158,2699873,16065,15598
45288833,2701291,2714053,1158,2714053,13647,12762
45537833,2714053,2723979,1158,2723979,10869,9926
45774833,2725397,2736741,1158,2736741,12106,11344
46007833,2736741,2746667,1158,2746667,11049,9926
46238833,2746667,2756593,1158,2756593,11085,9926
46468833,2756593,2773609,1158,2773609,18492,17016
46698833,2770773,2782117,1158,2782117,11440,11344
46978833,2784953,2797715,1158,2797715,13522,12762
47230833,2797715,2807641,1158,2807641,11275,9926
47469833,2807641,2816149,1158,2816149,9554,8508
47703833,2817567,2828911,1158,2828911,11602,11344
47935833,2828911,2838837,1158,2838837,10862,9926
48167833,2838837,2853017,1158,2853017,15214,14180
48398833,2853017,2865779,1158,2865779,12884,12762
48637833,2865779,2887049,1158,2887049,21621,21270
48870833,2881377,2911155,1158,2911155,31023,29778
49179833,2901229,2925335,1158,2925335,23815,24106
49587833,2928171,2957949,1158,2957949,31012,29778
49976833,2952277,2974965,1158,2974965,21458,22688
50440833,2982055,3006161,1158,3006161,24013,24106
50802833,3007579,3034521,1158,3034521,27201,26942
51159833,3030267,3044447,1158,3044447,12847,14180
51576833,3055791,3072807,1158,3072807,17189,17016
51879833,3075643,3101167,1158,3101167,26731,25524
52151833,3091241,3113929,1158,3113929,22281,22688
52517833,3116765,3142289,1158,3142289,24510,25524
52867833,3138035,3160723,1158,3160723,21576,22688
53243833,3163559,3184829,1158,3184829,20836,21270
53577833,3186247,3213189,1158,3213189,27773,26942
53890833,3206099,3223115,1158,3223115,17483,17016
54292833,3233041,3250057,1158,3250057,18507,17016
54584833,3251475,3269909,1158,3269909,19681,18434
54852833,3269909,3281253,1158,3281253,11449,11344
55134833,3282671,3294015,1158,3294015,12305,11344
55385833,3294015,3303941,1158,3303941,11285,9926
55623833,3303941,3312449,1158,3312449,9696,8508
55857833,3313867,3323793,1158,3323793,11039,9926
56089833,3323793,3335137,1158,3335137,12355,11344
56320833,3335137,3347899,1158,3347899,13239,12762
56551833,3347899,3360661,1158,3360661,12863,12762
56788833,3360661,3373423,1158,3373423,13607,12762
57021833,3373423,3383349,1158,3383349,10529,9926
57252833,3383349,3391857,1158,3391857,8964,8508
57483833,3391857,3403201,1158,3403201,11443,11344
57714833,3403201,3414545,1158,3414545,12489,11344
57948833,3414545,3431561,1158,3431561,18329,17016
58179833,3430143,3448577,1158,3448577,19019,18434
58460833,3447159,3465593,1158,3465593,18616,18434
58743833,3465593,3482609,1158,3482609,18380,17016
59028833,3484027,3506715,1158,3506715,23385,22688
59294833,3501043,3522313,1158,3522313,22050,21270
59626833,3523731,3542165,1158,3542165,19253,18434
59961833,3545001,3557763,2576,3557763,14847,12762
