timestamp,rWnd0,rWnd1
611833,1073725440,1073725440
611833,1073725440,1073725440
829833,1073725440,1073725440
1052833,1073725440,1073725440
1340833,1073725440,1073725440
1598833,1073725440,1073725440
1838833,1073725440,1073725440
2134833,1073725440,1073725440
2473833,1073725440,1073725440
2752833,1073725440,1073725440
3004833,1073725440,1073725440
3247833,1073725440,1073725440
3499833,1073725440,1073725440
3754833,1073725440,1073725440
4012833,1073725440,1073725440
4255833,1073725440,1073725440
4493833,1073725440,1073725440
4729833,1073725440,1073725440
4967833,1073725440,1073725440
5204833,1073725440,1073725440
5437833,1073725440,1073725440
5743833,1073725440,1073725440
6084833,1073725440,1073725440
6403833,1073725440,1073725440
6753833,1073725440,1073725440
7199833,1073725440,1073725440
7710833,1073725440,1073725440
8106833,1073725440,1073725440
8451833,1073725440,1073725440
8806833,1073725440,1073725440
9182833,1073725440,1073725440
9562833,1073725440,1073725440
9852833,1073725440,1073725440
10157833,1073725440,1073725440
10465833,1073725440,1073725440
10730833,1073725440,1073725440
11031833,1073725440,1073725440
11295833,1073725440,1073725440
11576833,1073725440,1073725440
11842833,1073725440,1073725440
12085833,1073725440,1073725440
12320833,1073725440,1073725440
12552833,1073725440,1073725440
12784833,1073725440,1073725440
13023833,1073725440,1073725440
13256833,1073725440,1073725440
13488833,1073725440,1073725440
13719833,1073725440,1073725440
13950833,1073725440,1073725440
14180833,1073725440,1073725440
14410833,1073725440,1073725440
14726833,1073725440,1073725440
15000833,1073725440,1073725440
15244833,1073725440,1073725440
15490833,1073725440,1073725440
15726833,1073725440,1073725440
15959833,1073725440,1073725440
16190833,1073725440,1073725440
16421833,1073725440,1073725440
16651833,1073725440,1073725440
16881833,1073725440,1073725440
17121833,1073725440,1073725440
17356833,1073725440,1073725440
17588833,1073725440,1073725440
17823833,1073725440,1073725440
18055833,1073725440,1073725440
18291833,1073725440,1073725440
18524833,1073725440,1073725440
18756833,1073725440,1073725440
18987833,1073725440,1073725440
19217833,1073725440,1073725440
19450833,1073725440,1073725440
19701833,1073725440,1073725440
19942833,1073725440,1073725440
20177833,1073725440,1073725440
20410833,1073725440,1073725440
20667833,1073725440,1073725440
20944833,1073725440,1073725440
21244833,1073725440,1073725440
21569833,1073725440,1073725440
21837833,1073725440,1073725440
22082833,1073725440,1073725440
22318833,1073725440,1073725440
22551833,1073725440,1073725440
22796833,1073725440,1073725440
23045833,1073725440,1073725440
23283833,1073725440,1073725440
23516833,1073725440,1073725440
23747833,1073725440,1073725440
23978833,1073725440,1073725440
24211833,1073725440,1073725440
24467833,1073725440,1073725440
24710833,1073725440,1073725440
25001833,1073725440,1073725440
25289833,1073725440,1073725440
25575833,1073725440,1073725440
25841833,1073725440,1073725440
26084833,1073725440,1073725440
26325833,1073725440,1073725440
26560833,1073725440,1073725440
26797833,1073725440,1073725440
27031833,1073725440,1073725440
27264833,1073725440,1073725440
27495833,1073725440,1073725440
27726833,1073725440,1073725440
27964833,1073725440,1073725440
28197833,1073725440,1073725440
28461833,1073725440,1073725440
28708833,1073725440,1073725440
29015833,1073725440,1073725440
29389833,1073725440,1073725440
29701833,1073725440,1073725440
30050833,1073725440,1073725440
30443833,1073725440,1073725440
30765833,1073725440,1073725440
31076833,1073725440,1073725440
31385833,1073725440,1073725440
31713833,1073725440,1073725440
32027833,1073725440,1073725440
32460833,1073725440,1073725440
32932833,1073725440,1073725440
33568833,1073725440,1073725440
34416833,1073725440,1073725440
35274833,1073725440,1073725440
36343833,1073725440,1073725440
37123833,1073725440,1073725440
37608833,1073725440,1073725440
38085833,1073725440,1073725440
38348833,1073725440,1073725440
38588833,1073725440,1073725440
38821833,1073725440,1073725440
39053833,1073725440,1073725440
39288833,1073725440,1073725440
39520833,1073725440,1073725440
39752833,1073725440,1073725440
39983833,1073725440,1073725440
40222833,1073725440,1073725440
40455833,1073725440,1073725440
40691833,1073725440,1073725440
40923833,1073725440,1073725440
41154833,1073725440,1073725440
41384833,1073725440,1073725440
41639833,1073725440,1073725440
41914833,1073725440,1073725440
42163833,1073725440,1073725440
42400833,1073725440,1073725440
42633833,1073725440,1073725440
42864833,1073725440,1073725440
43095833,1073725440,1073725440
43326833,1073725440,1073725440
43558833,1073725440,1073725440
43797833,1073725440,1073725440
44115833,1073725440,1073725440
44461833,1073725440,1073725440
44754833,1073725440,1073725440
45169833,1073725440,1073725440
45541833,1073725440,1073725440
46109833,1073725440,1073725440
46561833,1073725440,1073725440
46857833,1073725440,1073725440
47114833,1073725440,1073725440
47393833,1073725440,1073725440
47659833,1073725440,1073725440
47902833,1073725440,1073725440
48136833,1073725440,1073725440
48388833,1073725440,1073725440
48625833,1073725440,1073725440
48858833,1073725440,1073725440
49090833,1073725440,1073725440
49321833,1073725440,1073725440
49552833,1073725440,1073725440
49783833,1073725440,1073725440
50018833,1073725440,1073725440
50267833,1073725440,1073725440
50503833,1073725440,1073725440
50735833,1073725440,1073725440
50966833,1073725440,1073725440
51226833,1073725440,1073725440
51504833,1073725440,1073725440
51755833,1073725440,1073725440
52013833,1073725440,1073725440
52307833,1073725440,1073725440
52661833,1073725440,1073725440
52964833,1073725440,1073725440
53349833,1073725440,1073725440
53787833,1073725440,1073725440
54297833,1073725440,1073725440
54904833,1073725440,1073725440
55711833,1073725440,1073725440
56437833,1073725440,1073725440
56918833,1073725440,1073725440
57256833,1073725440,1073725440
57566833,1073725440,1073725440
57849833,1073725440,1073725440
58103833,1073725440,1073725440
58456833,1073725440,1073725440
58908833,1073725440,1073725440
59442833,1073725440,1073725440
59831833,1073725440,1073725440
