timestamp,rtt0,rtt1
611833,218,184
611833,218,184
829833,223,184
1052833,288,219
1340833,258,221
1598833,240,222
1838833,296,223
2134833,339,225
2473833,279,225
2752833,252,226
3004833,243,226
3247833,252,227
3499833,255,227
3754833,258,228
4012833,243,228
4255833,238,228
4493833,236,228
4729833,238,229
4967833,237,229
5204833,233,229
5437833,306,229
5743833,341,229
6084833,319,229
6403833,350,229
6753833,446,229
7199833,511,230
7710833,396,230
8106833,345,230
8451833,355,230
8806833,376,230
9182833,380,230
9562833,290,230
9852833,305,230
10157833,308,230
10465833,265,230
10730833,301,230
11031833,264,230
11295833,281,230
11576833,266,230
11842833,243,230
12085833,235,230
12320833,232,230
12552833,232,230
12784833,239,230
13023833,233,230
13256833,232,230
13488833,231,230
13719833,231,230
13950833,230,230
14180833,230,230
14410833,316,230
14726833,274,230
15000833,244,230
15244833,246,230
15490833,236,230
15726833,233,230
15959833,231,230
16190833,231,230
16421833,230,230
16651833,230,230
16881833,240,230
17121833,235,230
17356833,232,230
17588833,235,230
17823833,232,230
18055833,236,230
18291833,233,230
18524833,232,230
18756833,231,230
18987833,230,230
19217833,233,230
19450833,251,230
19701833,241,230
19942833,235,230
20177833,233,230
20410833,257,230
20667833,277,230
20944833,300,230
21244833,325,230
21569833,268,230
21837833,245,230
22082833,236,230
22318833,233,230
22551833,245,230
22796833,249,230
23045833,238,230
23283833,233,230
23516833,231,230
23747833,231,230
23978833,233,230
24211833,256,230
24467833,243,230
24710833,291,230
25001833,288,230
25289833,286,230
25575833,266,230
25841833,243,230
26084833,241,230
26325833,235,230
26560833,237,230
26797833,234,230
27031833,233,230
27264833,231,230
27495833,231,230
27726833,238,230
27964833,233,230
28197833,264,230
28461833,247,230
28708833,307,230
29015833,374,230
29389833,312,230
29701833,349,230
30050833,393,230
30443833,322,230
30765833,311,230
31076833,309,230
31385833,328,230
31713833,314,230
32027833,433,230
32460833,472,230
32932833,636,230
33568833,848,230
34416833,858,230
35274833,1069,230
36343833,780,230
37123833,485,230
37608833,477,230
38085833,263,230
38348833,240,230
38588833,233,230
38821833,232,230
39053833,235,230
39288833,232,230
39520833,232,230
39752833,231,230
39983833,239,230
40222833,233,230
40455833,236,230
40691833,232,230
40923833,231,230
41154833,230,230
41384833,255,230
41639833,275,230
41914833,249,230
42163833,237,230
42400833,233,230
42633833,231,230
42864833,231,230
43095833,231,230
43326833,232,230
43558833,239,230
43797833,318,230
44115833,346,230
44461833,293,230
44754833,415,230
45169833,372,230
45541833,568,230
46109833,452,230
46561833,296,230
46857833,257,230
47114833,279,230
47393833,266,230
47659833,243,230
47902833,234,230
48136833,252,230
48388833,237,230
48625833,233,230
48858833,232,230
49090833,231,230
49321833,231,230
49552833,231,230
49783833,235,230
50018833,249,230
50267833,236,230
50503833,232,230
50735833,231,230
50966833,260,230
51226833,278,230
51504833,251,230
51755833,258,230
52013833,294,230
52307833,354,230
52661833,303,230
52964833,385,230
53349833,438,230
53787833,510,230
54297833,607,230
54904833,807,230
55711833,726,230
56437833,481,230
56918833,338,230
57256833,310,230
57566833,283,230
57849833,254,230
58103833,353,230
58456833,452,230
58908833,534,230
59442833,389,230
59831833,325,230
