timestamp,availableTxBuffer0,availableTxBuffer1
611833,246472,246472
611833,246472,246472
829833,237964,246472
1052833,239382,250726
1340833,239382,250726
1598833,233710,250726
1838833,230874,250726
2134833,237964,250726
2473833,245054,250726
2752833,246472,250726
3004833,243636,250726
3247833,240800,250726
3499833,237964,250726
3754833,243636,250726
4012833,247890,250726
4255833,245054,250726
4493833,242218,250726
4729833,242218,250726
4967833,242218,250726
5204833,233710,250726
5437833,232292,250726
5743833,233710,250726
6084833,230874,250726
6403833,223784,250726
6753833,220948,250726
7199833,226620,250726
7710833,232292,250726
8106833,230874,250726
8451833,229456,250726
8806833,229456,250726
9182833,239382,252144
9562833,233710,250726
9852833,233710,250726
10157833,242218,250726
10465833,233710,250726
10730833,239382,250726
11031833,235128,250726
11295833,236546,250726
11576833,240800,250726
11842833,243636,250726
12085833,242218,250726
12320833,240800,250726
12552833,239382,250726
12784833,240800,250726
13023833,242218,250726
13256833,245054,250726
13488833,243636,250726
13719833,245054,250726
13950833,245054,250726
14180833,232292,250726
14410833,236546,250726
14726833,239382,250726
15000833,237964,250726
15244833,240800,250726
15490833,242218,250726
15726833,242218,250726
15959833,246472,250726
16190833,246472,250726
16421833,246472,250726
16651833,240800,250726
16881833,245054,250726
17121833,245054,250726
17356833,240800,250726
17588833,240800,250726
17823833,239382,250726
18055833,242218,250726
18291833,240800,250726
18524833,242218,250726
18756833,245054,250726
18987833,242218,250726
19217833,237964,250726
19450833,243636,250726
19701833,242218,250726
19942833,240800,250726
20177833,236546,250726
20410833,235128,250726
20667833,233710,250726
20944833,232292,250726
21244833,236546,250726
21569833,237964,250726
21837833,242218,250726
22082833,243636,250726
22318833,239382,250726
22551833,237964,250726
22796833,242218,250726
23045833,242218,250726
23283833,240800,250726
23516833,242218,250726
23747833,239382,250726
23978833,236546,250726
24211833,237964,250726
24467833,233710,250726
24710833,235128,250726
25001833,235128,250726
25289833,236546,250726
25575833,240800,250726
25841833,237964,250726
26084833,240800,250726
26325833,237964,250726
26560833,243636,250726
26797833,242218,250726
27031833,242218,250726
27264833,245054,250726
27495833,240800,250726
27726833,242218,250726
27964833,236546,250726
28197833,237964,250726
28461833,232292,250726
28708833,228038,250726
29015833,237964,250726
29389833,232292,250726
29701833,228038,250726
30050833,233710,250726
30443833,233710,250726
30765833,233710,250726
31076833,232292,250726
31385833,233710,250726
31713833,223784,250726
32027833,223784,250726
32460833,212440,250726
32932833,199678,250726
33568833,201096,250726
34416833,188334,250726
35274833,194006,250726
36343833,222366,250726
37123833,223784,250726
37608833,243636,250726
38085833,239382,250726
38348833,240800,250726
38588833,246472,250726
38821833,242218,250726
39053833,243636,250726
39288833,242218,250726
39520833,246472,250726
39752833,242218,250726
39983833,242218,250726
40222833,240800,250726
40455833,242218,250726
40691833,242218,250726
40923833,242218,250726
41154833,237964,250726
41384833,235128,250726
41639833,237964,250726
41914833,240800,250726
42163833,242218,250726
42400833,242218,250726
42633833,247890,250726
42864833,247890,250726
43095833,246472,250726
43326833,243636,250726
43558833,233710,250726
43797833,230874,250726
44115833,236546,250726
44461833,225202,250726
44754833,232292,250726
45169833,215276,250726
45541833,223784,250726
46109833,232292,250726
46561833,237964,250726
46857833,235128,250726
47114833,236546,250726
47393833,240800,250726
47659833,240800,250726
47902833,237964,250726
48136833,239382,250726
48388833,243636,250726
48625833,246472,250726
48858833,247890,250726
49090833,246472,250726
49321833,247890,250726
49552833,245054,250726
49783833,240800,250726
50018833,239382,250726
50267833,242218,250726
50503833,242218,250726
50735833,236546,250726
50966833,235128,250726
51226833,237964,250726
51504833,236546,250726
51755833,233710,250726
52013833,229456,250726
52307833,236546,250726
52661833,228038,250726
52964833,225202,250726
53349833,220948,250726
53787833,215276,250726
54297833,202514,250726
54904833,206768,250726
55711833,216694,250726
56437833,230874,250726
56918833,233710,250726
57256833,235128,250726
57566833,237964,250726
57849833,228038,250726
58103833,222366,250726
58456833,219530,250726
58908833,226620,250726
59442833,233710,250726
59831833,232292,250726
