timestamp,cWnd0,cWnd1
611833,5672,5672
611833,14717,1500
829833,14717,1500
1052833,13407,1500
1340833,13771,1500
1598833,18444,1500
1838833,21352,1500
2134833,14734,1500
2473833,8250,1500
2752833,6750,1500
3004833,8623,1500
3247833,12083,1500
3499833,14664,1500
3754833,9060,1500
4012833,5657,1500
4255833,8452,1500
4493833,11341,1500
4729833,12251,1500
4967833,10440,1500
5204833,19089,1500
5437833,22654,1500
5743833,19185,1500
6084833,21873,1500
6403833,28982,1500
6753833,31305,1500
7199833,26720,1500
7710833,20283,1500
8106833,21800,1500
8451833,23990,1500
8806833,22809,1500
9182833,13115,1500
9562833,19557,1500
9852833,18455,1500
10157833,12378,1500
10465833,18757,1500
10730833,13918,1500
11031833,17054,1500
11295833,16613,1500
11576833,12743,1500
11842833,9863,1500
12085833,9952,1500
12320833,11434,1500
12552833,13442,1500
12784833,11559,1500
13023833,10366,1500
13256833,8023,1500
13488833,9609,1500
13719833,8656,1500
13950833,9847,1500
14180833,20941,1500
14410833,16892,1500
14726833,14098,1500
15000833,15240,1500
15244833,11878,1500
15490833,11334,1500
15726833,11170,1500
15959833,6934,1500
16190833,6454,1500
16421833,7523,1500
16651833,12459,1500
16881833,8064,1500
17121833,7866,1500
17356833,12558,1500
17588833,12743,1500
17823833,13840,1500
18055833,10553,1500
18291833,12135,1500
18524833,11029,1500
18756833,7126,1500
18987833,10540,1500
19217833,14363,1500
19450833,9456,1500
19701833,11241,1500
19942833,12278,1500
20177833,15689,1500
20410833,17055,1500
20667833,18972,1500
20944833,20089,1500
21244833,16528,1500
21569833,14534,1500
21837833,10615,1500
22082833,9015,1500
22318833,13182,1500
22551833,15217,1500
22796833,9954,1500
23045833,10930,1500
23283833,12209,1500
23516833,11241,1500
23747833,13391,1500
23978833,16294,1500
24211833,15097,1500
24467833,19553,1500
24710833,17393,1500
25001833,18216,1500
25289833,16056,1500
25575833,12260,1500
25841833,14663,1500
26084833,11765,1500
26325833,14660,1500
26560833,8939,1500
26797833,11046,1500
27031833,10794,1500
27264833,8328,1500
27495833,11765,1500
27726833,11722,1500
27964833,16069,1500
28197833,14668,1500
28461833,20470,1500
28708833,24457,1500
29015833,15277,1500
29389833,22338,1500
29701833,24656,1500
30050833,19547,1500
30443833,19023,1500
30765833,19554,1500
31076833,20993,1500
31385833,19631,1500
31713833,29562,1500
32027833,29631,1500
32460833,40898,1500
32932833,53493,1500
33568833,51183,1500
34416833,64043,1500
35274833,58994,1500
36343833,30771,1500
37123833,28692,1500
37608833,9184,1500
38085833,13360,1500
38348833,11953,1500
38588833,6988,1500
38821833,10567,1500
39053833,9227,1500
39288833,9976,1500
39520833,7080,1500
39752833,10965,1500
39983833,11295,1500
40222833,12232,1500
40455833,10556,1500
40691833,10553,1500
40923833,10746,1500
41154833,14560,1500
41384833,17359,1500
41639833,14330,1500
41914833,11852,1500
42163833,10070,1500
42400833,11236,1500
42633833,4422,1500
42864833,6476,1500
43095833,8482,1500
43326833,10541,1500
43558833,19528,1500
43797833,22332,1500
44115833,16448,1500
44461833,28315,1500
44754833,20995,1500
45169833,37069,1500
45541833,29416,1500
46109833,20193,1500
46561833,14928,1500
46857833,18383,1500
47114833,15670,1500
47393833,11979,1500
47659833,11819,1500
47902833,14799,1500
48136833,13047,1500
48388833,9766,1500
48625833,6093,1500
48858833,5080,1500
49090833,6184,1500
49321833,5974,1500
49552833,8856,1500
49783833,13417,1500
50018833,13665,1500
50267833,11240,1500
50503833,11211,1500
50735833,16422,1500
50966833,17312,1500
51226833,14346,1500
51504833,16045,1500
51755833,19270,1500
52013833,22895,1500
52307833,16039,1500
52661833,25165,1500
52964833,27617,1500
53349833,32176,1500
53787833,37531,1500
54297833,50462,1500
54904833,46374,1500
55711833,36694,1500
56437833,22013,1500
56918833,18915,1500
57256833,17384,1500
57566833,15558,1500
57849833,24905,1500
58103833,30139,1500
58456833,33776,1500
58908833,25740,1500
59442833,18916,1500
59831833,20285,1500
