timestamp,unAck0,unAck1
611833,5672,5672
611833,5672,5672
829833,14180,5672
1052833,12762,1418
1340833,12762,1418
1598833,18434,1418
1838833,21270,1418
2134833,14180,1418
2473833,7090,1418
2752833,5672,1418
3004833,8508,1418
3247833,11344,1418
3499833,14180,1418
3754833,8508,1418
4012833,4254,1418
4255833,7090,1418
4493833,9926,1418
4729833,9926,1418
4967833,9926,1418
5204833,18434,1418
5437833,19852,1418
5743833,18434,1418
6084833,21270,1418
6403833,28360,1418
6753833,31196,1418
7199833,25524,1418
7710833,19852,1418
8106833,21270,1418
8451833,22688,1418
8806833,22688,1418
9182833,12762,0
9562833,18434,1418
9852833,18434,1418
10157833,9926,1418
10465833,18434,1418
10730833,12762,1418
11031833,17016,1418
11295833,15598,1418
11576833,11344,1418
11842833,8508,1418
12085833,9926,1418
12320833,11344,1418
12552833,12762,1418
12784833,11344,1418
13023833,9926,1418
13256833,7090,1418
13488833,8508,1418
13719833,7090,1418
13950833,7090,1418
14180833,19852,1418
14410833,15598,1418
14726833,12762,1418
15000833,14180,1418
15244833,11344,1418
15490833,9926,1418
15726833,9926,1418
15959833,5672,1418
16190833,5672,1418
16421833,5672,1418
16651833,11344,1418
16881833,7090,1418
17121833,7090,1418
17356833,11344,1418
17588833,11344,1418
17823833,12762,1418
18055833,9926,1418
18291833,11344,1418
18524833,9926,1418
18756833,7090,1418
18987833,9926,1418
19217833,14180,1418
19450833,8508,1418
19701833,9926,1418
19942833,11344,1418
20177833,15598,1418
20410833,17016,1418
20667833,18434,1418
20944833,19852,1418
21244833,15598,1418
21569833,14180,1418
21837833,9926,1418
22082833,8508,1418
22318833,12762,1418
22551833,14180,1418
22796833,9926,1418
23045833,9926,1418
23283833,11344,1418
23516833,9926,1418
23747833,12762,1418
23978833,15598,1418
24211833,14180,1418
24467833,18434,1418
24710833,17016,1418
25001833,17016,1418
25289833,15598,1418
25575833,11344,1418
25841833,14180,1418
26084833,11344,1418
26325833,14180,1418
26560833,8508,1418
26797833,9926,1418
27031833,9926,1418
27264833,7090,1418
27495833,11344,1418
27726833,9926,1418
27964833,15598,1418
28197833,14180,1418
28461833,19852,1418
28708833,24106,1418
29015833,14180,1418
29389833,19852,1418
29701833,24106,1418
30050833,18434,1418
30443833,18434,1418
30765833,18434,1418
31076833,19852,1418
31385833,18434,1418
31713833,28360,1418
32027833,28360,1418
32460833,39704,1418
32932833,52466,1418
33568833,51048,1418
34416833,63810,1418
35274833,58138,1418
36343833,29778,1418
37123833,28360,1418
37608833,8508,1418
38085833,12762,1418
38348833,11344,1418
38588833,5672,1418
38821833,9926,1418
39053833,8508,1418
39288833,9926,1418
39520833,5672,1418
39752833,9926,1418
39983833,9926,1418
40222833,11344,1418
40455833,9926,1418
40691833,9926,1418
40923833,9926,1418
41154833,14180,1418
41384833,17016,1418
41639833,14180,1418
41914833,11344,1418
42163833,9926,1418
42400833,9926,1418
42633833,4254,1418
42864833,4254,1418
43095833,5672,1418
43326833,8508,1418
43558833,18434,1418
43797833,21270,1418
44115833,15598,1418
44461833,26942,1418
44754833,19852,1418
45169833,36868,1418
45541833,28360,1418
46109833,19852,1418
46561833,14180,1418
46857833,17016,1418
47114833,15598,1418
47393833,11344,1418
47659833,11344,1418
47902833,14180,1418
48136833,12762,1418
48388833,8508,1418
48625833,5672,1418
48858833,4254,1418
49090833,5672,1418
49321833,4254,1418
49552833,7090,1418
49783833,11344,1418
50018833,12762,1418
50267833,9926,1418
50503833,9926,1418
50735833,15598,1418
50966833,17016,1418
51226833,14180,1418
51504833,15598,1418
51755833,18434,1418
52013833,22688,1418
52307833,15598,1418
52661833,24106,1418
52964833,26942,1418
53349833,31196,1418
53787833,36868,1418
54297833,49630,1418
54904833,45376,1418
55711833,35450,1418
56437833,21270,1418
56918833,18434,1418
57256833,17016,1418
57566833,14180,1418
57849833,24106,1418
58103833,29778,1418
58456833,32614,1418
58908833,25524,1418
59442833,18434,1418
59831833,19852,1418
