timestamp,lastAckedSeq,highTxMark,availableTxBuffer,nextTxSeq,totalCwnd,unAckMeta
611833,5673,17017,1158,17017,11344,11344
611833,5673,17017,1158,17017,16217,11344
829833,11345,31197,1158,31197,16217,19852
1052833,29779,43959,1158,43959,14907,14180
1340833,45377,59557,1158,59557,15271,14180
1598833,62393,82245,1158,82245,19944,19852
1838833,77991,100679,1158,100679,22852,22688
2134833,96425,113441,1158,113441,16234,17016
2473833,113441,121949,1158,121949,9750,8508
2752833,123367,130457,1158,130457,8250,7090
3004833,130457,140383,1158,140383,10123,9926
3247833,141801,154563,1158,154563,13583,12762
3499833,155981,172997,1158,172997,16164,17016
3754833,172997,182923,1158,182923,10560,9926
4012833,182923,188595,1158,188595,7157,5672
4255833,190013,198521,1158,198521,9952,8508
4493833,198521,209865,1158,209865,12841,11344
4729833,211283,222627,2576,222627,13751,11344
4967833,222627,233971,1158,233971,11940,11344
5204833,235389,255241,1158,255241,20589,19852
5437833,249569,272257,2576,272257,24154,22688
5743833,269421,289273,1158,289273,20685,19852
6084833,292109,316215,1158,316215,23373,24106
6403833,311961,343157,1158,343157,30482,31196
6753833,334649,368681,1158,368681,32805,34032
7199833,363009,391369,1158,391369,28220,28360
7710833,398459,419729,1158,419729,21783,21270
8106833,422565,446671,1158,446671,23300,24106
8451833,446671,470777,1158,470777,25490,24106
8806833,469359,494883,1158,494883,24309,25524
9182833,493465,507645,1158,507645,14615,14180
9562833,518989,538841,1158,538841,21057,19852
9852833,537423,557275,1158,557275,19955,19852
10157833,558693,570037,3994,570037,13878,11344
10465833,575709,595561,1158,595561,20257,19852
10730833,592725,606905,1158,606905,15418,14180
11031833,611159,629593,1158,629593,18554,18434
11295833,628175,645191,1158,645191,18113,17016
11576833,646609,659371,1158,659371,14243,12762
11842833,659371,669297,1158,669297,11363,9926
12085833,670715,682059,1158,682059,11452,11344
12320833,682059,694821,1158,694821,12934,12762
12552833,694821,709001,1158,709001,14942,14180
12784833,709001,721763,1158,721763,13059,12762
13023833,721763,733107,1158,733107,11866,11344
13256833,733107,741615,1158,741615,9523,8508
13488833,743033,752959,1158,752959,11109,9926
13719833,752959,761467,2576,761467,10156,8508
13950833,762885,771393,2576,771393,11347,8508
14180833,771393,792663,1158,792663,22441,21270
14410833,785573,804007,1158,804007,18392,18434
14726833,806843,821023,1158,821023,15598,14180
15000833,822441,838039,1158,838039,16740,15598
15244833,838039,850801,1158,850801,13378,12762
15490833,850801,862145,1158,862145,12834,11344
15726833,862145,873489,1158,873489,12670,11344
15959833,873489,880579,1158,880579,8434,7090
16190833,880579,887669,1158,887669,7954,7090
16421833,889087,896177,2576,896177,9023,7090
16651833,896177,908939,1158,908939,13959,12762
16881833,908939,917447,1158,917447,9564,8508
17121833,917447,925955,1158,925955,9366,8508
17356833,927373,940135,1158,940135,14058,12762
17588833,940135,952897,1158,952897,14243,12762
17823833,952897,967077,1158,967077,15340,14180
18055833,967077,978421,1158,978421,12053,11344
18291833,978421,991183,1158,991183,13635,12762
18524833,991183,1002527,1158,1002527,12529,11344
18756833,1002527,1011035,1158,1011035,8626,8508
18987833,1011035,1022379,1158,1022379,12040,11344
19217833,1022379,1037977,1158,1037977,15863,15598
19450833,1037977,1047903,1158,1047903,10956,9926
19701833,1049321,1060665,1158,1060665,12741,11344
19942833,1060665,1073427,1158,1073427,13778,12762
20177833,1073427,1090443,1158,1090443,17189,17016
20410833,1089025,1107459,1158,1107459,18555,18434
20667833,1106041,1125893,1158,1125893,20472,19852
20944833,1123057,1145745,1158,1145745,21589,22688
21244833,1142909,1161343,1158,1161343,18028,18434
21569833,1164179,1179777,1158,1179777,16034,15598
21837833,1179777,1191121,1158,1191121,12115,11344
22082833,1191121,1201047,1158,1201047,10515,9926
22318833,1202465,1216645,1158,1216645,14682,14180
22551833,1216645,1232243,1158,1232243,16717,15598
22796833,1232243,1243587,1158,1243587,11454,11344
23045833,1245005,1256349,1158,1256349,12430,11344
23283833,1257767,1270529,1158,1270529,13709,12762
23516833,1270529,1281873,1158,1281873,12741,11344
23747833,1281873,1296053,1158,1296053,14891,14180
23978833,1296053,1313069,1158,1313069,17794,17016
24211833,1311651,1327249,1158,1327249,16597,15598
24467833,1327249,1347101,1158,1347101,21053,19852
24710833,1342847,1362699,1158,1362699,18893,19852
25001833,1362699,1381133,1158,1381133,19716,18434
25289833,1381133,1398149,1158,1398149,17556,17016
25575833,1398149,1410911,1158,1410911,13760,12762
25841833,1413747,1429345,1158,1429345,16163,15598
26084833,1429345,1442107,1158,1442107,13265,12762
26325833,1443525,1459123,1158,1459123,16160,15598
26560833,1457705,1467631,1158,1467631,10439,9926
26797833,1469049,1480393,1158,1480393,12546,11344
27031833,1480393,1491737,1158,1491737,12294,11344
27264833,1491737,1500245,1158,1500245,9828,8508
27495833,1500245,1513007,1158,1513007,13265,12762
27726833,1513007,1524351,2576,1524351,13222,11344
27964833,1525769,1542785,1158,1542785,17569,17016
28197833,1541367,1556965,1158,1556965,16168,15598
28461833,1558383,1581071,1158,1581071,21970,22688
28708833,1573981,1600923,1158,1600923,25957,26942
29015833,1593833,1610849,1158,1610849,16777,17016
29389833,1619357,1640627,2576,1640627,23838,21270
29701833,1639209,1666151,1158,1666151,26156,26942
30050833,1660479,1681749,1158,1681749,21047,21270
30443833,1688839,1708691,1158,1708691,20523,19852
30765833,1708691,1728543,1158,1728543,21054,19852
31076833,1728543,1749813,1158,1749813,22493,21270
31385833,1748395,1769665,1158,1769665,21131,21270
31713833,1771083,1800861,1158,1800861,31062,29778
32027833,1789517,1820713,1158,1820713,31131,31196
32460833,1817877,1860417,1158,1860417,42398,42540
32932833,1847655,1904375,1158,1904375,54993,56720
33568833,1888777,1945497,1158,1945497,52683,56720
34416833,1944079,2012143,1158,2012143,65543,68064
35274833,1999381,2063191,1158,2063191,60494,63810
36343833,2071699,2105731,1158,2105731,32271,34032
37123833,2122747,2153943,1158,2153943,30192,31196
37608833,2155361,2165287,1158,2165287,10684,9926
38085833,2180885,2195065,1158,2195065,14860,14180
38348833,2195065,2207827,1158,2207827,13453,12762
38588833,2207827,2214917,1158,2214917,8488,7090
38821833,2216335,2227679,1158,2227679,12067,11344
39053833,2227679,2237605,1158,2237605,10727,9926
39288833,2237605,2248949,1158,2248949,11476,11344
39520833,2248949,2256039,1158,2256039,8580,7090
39752833,2256039,2267383,1158,2267383,12465,11344
39983833,2267383,2278727,1158,2278727,12795,11344
40222833,2278727,2291489,1158,2291489,13732,12762
40455833,2291489,2302833,1158,2302833,12056,11344
40691833,2302833,2314177,1158,2314177,12053,11344
40923833,2314177,2325521,1158,2325521,12246,11344
41154833,2325521,2341119,1158,2341119,16060,15598
41384833,2341119,2359553,1158,2359553,18859,18434
41639833,2358135,2373733,1158,2373733,15830,15598
41914833,2373733,2386495,1158,2386495,13352,12762
42163833,2386495,2397839,1158,2397839,11570,11344
42400833,2397839,2409183,1158,2409183,12736,11344
42633833,2409183,2414855,1158,2414855,5922,5672
42864833,2416273,2421945,2576,2421945,7976,5672
43095833,2423363,2430453,2576,2430453,9982,7090
43326833,2431871,2441797,2576,2441797,12041,9926
43558833,2443215,2463067,1158,2463067,21028,19852
43797833,2458813,2481501,1158,2481501,23832,22688
44115833,2478665,2497099,1158,2497099,17948,18434
44461833,2501353,2529713,1158,2529713,29815,28360
44754833,2519787,2542475,1158,2542475,22495,22688
45169833,2546729,2586433,1158,2586433,38569,39704
45541833,2570835,2603449,1158,2603449,30916,32614
46109833,2609121,2630391,1158,2630391,21693,21270
46561833,2638899,2654497,1158,2654497,16428,15598
46857833,2658751,2677185,1158,2677185,19883,18434
47114833,2675767,2692783,1158,2692783,17170,17016
47393833,2692783,2705545,1158,2705545,13479,12762
47659833,2706963,2719725,1158,2719725,13319,12762
47902833,2721143,2736741,1158,2736741,16299,15598
48136833,2736741,2750921,1158,2750921,14547,14180
48388833,2750921,2760847,1158,2760847,11266,9926
48625833,2760847,2767937,1158,2767937,7593,7090
48858833,2767937,2773609,1158,2773609,6580,5672
49090833,2775027,2782117,1158,2782117,7684,7090
49321833,2782117,2787789,2576,2787789,7474,5672
49552833,2789207,2797715,2576,2797715,10356,8508
49783833,2799133,2811895,2576,2811895,14917,12762
50018833,2813313,2827493,1158,2827493,15165,14180
50267833,2827493,2838837,1158,2838837,12740,11344
50503833,2838837,2850181,1158,2850181,12711,11344
50735833,2851599,2868615,1158,2868615,17922,17016
50966833,2865779,2884213,1158,2884213,18812,18434
51226833,2882795,2898393,1158,2898393,15846,15598
51504833,2901229,2918245,1158,2918245,17545,17016
51755833,2916827,2936679,1158,2936679,20770,19852
52013833,2933843,2957949,1158,2957949,24395,24106
52307833,2952277,2969293,1158,2969293,17539,17016
52661833,2974965,3001907,1158,3001907,26665,26942
52964833,2994817,3024595,1158,3024595,29117,29778
53349833,3020341,3054373,1158,3054373,33676,34032
53787833,3047283,3088405,1158,3088405,39031,41122
54297833,3081315,3135199,1158,3135199,51962,53884
54904833,3119601,3169231,1158,3169231,47874,49630
55711833,3173485,3213189,1158,3213189,38194,39704
56437833,3221697,3245803,1158,3245803,23513,24106
56918833,3254311,3275581,1158,3275581,20415,21270
57256833,3276999,3295433,1158,3295433,18884,18434
57566833,3296851,3312449,1158,3312449,17058,15598
57849833,3315285,3342227,1158,3342227,26405,26942
58103833,3330883,3363497,1158,3363497,31639,32614
58456833,3353571,3389021,1158,3389021,35276,35450
58908833,3383349,3411709,1158,3411709,27240,28360
59442833,3418799,3438651,1158,3438651,20416,19852
59831833,3445741,3467011,2576,3467011,21785,21270
