timestamp,availableTxBuffer0,availableTxBuffer1
611833,246472,246472
611833,246472,246472
829833,239382,246472
1052833,236546,250726
1329833,233710,250726
1593833,233710,250726
1891833,239382,250726
2198833,232292,250726
2457833,237964,250726
2772833,233710,250726
3047833,228038,250726
3366833,235128,250726
3746833,222366,250726
4070833,232292,250726
4534833,229456,250726
4918833,239382,250726
5299833,232292,250726
5593833,240800,250726
5918833,230874,250726
6196833,236546,250726
6540833,230874,250726
6839833,237964,250726
7184833,243636,250726
7459833,240800,250726
7710833,228038,250726
7961833,229456,250726
8317833,236546,250726
8702833,237964,250726
8968833,242218,250726
9213833,239382,250726
9449833,237964,250726
9684833,235128,250726
9930833,236546,252144
10202833,230874,250726
10467833,226620,250726
10797833,240800,250726
11199833,237964,250726
11493833,242218,250726
11745833,240800,250726
11983833,242218,250726
12216833,239382,250726
12447833,236546,250726
12688833,230874,250726
12954833,237964,250726
13280833,243636,250726
13563833,246472,250726
13817833,245054,250726
14059833,243636,250726
14297833,243636,250726
14538833,245054,250726
14773833,243636,250726
15005833,237964,250726
15236833,226620,250726
15505833,226620,250726
15864833,223784,250726
16283833,211022,250726
16750833,211022,250726
17399833,208186,250726
18089833,215276,250726
18826833,203932,250726
19482833,203932,250726
20287833,201096,250726
21097833,196842,250726
21954833,205350,250726
22883833,226620,250726
23473833,232292,252144
23855833,239382,250726
24169833,240800,250726
24419833,239382,250726
24656833,232292,250726
24895833,235128,250726
25204833,233710,250726
25501833,230874,250726
25808833,235128,250726
26153833,230874,250726
26459833,225202,250726
26806833,218112,250726
27232833,228038,250726
27773833,230874,250726
28167833,236546,250726
28516833,230874,250726
28809833,233710,250726
29153833,232292,250726
29472833,242218,250726
29803833,235128,250726
30080833,230874,250726
30365833,222366,252144
30704833,233710,250726
31165833,239382,250726
31479833,245054,250726
31734833,239382,250726
31977833,243636,250726
32238833,245054,250726
32482833,243636,250726
32718833,245054,250726
32951833,246472,250726
33182833,247890,250726
33413833,246472,250726
33644833,246472,250726
33875833,243636,250726
34105833,245054,250726
34341833,245054,250726
34574833,243636,250726
34806833,239382,250726
35037833,235128,250726
35301833,233710,250726
35579833,232292,250726
35880833,230874,250726
36206833,228038,250726
36575833,232292,250726
36973833,233710,250726
37309833,232292,250726
37623833,232292,250726
37953833,233710,250726
38304833,235128,250726
38614833,233710,250726
38905833,233710,250726
39210833,237964,250726
39518833,228038,250726
39781833,230874,250726
40146833,229456,250726
40512833,232292,250726
40890833,223784,250726
41232833,229456,250726
41685833,223784,250726
42094833,229456,250726
42563833,226620,250726
42966833,225202,250726
43391833,230874,250726
43840833,229456,250726
44214833,229456,250726
44594833,230874,250726
44974833,242218,250726
45334833,239382,250726
45593833,239382,250726
45831833,239382,250726
46063833,242218,250726
46294833,245054,250726
46524833,247890,250726
46754833,246472,250726
46984833,245054,250726
47214833,242218,250726
47446833,240800,250726
47686833,240800,250726
47925833,236546,250726
48158833,236546,250726
48426833,229456,250726
48688833,230874,250726
49032833,232292,250726
49390833,233710,250726
49724833,229456,252144
50037833,230874,250726
50404833,233710,250726
50757833,235128,250726
51072833,235128,250726
51379833,235128,250726
51670833,219530,250726
51975833,229456,250726
52427833,226620,250726
52875833,230874,250726
53296833,222366,250726
53669833,240800,250726
54151833,233710,250726
54484833,242218,250726
54797833,243636,250726
55056833,245054,250726
55299833,243636,250726
55535833,235128,250726
55769833,242218,250726
56086833,237964,250726
56362833,243636,250726
56632833,242218,250726
56878833,245054,250726
57114833,243636,250726
57347833,242218,250726
57578833,249308,250726
57810833,249308,250726
58041833,247890,250726
58272833,246472,250726
58504833,246472,250726
58739833,245054,250726
58972833,246472,250726
59209833,245054,250726
59443833,245054,250726
59676833,239382,250726
59907833,240800,250726
