timestamp,rWnd0,rWnd1
611833,1073725440,1073725440
611833,1073725440,1073725440
829833,1073725440,1073725440
1052833,1073725440,1073725440
1329833,1073725440,1073725440
1593833,1073725440,1073725440
1891833,1073725440,1073725440
2198833,1073725440,1073725440
2457833,1073725440,1073725440
2772833,1073725440,1073725440
3047833,1073725440,1073725440
3366833,1073725440,1073725440
3746833,1073725440,1073725440
4070833,1073725440,1073725440
4534833,1073725440,1073725440
4918833,1073725440,1073725440
5299833,1073725440,1073725440
5593833,1073725440,1073725440
5918833,1073725440,1073725440
6196833,1073725440,1073725440
6540833,1073725440,1073725440
6839833,1073725440,1073725440
7184833,1073725440,1073725440
7459833,1073725440,1073725440
7710833,1073725440,1073725440
7961833,1073725440,1073725440
8317833,1073725440,1073725440
8702833,1073725440,1073725440
8968833,1073725440,1073725440
9213833,1073725440,1073725440
9449833,1073725440,1073725440
9684833,1073725440,1073725440
9930833,1073725440,1073725440
10202833,1073725440,1073725440
10467833,1073725440,1073725440
10797833,1073725440,1073725440
11199833,1073725440,1073725440
11493833,1073725440,1073725440
11745833,1073725440,1073725440
11983833,1073725440,1073725440
12216833,1073725440,1073725440
12447833,1073725440,1073725440
12688833,1073725440,1073725440
12954833,1073725440,1073725440
13280833,1073725440,1073725440
13563833,1073725440,1073725440
13817833,1073725440,1073725440
14059833,1073725440,1073725440
14297833,1073725440,1073725440
14538833,1073725440,1073725440
14773833,1073725440,1073725440
15005833,1073725440,1073725440
15236833,1073725440,1073725440
15505833,1073725440,1073725440
15864833,1073725440,1073725440
16283833,1073725440,1073725440
16750833,1073725440,1073725440
17399833,1073725440,1073725440
18089833,1073725440,1073725440
18826833,1073725440,1073725440
19482833,1073725440,1073725440
20287833,1073725440,1073725440
21097833,1073725440,1073725440
21954833,1073725440,1073725440
22883833,1073725440,1073725440
23473833,1073725440,1073725440
23855833,1073725440,1073725440
24169833,1073725440,1073725440
24419833,1073725440,1073725440
24656833,1073725440,1073725440
24895833,1073725440,1073725440
25204833,1073725440,1073725440
25501833,1073725440,1073725440
25808833,1073725440,1073725440
26153833,1073725440,1073725440
26459833,1073725440,1073725440
26806833,1073725440,1073725440
27232833,1073725440,1073725440
27773833,1073725440,1073725440
28167833,1073725440,1073725440
28516833,1073725440,1073725440
28809833,1073725440,1073725440
29153833,1073725440,1073725440
29472833,1073725440,1073725440
29803833,1073725440,1073725440
30080833,1073725440,1073725440
30365833,1073725440,1073725440
30704833,1073725440,1073725440
31165833,1073725440,1073725440
31479833,1073725440,1073725440
31734833,1073725440,1073725440
31977833,1073725440,1073725440
32238833,1073725440,1073725440
32482833,1073725440,1073725440
32718833,1073725440,1073725440
32951833,1073725440,1073725440
33182833,1073725440,1073725440
33413833,1073725440,1073725440
33644833,1073725440,1073725440
33875833,1073725440,1073725440
34105833,1073725440,1073725440
34341833,1073725440,1073725440
34574833,1073725440,1073725440
34806833,1073725440,1073725440
35037833,1073725440,1073725440
35301833,1073725440,1073725440
35579833,1073725440,1073725440
35880833,1073725440,1073725440
36206833,1073725440,1073725440
36575833,1073725440,1073725440
36973833,1073725440,1073725440
37309833,1073725440,1073725440
37623833,1073725440,1073725440
37953833,1073725440,1073725440
38304833,1073725440,1073725440
38614833,1073725440,1073725440
38905833,1073725440,1073725440
39210833,1073725440,1073725440
39518833,1073725440,1073725440
39781833,1073725440,1073725440
40146833,1073725440,1073725440
40512833,1073725440,1073725440
40890833,1073725440,1073725440
41232833,1073725440,1073725440
41685833,1073725440,1073725440
42094833,1073725440,1073725440
42563833,1073725440,1073725440
42966833,1073725440,1073725440
43391833,1073725440,1073725440
43840833,1073725440,1073725440
44214833,1073725440,1073725440
44594833,1073725440,1073725440
44974833,1073725440,1073725440
45334833,1073725440,1073725440
45593833,1073725440,1073725440
45831833,1073725440,1073725440
46063833,1073725440,1073725440
46294833,1073725440,1073725440
46524833,1073725440,1073725440
46754833,1073725440,1073725440
46984833,1073725440,1073725440
47214833,1073725440,1073725440
47446833,1073725440,1073725440
47686833,1073725440,1073725440
47925833,1073725440,1073725440
48158833,1073725440,1073725440
48426833,1073725440,1073725440
48688833,1073725440,1073725440
49032833,1073725440,1073725440
49390833,1073725440,1073725440
49724833,1073725440,1073725440
50037833,1073725440,1073725440
50404833,1073725440,1073725440
50757833,1073725440,1073725440
51072833,1073725440,1073725440
51379833,1073725440,1073725440
51670833,1073725440,1073725440
51975833,1073725440,1073725440
52427833,1073725440,1073725440
52875833,1073725440,1073725440
53296833,1073725440,1073725440
53669833,1073725440,1073725440
54151833,1073725440,1073725440
54484833,1073725440,1073725440
54797833,1073725440,1073725440
55056833,1073725440,1073725440
55299833,1073725440,1073725440
55535833,1073725440,1073725440
55769833,1073725440,1073725440
56086833,1073725440,1073725440
56362833,1073725440,1073725440
56632833,1073725440,1073725440
56878833,1073725440,1073725440
57114833,1073725440,1073725440
57347833,1073725440,1073725440
57578833,1073725440,1073725440
57810833,1073725440,1073725440
58041833,1073725440,1073725440
58272833,1073725440,1073725440
58504833,1073725440,1073725440
58739833,1073725440,1073725440
58972833,1073725440,1073725440
59209833,1073725440,1073725440
59443833,1073725440,1073725440
59676833,1073725440,1073725440
59907833,1073725440,1073725440
