timestamp,unAck0,unAck1
611833,5672,5672
611833,5672,5672
829833,12762,5672
1052833,15598,1418
1329833,18434,1418
1593833,18434,1418
1891833,12762,1418
2198833,19852,1418
2457833,14180,1418
2772833,18434,1418
3047833,24106,1418
3366833,17016,1418
3746833,29778,1418
4070833,19852,1418
4534833,22688,1418
4918833,12762,1418
5299833,19852,1418
5593833,11344,1418
5918833,21270,1418
6196833,15598,1418
6540833,21270,1418
6839833,14180,1418
7184833,8508,1418
7459833,11344,1418
7710833,24106,1418
7961833,22688,1418
8317833,15598,1418
8702833,14180,1418
8968833,9926,1418
9213833,12762,1418
9449833,14180,1418
9684833,17016,1418
9930833,15598,0
10202833,21270,1418
10467833,25524,1418
10797833,11344,1418
11199833,14180,1418
11493833,9926,1418
11745833,11344,1418
11983833,9926,1418
12216833,12762,1418
12447833,15598,1418
12688833,21270,1418
12954833,14180,1418
13280833,8508,1418
13563833,5672,1418
13817833,7090,1418
14059833,8508,1418
14297833,8508,1418
14538833,7090,1418
14773833,8508,1418
15005833,14180,1418
15236833,25524,1418
15505833,25524,1418
15864833,28360,1418
16283833,41122,1418
16750833,41122,1418
17399833,43958,1418
18089833,36868,1418
18826833,48212,1418
19482833,48212,1418
20287833,51048,1418
21097833,55302,1418
21954833,46794,1418
22883833,25524,1418
23473833,19852,0
23855833,12762,1418
24169833,11344,1418
24419833,12762,1418
24656833,19852,1418
24895833,17016,1418
25204833,18434,1418
25501833,21270,1418
25808833,17016,1418
26153833,21270,1418
26459833,26942,1418
26806833,34032,1418
27232833,24106,1418
27773833,21270,1418
28167833,15598,1418
28516833,21270,1418
28809833,18434,1418
29153833,19852,1418
29472833,9926,1418
29803833,17016,1418
30080833,21270,1418
30365833,29778,0
30704833,18434,1418
31165833,12762,1418
31479833,7090,1418
31734833,12762,1418
31977833,8508,1418
32238833,7090,1418
32482833,8508,1418
32718833,7090,1418
32951833,5672,1418
33182833,4254,1418
33413833,5672,1418
33644833,5672,1418
33875833,8508,1418
34105833,7090,1418
34341833,7090,1418
34574833,8508,1418
34806833,12762,1418
35037833,17016,1418
35301833,18434,1418
35579833,19852,1418
35880833,21270,1418
36206833,24106,1418
36575833,19852,1418
36973833,18434,1418
37309833,19852,1418
37623833,19852,1418
37953833,18434,1418
38304833,17016,1418
38614833,18434,1418
38905833,18434,1418
39210833,14180,1418
39518833,24106,1418
39781833,21270,1418
40146833,22688,1418
40512833,19852,1418
40890833,28360,1418
41232833,22688,1418
41685833,28360,1418
42094833,22688,1418
42563833,25524,1418
42966833,26942,1418
43391833,21270,1418
43840833,22688,1418
44214833,22688,1418
44594833,21270,1418
44974833,9926,1418
45334833,12762,1418
45593833,12762,1418
45831833,12762,1418
46063833,9926,1418
46294833,7090,1418
46524833,4254,1418
46754833,5672,1418
46984833,7090,1418
47214833,9926,1418
47446833,11344,1418
47686833,11344,1418
47925833,15598,1418
48158833,15598,1418
48426833,22688,1418
48688833,21270,1418
49032833,19852,1418
49390833,18434,1418
49724833,22688,0
50037833,21270,1418
50404833,18434,1418
50757833,17016,1418
51072833,17016,1418
51379833,17016,1418
51670833,32614,1418
51975833,22688,1418
52427833,25524,1418
52875833,21270,1418
53296833,29778,1418
53669833,11344,1418
54151833,18434,1418
54484833,9926,1418
54797833,8508,1418
55056833,7090,1418
55299833,8508,1418
55535833,17016,1418
55769833,9926,1418
56086833,14180,1418
56362833,8508,1418
56632833,9926,1418
56878833,7090,1418
57114833,8508,1418
57347833,9926,1418
57578833,2836,1418
57810833,2836,1418
58041833,4254,1418
58272833,5672,1418
58504833,5672,1418
58739833,7090,1418
58972833,5672,1418
59209833,7090,1418
59443833,7090,1418
59676833,12762,1418
59907833,11344,1418
