timestamp,rtt0,rtt1
611833,218,184
611833,218,184
829833,223,184
1052833,277,219
1329833,264,221
1593833,298,222
1891833,307,224
2198833,259,225
2457833,315,225
2772833,275,226
3047833,319,226
3366833,380,227
3746833,324,227
4070833,464,228
4534833,384,228
4918833,381,229
5299833,294,229
5593833,325,229
5918833,278,229
6196833,344,229
6540833,299,229
6839833,345,229
7184833,275,230
7459833,251,230
7710833,251,230
7961833,356,230
8317833,385,230
8702833,266,230
8968833,245,230
9213833,236,230
9449833,235,230
9684833,246,230
9930833,272,230
10202833,265,230
10467833,330,230
10797833,402,230
11199833,294,230
11493833,252,230
11745833,238,230
11983833,233,230
12216833,231,230
12447833,241,230
12688833,266,230
12954833,326,230
13280833,283,230
13563833,254,230
13817833,242,230
14059833,238,230
14297833,241,230
14538833,235,230
14773833,232,230
15005833,231,230
15236833,269,230
15505833,359,230
15864833,419,230
16283833,467,230
16750833,649,230
17399833,690,230
18089833,737,230
18826833,656,230
19482833,805,230
20287833,810,230
21097833,857,230
21954833,929,230
22883833,590,230
23473833,382,230
23855833,314,230
24169833,250,230
24419833,237,230
24656833,239,230
24895833,309,230
25204833,297,230
25501833,307,230
25808833,345,230
26153833,306,230
26459833,347,230
26806833,426,230
27232833,541,230
27773833,394,230
28167833,349,230
28516833,293,230
28809833,344,230
29153833,319,230
29472833,331,230
29803833,277,230
30080833,285,230
30365833,339,230
30704833,461,230
31165833,314,230
31479833,255,230
31734833,243,230
31977833,261,230
32238833,244,230
32482833,236,230
32718833,233,230
32951833,231,230
33182833,231,230
33413833,231,230
33644833,231,230
33875833,230,230
34105833,236,230
34341833,233,230
34574833,232,230
34806833,231,230
35037833,264,230
35301833,278,230
35579833,301,230
35880833,326,230
36206833,369,230
36575833,398,230
36973833,336,230
37309833,314,230
37623833,330,230
37953833,351,230
38304833,310,230
38614833,291,230
38905833,305,230
39210833,308,230
39518833,263,230
39781833,365,230
40146833,366,230
40512833,378,230
40890833,342,230
41232833,453,230
41685833,409,230
42094833,469,230
42563833,403,230
42966833,425,230
43391833,449,230
43840833,374,230
44214833,380,230
44594833,380,230
44974833,360,230
45334833,259,230
45593833,238,230
45831833,232,230
46063833,231,230
46294833,230,230
46524833,230,230
46754833,230,230
46984833,230,230
47214833,232,230
47446833,240,230
47686833,239,230
47925833,233,230
48158833,268,230
48426833,262,230
48688833,344,230
49032833,358,230
49390833,334,230
49724833,313,230
50037833,367,230
50404833,353,230
50757833,315,230
51072833,307,230
51379833,291,230
51670833,305,230
51975833,452,230
52427833,448,230
52875833,421,230
53296833,373,230
53669833,482,230
54151833,333,230
54484833,313,230
54797833,259,230
55056833,243,230
55299833,236,230
55535833,234,230
55769833,317,230
56086833,276,230
56362833,270,230
56632833,246,230
56878833,236,230
57114833,233,230
57347833,231,230
57578833,232,230
57810833,231,230
58041833,231,230
58272833,232,230
58504833,235,230
58739833,233,230
58972833,237,230
59209833,234,230
59443833,233,230
59676833,231,230
59907833,265,230
