timestamp,cWnd0,cWnd1
611833,5672,5672
611833,13702,1500
829833,13702,1500
1052833,16275,1500
1329833,19078,1500
1593833,18714,1500
1891833,13201,1500
2198833,20882,1500
2457833,15068,1500
2772833,20186,1500
3047833,25003,1500
3366833,18314,1500
3746833,30127,1500
4070833,20679,1500
4534833,23246,1500
4918833,14143,1500
5299833,20497,1500
5593833,12066,1500
5918833,21799,1500
6196833,16602,1500
6540833,22562,1500
6839833,15309,1500
7184833,8835,1500
7459833,11453,1500
7710833,24322,1500
7961833,23495,1500
8317833,15810,1500
8702833,14636,1500
8968833,10644,1500
9213833,13081,1500
9449833,15554,1500
9684833,17536,1500
9930833,16233,1500
10202833,21955,1500
10467833,26822,1500
10797833,11730,1500
11199833,14407,1500
11493833,9994,1500
11745833,12079,1500
11983833,10697,1500
12216833,13250,1500
12447833,15633,1500
12688833,22614,1500
12954833,14679,1500
13280833,9197,1500
13563833,6788,1500
13817833,7522,1500
14059833,9215,1500
14297833,8976,1500
14538833,7467,1500
14773833,9435,1500
15005833,15014,1500
15236833,26259,1500
15505833,26911,1500
15864833,28784,1500
16283833,41274,1500
16750833,41878,1500
17399833,44998,1500
18089833,38250,1500
18826833,49292,1500
19482833,49372,1500
20287833,51112,1500
21097833,56076,1500
21954833,48200,1500
22883833,25613,1500
23473833,21126,1500
23855833,13147,1500
24169833,11983,1500
24419833,12869,1500
24656833,20057,1500
24895833,17381,1500
25204833,18559,1500
25501833,21650,1500
25808833,18253,1500
26153833,22413,1500
26459833,27796,1500
26806833,34637,1500
27232833,25190,1500
27773833,22197,1500
28167833,16673,1500
28516833,21334,1500
28809833,19245,1500
29153833,20580,1500
29472833,10718,1500
29803833,17574,1500
30080833,22390,1500
30365833,31401,1500
30704833,19141,1500
31165833,13566,1500
31479833,7886,1500
31734833,12792,1500
31977833,8989,1500
32238833,7629,1500
32482833,9435,1500
32718833,7943,1500
32951833,6759,1500
33182833,5071,1500
33413833,6945,1500
33644833,6294,1500
33875833,8993,1500
34105833,7985,1500
34341833,7549,1500
34574833,9545,1500
34806833,15128,1500
35037833,17853,1500
35301833,18496,1500
35579833,20638,1500
35880833,23302,1500
36206833,25502,1500
36575833,20639,1500
36973833,18962,1500
37309833,19907,1500
37623833,21754,1500
37953833,18584,1500
38304833,17728,1500
38614833,19416,1500
38905833,19503,1500
39210833,14282,1500
39518833,24223,1500
39781833,21734,1500
40146833,23140,1500
40512833,20705,1500
40890833,28748,1500
41232833,23082,1500
41685833,29598,1500
42094833,23164,1500
42563833,26574,1500
42966833,28239,1500
43391833,22247,1500
43840833,23106,1500
44214833,22702,1500
44594833,21311,1500
44974833,10818,1500
45334833,12941,1500
45593833,14068,1500
45831833,13639,1500
46063833,10094,1500
46294833,8420,1500
46524833,5647,1500
46754833,6153,1500
46984833,8015,1500
47214833,10953,1500
47446833,12562,1500
47686833,11992,1500
47925833,16089,1500
48158833,16186,1500
48426833,23517,1500
48688833,21994,1500
49032833,20469,1500
49390833,19731,1500
49724833,23461,1500
50037833,21520,1500
50404833,19678,1500
50757833,19238,1500
51072833,17970,1500
51379833,19667,1500
51670833,32983,1500
51975833,25365,1500
52427833,26238,1500
52875833,22040,1500
53296833,30188,1500
53669833,13980,1500
54151833,18443,1500
54484833,10444,1500
54797833,8753,1500
55056833,7621,1500
55299833,8810,1500
55535833,17139,1500
55769833,10234,1500
56086833,15800,1500
56362833,8823,1500
56632833,10310,1500
56878833,8038,1500
57114833,8625,1500
57347833,10357,1500
57578833,4135,1500
57810833,4193,1500
58041833,5135,1500
58272833,5927,1500
58504833,6576,1500
58739833,8109,1500
58972833,6597,1500
59209833,8241,1500
59443833,7557,1500
59676833,12894,1500
59907833,12066,1500
