timestamp,lastAckedSeq,highTxMark,availableTxBuffer,nextTxSeq,totalCwnd,unAckMeta
611833,5673,17017,1158,17017,11344,11344
611833,5673,17017,1158,17017,15202,11344
829833,11345,29779,1158,29779,15202,18434
1052833,29779,46795,1158,46795,17775,17016
1329833,48213,68065,1158,68065,20578,19852
1593833,65229,85081,1158,85081,20214,19852
1891833,83663,99261,1158,99261,14701,15598
2198833,103515,124785,1158,124785,22382,21270
2457833,120531,136129,1158,136129,16568,15598
2772833,141801,161653,2576,161653,21686,19852
3047833,158817,184341,1158,184341,26503,25524
3366833,178669,198521,1158,198521,19814,19852
3746833,204193,235389,1158,235389,31627,31196
4070833,225463,248151,1158,248151,22179,22688
4534833,255241,280765,1158,280765,24746,25524
4918833,280765,294945,1158,294945,15643,14180
5299833,306289,327559,2576,327559,21997,21270
5593833,324723,337485,1158,337485,13566,12762
5918833,343157,367263,1158,367263,23299,24106
6196833,360173,378607,1158,378607,18102,18434
6540833,384279,406967,1158,406967,24062,22688
6839833,402713,418311,1158,418311,16809,15598
7184833,421147,431073,1158,431073,10335,9926
7459833,433909,446671,1158,446671,12953,12762
7710833,448089,473613,1158,473613,25822,25524
7961833,462269,487793,1158,487793,24995,25524
8317833,486375,504809,1158,504809,17310,18434
8702833,511899,527497,1158,527497,16136,15598
8968833,527497,538841,1158,538841,12144,11344
9213833,540259,554439,1158,554439,14581,14180
9449833,554439,570037,1158,570037,17054,15598
9684833,570037,588471,1158,588471,19036,18434
9930833,585635,602651,1158,602651,17733,17016
10202833,604069,628175,1158,628175,23455,24106
10467833,621085,649445,1158,649445,28322,28360
10797833,642355,656535,1158,656535,13230,14180
11199833,667879,683477,1158,683477,15907,15598
11493833,683477,694821,1158,694821,11494,11344
11745833,696239,709001,1158,709001,13579,12762
11983833,709001,720345,1158,720345,12197,11344
12216833,721763,735943,1158,735943,14750,14180
12447833,735943,752959,1158,752959,17133,17016
12688833,751541,774229,1158,774229,24114,22688
12954833,768557,784155,1158,784155,16179,15598
13280833,785573,795499,1158,795499,10697,9926
13563833,795499,802589,1158,802589,8288,7090
13817833,804007,812515,1158,812515,9022,8508
14059833,813933,823859,1158,823859,10715,9926
14297833,823859,833785,1158,833785,10476,9926
14538833,833785,842293,1158,842293,8967,8508
14773833,843711,853637,1158,853637,10935,9926
15005833,853637,869235,1158,869235,16514,15598
15236833,867817,894759,1158,894759,27759,26942
15505833,884833,913193,1158,913193,28411,28360
15864833,908939,940135,1158,940135,30284,31196
16283833,934463,978421,1158,978421,42774,43958
16750833,964241,1009617,1158,1009617,43378,45376
17399833,1006781,1054993,1158,1054993,46498,48212
18089833,1052157,1093279,1158,1093279,39750,41122
18826833,1100369,1152835,1158,1152835,50792,52466
19482833,1141491,1195375,1158,1195375,50872,53884
20287833,1195375,1250677,1158,1250677,52612,55302
21097833,1247841,1308815,1158,1308815,57576,60974
21954833,1303143,1355609,1158,1355609,49700,52466
22883833,1366953,1395313,1158,1395313,27113,28360
23473833,1405239,1426509,1158,1426509,22626,21270
23855833,1430763,1444943,1158,1444943,14647,14180
24169833,1447779,1460541,1158,1460541,13483,12762
24419833,1461959,1477557,1158,1477557,14369,15598
24656833,1477557,1498827,1158,1498827,21557,21270
24895833,1491737,1511589,1158,1511589,18881,19852
25204833,1513007,1532859,1158,1532859,20059,19852
25501833,1531441,1554129,1158,1554129,23150,22688
25808833,1551293,1569727,1158,1569727,19753,18434
26153833,1573981,1598087,1158,1598087,23913,24106
26459833,1595251,1623611,1158,1623611,29296,28360
26806833,1616521,1653389,1158,1653389,36137,36868
27232833,1643463,1670405,1158,1670405,26690,26942
27773833,1680331,1704437,1158,1704437,23697,24106
28167833,1705855,1722871,1158,1722871,18173,17016
28516833,1728543,1752649,1158,1752649,22834,24106
28809833,1746977,1768247,1158,1768247,20745,21270
29153833,1769665,1790935,1158,1790935,22080,21270
29472833,1792353,1803697,1158,1803697,12218,11344
29803833,1809369,1827803,1158,1827803,19074,18434
30080833,1827803,1850491,1158,1850491,23890,22688
30365833,1846237,1877433,2576,1877433,32901,31196
30704833,1867507,1888777,1158,1888777,20641,21270
31165833,1897285,1911465,1158,1911465,15066,14180
31479833,1911465,1919973,1158,1919973,9386,8508
31734833,1922809,1936989,1158,1936989,14292,14180
31977833,1936989,1946915,1158,1946915,10489,9926
32238833,1946915,1955423,1158,1955423,9129,8508
32482833,1958259,1968185,1158,1968185,10935,9926
32718833,1968185,1976693,1158,1976693,9443,8508
32951833,1976693,1983783,1158,1983783,8259,7090
33182833,1983783,1989455,1158,1989455,6571,5672
33413833,1989455,1996545,1158,1996545,8445,7090
33644833,1996545,2003635,1158,2003635,7794,7090
33875833,2003635,2013561,1158,2013561,10493,9926
34105833,2013561,2022069,1158,2022069,9485,8508
34341833,2022069,2030577,1158,2030577,9049,8508
34574833,2030577,2040503,1158,2040503,11045,9926
34806833,2041921,2056101,2576,2056101,16628,14180
35037833,2056101,2074535,1158,2074535,19353,18434
35301833,2071699,2092969,1158,2092969,19996,21270
35579833,2091551,2112821,1158,2112821,22138,21270
35880833,2111403,2134091,2576,2134091,24802,22688
36206833,2131255,2156779,1158,2156779,27002,25524
36575833,2155361,2178049,1158,2178049,22139,22688
36973833,2180885,2202155,1158,2202155,20462,21270
37309833,2203573,2224843,1158,2224843,21407,21270
37623833,2224843,2246113,2576,2246113,23254,21270
37953833,2244695,2265965,1158,2265965,20084,21270
38304833,2268801,2287235,1158,2287235,19228,18434
38614833,2288653,2309923,1158,2309923,20916,21270
38905833,2307087,2328357,1158,2328357,21003,21270
39210833,2328357,2343955,1158,2343955,15782,15598
39518833,2348209,2373733,1158,2373733,25723,25524
39781833,2365225,2387913,1158,2387913,23234,22688
40146833,2387913,2413437,1158,2413437,24640,25524
40512833,2413437,2436125,1158,2436125,22205,22688
40890833,2437543,2467321,1158,2467321,30248,29778
41232833,2460231,2485755,1158,2485755,24582,25524
41685833,2490009,2519787,1158,2519787,31098,29778
42094833,2515533,2541057,1158,2541057,24664,25524
42563833,2545311,2573671,1158,2573671,28074,28360
42966833,2572253,2602031,1158,2602031,29739,29778
43391833,2600613,2624719,1158,2624719,23747,24106
43840833,2630391,2654497,1158,2654497,24606,24106
44214833,2654497,2680021,1158,2680021,24202,25524
44594833,2680021,2704127,1158,2704127,22811,24106
44974833,2704127,2715471,1158,2715471,12318,11344
45334833,2723979,2738159,1158,2738159,14441,14180
45593833,2739577,2753757,1158,2753757,15568,14180
45831833,2753757,2767937,1158,2767937,15139,14180
46063833,2767937,2779281,1158,2779281,11594,11344
46294833,2779281,2787789,1158,2787789,9920,8508
46524833,2787789,2793461,1158,2793461,7147,5672
46754833,2793461,2800551,1158,2800551,7653,7090
46984833,2800551,2809059,1158,2809059,9515,8508
47214833,2809059,2820403,1158,2820403,12453,11344
47446833,2820403,2833165,1158,2833165,14062,12762
47686833,2834583,2847345,1158,2847345,13492,12762
47925833,2847345,2864361,1158,2864361,17589,17016
48158833,2862943,2879959,1158,2879959,17686,17016
48426833,2879959,2904065,1158,2904065,25017,24106
48688833,2896975,2919663,1158,2919663,23494,22688
49032833,2918245,2940933,1158,2940933,21969,22688
49390833,2942351,2962203,1158,2962203,21231,19852
49724833,2963621,2987727,1158,2987727,24961,24106
50037833,2983473,3007579,1158,3007579,23020,24106
50404833,3008997,3028849,1158,3028849,21178,19852
50757833,3033103,3051537,3994,3051537,20738,18434
51072833,3052955,3071389,1158,3071389,19470,18434
51379833,3072807,3091241,2576,3091241,21167,18434
51670833,3091241,3126691,1158,3126691,34483,35450
51975833,3111093,3136617,2576,3136617,26865,25524
52427833,3139453,3167813,1158,3167813,27738,28360
52875833,3169231,3193337,1158,3193337,23540,24106
53296833,3197591,3228787,1158,3228787,31688,31196
53669833,3221697,3235877,2576,3235877,15480,14180
54151833,3252893,3272745,1158,3272745,19943,19852
54484833,3272745,3284089,1158,3284089,11944,11344
54797833,3286925,3296851,1158,3296851,10253,9926
55056833,3296851,3305359,1158,3305359,9121,8508
55299833,3306777,3316703,1158,3316703,10310,9926
55535833,3316703,3335137,1158,3335137,18639,18434
55769833,3332301,3343645,1158,3343645,11734,11344
56086833,3349317,3364915,2576,3364915,17300,15598
56362833,3364915,3374841,1158,3374841,10323,9926
56632833,3377677,3389021,1158,3389021,11810,11344
56878833,3389021,3397529,1158,3397529,9538,8508
57114833,3398947,3408873,1158,3408873,10125,9926
57347833,3408873,3420217,1158,3420217,11857,11344
57578833,3420217,3424471,1158,3424471,5635,4254
57810833,3424471,3428725,1158,3428725,5693,4254
58041833,3428725,3434397,1158,3434397,6635,5672
58272833,3434397,3441487,1158,3441487,7427,7090
58504833,3441487,3448577,1158,3448577,8076,7090
58739833,3448577,3457085,1158,3457085,9609,8508
58972833,3457085,3464175,1158,3464175,8097,7090
59209833,3464175,3472683,1158,3472683,9741,8508
59443833,3472683,3481191,1158,3481191,9057,8508
59676833,3481191,3495371,1158,3495371,14394,14180
59907833,3495371,3508133,1158,3508133,13566,12762
