timestamp,rWnd0,rWnd1
611833,1073725440,1073725440
611833,1073725440,1073725440
829833,1073725440,1073725440
1052833,1073725440,1073725440
1278833,1073725440,1073725440
1505833,1073725440,1073725440
1740833,1073725440,1073725440
2009833,1073725440,1073725440
2279833,1073725440,1073725440
2542833,1073725440,1073725440
2884833,1073725440,1073725440
3321833,1073725440,1073725440
3716833,1073725440,1073725440
3978833,1073725440,1073725440
4219833,1073725440,1073725440
4496833,1073725440,1073725440
4813833,1073725440,1073725440
5223833,1073725440,1073725440
5610833,1073725440,1073725440
5927833,1073725440,1073725440
6185833,1073725440,1073725440
6430833,1073725440,1073725440
6670833,1073725440,1073725440
6908833,1073725440,1073725440
7145833,1073725440,1073725440
7383833,1073725440,1073725440
7617833,1073725440,1073725440
7860833,1073725440,1073725440
8097833,1073725440,1073725440
8332833,1073725440,1073725440
8567833,1073725440,1073725440
8800833,1073725440,1073725440
9034833,1073725440,1073725440
9266833,1073725440,1073725440
9498833,1073725440,1073725440
9735833,1073725440,1073725440
9968833,1073725440,1073725440
10199833,1073725440,1073725440
10430833,1073725440,1073725440
10662833,1073725440,1073725440
10939833,1073725440,1073725440
11221833,1073725440,1073725440
11505833,1073725440,1073725440
11790833,1073725440,1073725440
12128833,1073725440,1073725440
12463833,1073725440,1073725440
12920833,1073725440,1073725440
13505833,1073725440,1073725440
13813833,1073725440,1073725440
14077833,1073725440,1073725440
14321833,1073725440,1073725440
14557833,1073725440,1073725440
14790833,1073725440,1073725440
15022833,1073725440,1073725440
15253833,1073725440,1073725440
15487833,1073725440,1073725440
15720833,1073725440,1073725440
15961833,1073725440,1073725440
16201833,1073725440,1073725440
16436833,1073725440,1073725440
16669833,1073725440,1073725440
16900833,1073725440,1073725440
17131833,1073725440,1073725440
17361833,1073725440,1073725440
17591833,1073725440,1073725440
17827833,1073725440,1073725440
18060833,1073725440,1073725440
18292833,1073725440,1073725440
18523833,1073725440,1073725440
18753833,1073725440,1073725440
18983833,1073725440,1073725440
19213833,1073725440,1073725440
19443833,1073725440,1073725440
19675833,1073725440,1073725440
19906833,1073725440,1073725440
20136833,1073725440,1073725440
20366833,1073725440,1073725440
20596833,1073725440,1073725440
20828833,1073725440,1073725440
21063833,1073725440,1073725440
21296833,1073725440,1073725440
21528833,1073725440,1073725440
21759833,1073725440,1073725440
21990833,1073725440,1073725440
22221833,1073725440,1073725440
22452833,1073725440,1073725440
22682833,1073725440,1073725440
22925833,1073725440,1073725440
23186833,1073725440,1073725440
23427833,1073725440,1073725440
23697833,1073725440,1073725440
24064833,1073725440,1073725440
24568833,1073725440,1073725440
25295833,1073725440,1073725440
26158833,1073725440,1073725440
26975833,1073725440,1073725440
27575833,1073725440,1073725440
28012833,1073725440,1073725440
28302833,1073725440,1073725440
28546833,1073725440,1073725440
28781833,1073725440,1073725440
29013833,1073725440,1073725440
29243833,1073725440,1073725440
29473833,1073725440,1073725440
29703833,1073725440,1073725440
29938833,1073725440,1073725440
30231833,1073725440,1073725440
30493833,1073725440,1073725440
30737833,1073725440,1073725440
30974833,1073725440,1073725440
31207833,1073725440,1073725440
31439833,1073725440,1073725440
31670833,1073725440,1073725440
31900833,1073725440,1073725440
32130833,1073725440,1073725440
32362833,1073725440,1073725440
32621833,1073725440,1073725440
32863833,1073725440,1073725440
33098833,1073725440,1073725440
33332833,1073725440,1073725440
33564833,1073725440,1073725440
33795833,1073725440,1073725440
34026833,1073725440,1073725440
34265833,1073725440,1073725440
34498833,1073725440,1073725440
34736833,1073725440,1073725440
34996833,1073725440,1073725440
35239833,1073725440,1073725440
35485833,1073725440,1073725440
35721833,1073725440,1073725440
35955833,1073725440,1073725440
36188833,1073725440,1073725440
36420833,1073725440,1073725440
36651833,1073725440,1073725440
36883833,1073725440,1073725440
37114833,1073725440,1073725440
37345833,1073725440,1073725440
37576833,1073725440,1073725440
37809833,1073725440,1073725440
38041833,1073725440,1073725440
38284833,1073725440,1073725440
38524833,1073725440,1073725440
38774833,1073725440,1073725440
39015833,1073725440,1073725440
39252833,1073725440,1073725440
39486833,1073725440,1073725440
39746833,1073725440,1073725440
39994833,1073725440,1073725440
40260833,1073725440,1073725440
40503833,1073725440,1073725440
40778833,1073725440,1073725440
41061833,1073725440,1073725440
41327833,1073725440,1073725440
41565833,1073725440,1073725440
41798833,1073725440,1073725440
42092833,1073725440,1073725440
42398833,1073725440,1073725440
42744833,1073725440,1073725440
43080833,1073725440,1073725440
43394833,1073725440,1073725440
43742833,1073725440,1073725440
44027833,1073725440,1073725440
44275833,1073725440,1073725440
44519833,1073725440,1073725440
44836833,1073725440,1073725440
45201833,1073725440,1073725440
45668833,1073725440,1073725440
46341833,1073725440,1073725440
47347833,1073725440,1073725440
48512833,1073725440,1073725440
49290833,1073725440,1073725440
49731833,1073725440,1073725440
50063833,1073725440,1073725440
50329833,1073725440,1073725440
50572833,1073725440,1073725440
50807833,1073725440,1073725440
51039833,1073725440,1073725440
51270833,1073725440,1073725440
51508833,1073725440,1073725440
51762833,1073725440,1073725440
52004833,1073725440,1073725440
52277833,1073725440,1073725440
52638833,1073725440,1073725440
53058833,1073725440,1073725440
53366833,1073725440,1073725440
53674833,1073725440,1073725440
53929833,1073725440,1073725440
54171833,1073725440,1073725440
54404833,1073725440,1073725440
54719833,1073725440,1073725440
55053833,1073725440,1073725440
55460833,1073725440,1073725440
55799833,1073725440,1073725440
56054833,1073725440,1073725440
56295833,1073725440,1073725440
56531833,1073725440,1073725440
56765833,1073725440,1073725440
56997833,1073725440,1073725440
57228833,1073725440,1073725440
57458833,1073725440,1073725440
57688833,1073725440,1073725440
57924833,1073725440,1073725440
58156833,1073725440,1073725440
58397833,1073725440,1073725440
58631833,1073725440,1073725440
58873833,1073725440,1073725440
59129833,1073725440,1073725440
59370833,1073725440,1073725440
59605833,1073725440,1073725440
59838833,1073725440,1073725440
