timestamp,rtt0,rtt1
611833,218,184
611833,218,184
829833,223,184
1052833,226,219
1278833,227,221
1505833,235,222
1740833,269,223
2009833,270,224
2279833,263,225
2542833,342,225
2884833,437,226
3321833,395,227
3716833,262,227
3978833,241,228
4219833,277,228
4496833,317,229
4813833,410,229
5223833,387,229
5610833,317,229
5927833,258,229
6185833,245,229
6430833,240,229
6670833,238,229
6908833,237,229
7145833,238,230
7383833,234,230
7617833,243,230
7860833,237,230
8097833,235,230
8332833,235,230
8567833,233,230
8800833,234,230
9034833,232,230
9266833,232,230
9498833,237,230
9735833,233,230
9968833,231,230
10199833,231,230
10430833,232,230
10662833,277,230
10939833,282,230
11221833,284,230
11505833,285,230
11790833,338,230
12128833,335,230
12463833,457,230
12920833,585,230
13505833,308,230
13813833,264,230
14077833,244,230
14321833,236,230
14557833,233,230
14790833,232,230
15022833,231,230
15253833,234,230
15487833,233,230
15720833,241,230
15961833,240,230
16201833,235,230
16436833,233,230
16669833,231,230
16900833,231,230
17131833,230,230
17361833,230,230
17591833,236,230
17827833,233,230
18060833,232,230
18292833,231,230
18523833,230,230
18753833,230,230
18983833,230,230
19213833,230,230
19443833,232,230
19675833,231,230
19906833,230,230
20136833,230,230
20366833,230,230
20596833,232,230
20828833,235,230
21063833,233,230
21296833,232,230
21528833,231,230
21759833,231,230
21990833,231,230
22221833,231,230
22452833,230,230
22682833,243,230
22925833,261,230
23186833,241,230
23427833,270,230
23697833,367,230
24064833,504,230
24568833,727,230
25295833,863,230
26158833,817,230
26975833,600,230
27575833,437,230
28012833,290,230
28302833,244,230
28546833,235,230
28781833,232,230
29013833,230,230
29243833,230,230
29473833,230,230
29703833,235,230
29938833,293,230
30231833,262,230
30493833,244,230
30737833,237,230
30974833,233,230
31207833,232,230
31439833,231,230
31670833,230,230
31900833,230,230
32130833,232,230
32362833,259,230
32621833,242,230
32863833,235,230
33098833,234,230
33332833,232,230
33564833,231,230
33795833,231,230
34026833,239,230
34265833,233,230
34498833,238,230
34736833,260,230
34996833,243,230
35239833,246,230
35485833,236,230
35721833,234,230
35955833,233,230
36188833,232,230
36420833,231,230
36651833,232,230
36883833,231,230
37114833,231,230
37345833,231,230
37576833,233,230
37809833,232,230
38041833,243,230
38284833,240,230
38524833,250,230
38774833,241,230
39015833,237,230
39252833,234,230
39486833,260,230
39746833,248,230
39994833,266,230
40260833,243,230
40503833,275,230
40778833,283,230
41061833,266,230
41327833,238,230
41565833,233,230
41798833,294,230
42092833,306,230
42398833,346,230
42744833,336,230
43080833,314,230
43394833,348,230
43742833,285,230
44027833,248,230
44275833,244,230
44519833,317,230
44836833,365,230
45201833,467,230
45668833,673,230
46341833,1006,230
47347833,1165,230
48512833,778,230
49290833,441,230
49731833,332,230
50063833,266,230
50329833,243,230
50572833,235,230
50807833,232,230
51039833,231,230
51270833,238,230
51508833,254,230
51762833,242,230
52004833,273,230
52277833,361,230
52638833,420,230
53058833,308,230
53366833,308,230
53674833,255,230
53929833,242,230
54171833,233,230
54404833,315,230
54719833,334,230
55053833,407,230
55460833,339,230
55799833,255,230
56054833,241,230
56295833,236,230
56531833,234,230
56765833,232,230
56997833,231,230
57228833,230,230
57458833,230,230
57688833,236,230
57924833,232,230
58156833,241,230
58397833,234,230
58631833,242,230
58873833,256,230
59129833,241,230
59370833,235,230
59605833,233,230
59838833,232,230
