timestamp,cWnd0,cWnd1
611833,5672,5672
611833,6172,1500
829833,6172,1500
1052833,3826,1500
1278833,7108,1500
1505833,13944,1500
1740833,15846,1500
2009833,15616,1500
2279833,23449,1500
2542833,29595,1500
2884833,25517,1500
3321833,15979,1500
3716833,13031,1500
3978833,17635,1500
4219833,20009,1500
4496833,27078,1500
4813833,22889,1500
5223833,20514,1500
5610833,14729,1500
5927833,7984,1500
6185833,4289,1500
6430833,2726,1500
6670833,5337,1500
6908833,6821,1500
7145833,6712,1500
7383833,8860,1500
7617833,6927,1500
7860833,5335,1500
8097833,7384,1500
8332833,8040,1500
8567833,8689,1500
8800833,7739,1500
9034833,8535,1500
9266833,10534,1500
9498833,8591,1500
9735833,7826,1500
9968833,9230,1500
10199833,10760,1500
10430833,16111,1500
10662833,17793,1500
10939833,18359,1500
11221833,18388,1500
11505833,22636,1500
11790833,20410,1500
12128833,30840,1500
12463833,38271,1500
12920833,22206,1500
13505833,16864,1500
13813833,14280,1500
14077833,10756,1500
14321833,8369,1500
14557833,9181,1500
14790833,7907,1500
15022833,9963,1500
15253833,5626,1500
15487833,8649,1500
15720833,10387,1500
15961833,8031,1500
16201833,8083,1500
16436833,5690,1500
16669833,5390,1500
16900833,6306,1500
17131833,5656,1500
17361833,9276,1500
17591833,8047,1500
17827833,8027,1500
18060833,8002,1500
18292833,6319,1500
18523833,6935,1500
18753833,7034,1500
18983833,4591,1500
19213833,7507,1500
19443833,7227,1500
19675833,4392,1500
19906833,2862,1500
20136833,3447,1500
20366833,6589,1500
20596833,8153,1500
20828833,6525,1500
21063833,4703,1500
21296833,4212,1500
21528833,3780,1500
21759833,5581,1500
21990833,4140,1500
22221833,5284,1500
22452833,9094,1500
22682833,13288,1500
22925833,11995,1500
23186833,16296,1500
23427833,28006,1500
23697833,34742,1500
24064833,54036,1500
24568833,51975,1500
25295833,50326,1500
26158833,42462,1500
26975833,31362,1500
27575833,18833,1500
28012833,14028,1500
28302833,12375,1500
28546833,12319,1500
28781833,11672,1500
29013833,11336,1500
29243833,10271,1500
29473833,13762,1500
29703833,18935,1500
29938833,15167,1500
30231833,9173,1500
30493833,8454,1500
30737833,8613,1500
30974833,6090,1500
31207833,7515,1500
31439833,7474,1500
31670833,7452,1500
31900833,9849,1500
32130833,12966,1500
32362833,11095,1500
32621833,9493,1500
32863833,5006,1500
33098833,5130,1500
33332833,6018,1500
33564833,5829,1500
33795833,10476,1500
34026833,10182,1500
34265833,11578,1500
34498833,15165,1500
34736833,9479,1500
34996833,15458,1500
35239833,10402,1500
35485833,6833,1500
35721833,5404,1500
35955833,3697,1500
36188833,5039,1500
36420833,6949,1500
36651833,5929,1500
36883833,4058,1500
37114833,2577,1500
37345833,3507,1500
37576833,4250,1500
37809833,6466,1500
38041833,3877,1500
38284833,7275,1500
38524833,6528,1500
38774833,5482,1500
39015833,6985,1500
39252833,11573,1500
39486833,13284,1500
39746833,16397,1500
39994833,12598,1500
40260833,17447,1500
40503833,17068,1500
40778833,16069,1500
41061833,13407,1500
41327833,13322,1500
41565833,18627,1500
41798833,19647,1500
42092833,21943,1500
42398833,20751,1500
42744833,19293,1500
43080833,22002,1500
43394833,17148,1500
43742833,13957,1500
44027833,14302,1500
44275833,21287,1500
44519833,23825,1500
44836833,30006,1500
45201833,57043,1500
45668833,65360,1500
46341833,70690,1500
47347833,60519,1500
48512833,36613,1500
49290833,22125,1500
49731833,16459,1500
50063833,12414,1500
50329833,9806,1500
50572833,11255,1500
50807833,8319,1500
51039833,12712,1500
51270833,14719,1500
51508833,14190,1500
51762833,18135,1500
52004833,26559,1500
52277833,26154,1500
52638833,16318,1500
53058833,18907,1500
53366833,12755,1500
53674833,14482,1500
53929833,13480,1500
54171833,22233,1500
54404833,20188,1500
54719833,25568,1500
55053833,20113,1500
55460833,11663,1500
55799833,9557,1500
56054833,7014,1500
56295833,8577,1500
56531833,8924,1500
56765833,9145,1500
56997833,8257,1500
57228833,6907,1500
57458833,10361,1500
57688833,10023,1500
57924833,12855,1500
58156833,10467,1500
58397833,14845,1500
58631833,15891,1500
58873833,11988,1500
59129833,8924,1500
59370833,6137,1500
59605833,3885,1500
59838833,3580,1500
