timestamp,unAck0,unAck1
611833,5672,5672
611833,5672,5672
829833,5672,5672
1052833,2836,1418
1278833,7090,1418
1505833,12762,1418
1740833,15598,1418
2009833,15598,1418
2279833,22688,1418
2542833,28360,1418
2884833,24106,1418
3321833,15598,1418
3716833,12762,1418
3978833,17016,1418
4219833,19852,1418
4496833,26942,1418
4813833,22688,1418
5223833,19852,1418
5610833,14180,1418
5927833,7090,1418
6185833,4254,1418
6430833,1418,1418
6670833,4254,1418
6908833,5672,1418
7145833,5672,1418
7383833,8508,1418
7617833,5672,1418
7860833,4254,1418
8097833,7090,1418
8332833,7090,1418
8567833,8508,1418
8800833,7090,1418
9034833,8508,1418
9266833,9926,1418
9498833,8508,1418
9735833,7090,1418
9968833,8508,1418
10199833,9926,1418
10430833,15598,1418
10662833,17016,1418
10939833,17016,1418
11221833,17016,1418
11505833,21270,1418
11790833,19852,1418
12128833,29778,1418
12463833,36868,1418
12920833,19852,0
13505833,15598,1418
13813833,14180,1418
14077833,9926,1418
14321833,7090,1418
14557833,8508,1418
14790833,7090,1418
15022833,9926,1418
15253833,4254,1418
15487833,8508,1418
15720833,9926,1418
15961833,7090,1418
16201833,7090,1418
16436833,5672,1418
16669833,4254,1418
16900833,4254,1418
17131833,4254,1418
17361833,8508,1418
17591833,7090,1418
17827833,7090,1418
18060833,7090,1418
18292833,5672,1418
18523833,5672,1418
18753833,5672,1418
18983833,4254,1418
19213833,7090,1418
19443833,7090,1418
19675833,4254,1418
19906833,2836,1418
20136833,2836,1418
20366833,5672,1418
20596833,7090,1418
20828833,5672,1418
21063833,4254,1418
21296833,2836,1418
21528833,2836,1418
21759833,2836,1418
21990833,2836,1418
22221833,4254,1418
22452833,8508,1418
22682833,12762,1418
22925833,11344,1418
23186833,15598,1418
23427833,26942,1418
23697833,34032,1418
24064833,53884,1418
24568833,51048,1418
25295833,49630,1418
26158833,41122,1418
26975833,29778,1418
27575833,18434,1418
28012833,12762,1418
28302833,11344,1418
28546833,11344,1418
28781833,11344,1418
29013833,9926,1418
29243833,9926,1418
29473833,12762,1418
29703833,18434,1418
29938833,14180,1418
30231833,8508,0
30493833,7090,1418
30737833,8508,1418
30974833,5672,1418
31207833,7090,1418
31439833,7090,1418
31670833,7090,1418
31900833,8508,1418
32130833,12762,1418
32362833,9926,1418
32621833,8508,1418
32863833,4254,1418
33098833,4254,1418
33332833,5672,1418
33564833,5672,1418
33795833,9926,1418
34026833,9926,1418
34265833,11344,1418
34498833,14180,1418
34736833,8508,1418
34996833,14180,1418
35239833,9926,1418
35485833,5672,1418
35721833,4254,1418
35955833,2836,1418
36188833,4254,1418
36420833,5672,1418
36651833,5672,1418
36883833,2836,1418
37114833,1418,1418
37345833,2836,1418
37576833,2836,1418
37809833,5672,1418
38041833,2836,1418
38284833,7090,1418
38524833,5672,1418
38774833,4254,1418
39015833,5672,1418
39252833,11344,1418
39486833,12762,1418
39746833,15598,0
39994833,11344,1418
40260833,17016,1418
40503833,17016,1418
40778833,15598,1418
41061833,12762,1418
41327833,12762,1418
41565833,18434,1418
41798833,18434,1418
42092833,21270,1418
42398833,19852,1418
42744833,18434,1418
43080833,21270,1418
43394833,17016,1418
43742833,12762,1418
44027833,12762,1418
44275833,21270,1418
44519833,22688,1418
44836833,29778,1418
45201833,56720,1418
45668833,65228,0
46341833,69482,1418
47347833,59556,1418
48512833,35450,1418
49290833,21270,1418
49731833,15598,0
50063833,11344,1418
50329833,8508,1418
50572833,9926,1418
50807833,7090,1418
51039833,11344,1418
51270833,14180,1418
51508833,14180,1418
51762833,17016,1418
52004833,25524,1418
52277833,25524,1418
52638833,14180,1418
53058833,18434,1418
53366833,11344,1418
53674833,14180,1418
53929833,12762,1418
54171833,21270,1418
54404833,19852,1418
54719833,25524,1418
55053833,19852,1418
55460833,11344,1418
55799833,8508,1418
56054833,5672,1418
56295833,8508,1418
56531833,8508,1418
56765833,8508,1418
56997833,7090,1418
57228833,5672,1418
57458833,9926,1418
57688833,9926,1418
57924833,12762,1418
58156833,9926,1418
58397833,14180,1418
58631833,15598,1418
58873833,11344,1418
59129833,8508,1418
59370833,5672,1418
59605833,2836,1418
59838833,2836,1418
