timestamp,availableTxBuffer0,availableTxBuffer1
611833,246472,246472
611833,246472,246472
829833,246472,246472
1052833,249308,250726
1278833,245054,250726
1505833,239382,250726
1740833,236546,250726
2009833,236546,250726
2279833,229456,250726
2542833,223784,250726
2884833,228038,250726
3321833,236546,250726
3716833,239382,250726
3978833,235128,250726
4219833,232292,250726
4496833,225202,250726
4813833,229456,250726
5223833,232292,250726
5610833,237964,250726
5927833,245054,250726
6185833,247890,250726
6430833,250726,250726
6670833,247890,250726
6908833,246472,250726
7145833,246472,250726
7383833,243636,250726
7617833,246472,250726
7860833,247890,250726
8097833,245054,250726
8332833,245054,250726
8567833,243636,250726
8800833,245054,250726
9034833,243636,250726
9266833,242218,250726
9498833,243636,250726
9735833,245054,250726
9968833,243636,250726
10199833,242218,250726
10430833,236546,250726
10662833,235128,250726
10939833,235128,250726
11221833,235128,250726
11505833,230874,250726
11790833,232292,250726
12128833,222366,250726
12463833,215276,250726
12920833,232292,252144
13505833,236546,250726
13813833,237964,250726
14077833,242218,250726
14321833,245054,250726
14557833,243636,250726
14790833,245054,250726
15022833,242218,250726
15253833,247890,250726
15487833,243636,250726
15720833,242218,250726
15961833,245054,250726
16201833,245054,250726
16436833,246472,250726
16669833,247890,250726
16900833,247890,250726
17131833,247890,250726
17361833,243636,250726
17591833,245054,250726
17827833,245054,250726
18060833,245054,250726
18292833,246472,250726
18523833,246472,250726
18753833,246472,250726
18983833,247890,250726
19213833,245054,250726
19443833,245054,250726
19675833,247890,250726
19906833,249308,250726
20136833,249308,250726
20366833,246472,250726
20596833,245054,250726
20828833,246472,250726
21063833,247890,250726
21296833,249308,250726
21528833,249308,250726
21759833,249308,250726
21990833,249308,250726
22221833,247890,250726
22452833,243636,250726
22682833,239382,250726
22925833,240800,250726
23186833,236546,250726
23427833,225202,250726
23697833,218112,250726
24064833,198260,250726
24568833,201096,250726
25295833,202514,250726
26158833,211022,250726
26975833,222366,250726
27575833,233710,250726
28012833,239382,250726
28302833,240800,250726
28546833,240800,250726
28781833,240800,250726
29013833,242218,250726
29243833,242218,250726
29473833,239382,250726
29703833,233710,250726
29938833,237964,250726
30231833,243636,252144
30493833,245054,250726
30737833,243636,250726
30974833,246472,250726
31207833,245054,250726
31439833,245054,250726
31670833,245054,250726
31900833,243636,250726
32130833,239382,250726
32362833,242218,250726
32621833,243636,250726
32863833,247890,250726
33098833,247890,250726
33332833,246472,250726
33564833,246472,250726
33795833,242218,250726
34026833,242218,250726
34265833,240800,250726
34498833,237964,250726
34736833,243636,250726
34996833,237964,250726
35239833,242218,250726
35485833,246472,250726
35721833,247890,250726
35955833,249308,250726
36188833,247890,250726
36420833,246472,250726
36651833,246472,250726
36883833,249308,250726
37114833,250726,250726
37345833,249308,250726
37576833,249308,250726
37809833,246472,250726
38041833,249308,250726
38284833,245054,250726
38524833,246472,250726
38774833,247890,250726
39015833,246472,250726
39252833,240800,250726
39486833,239382,250726
39746833,236546,252144
39994833,240800,250726
40260833,235128,250726
40503833,235128,250726
40778833,236546,250726
41061833,239382,250726
41327833,239382,250726
41565833,233710,250726
41798833,233710,250726
42092833,230874,250726
42398833,232292,250726
42744833,233710,250726
43080833,230874,250726
43394833,235128,250726
43742833,239382,250726
44027833,239382,250726
44275833,230874,250726
44519833,229456,250726
44836833,222366,250726
45201833,195424,250726
45668833,186916,252144
46341833,182662,250726
47347833,192588,250726
48512833,216694,250726
49290833,230874,250726
49731833,236546,252144
50063833,240800,250726
50329833,243636,250726
50572833,242218,250726
50807833,245054,250726
51039833,240800,250726
51270833,237964,250726
51508833,237964,250726
51762833,235128,250726
52004833,226620,250726
52277833,226620,250726
52638833,237964,250726
53058833,233710,250726
53366833,240800,250726
53674833,237964,250726
53929833,239382,250726
54171833,230874,250726
54404833,232292,250726
54719833,226620,250726
55053833,232292,250726
55460833,240800,250726
55799833,243636,250726
56054833,246472,250726
56295833,243636,250726
56531833,243636,250726
56765833,243636,250726
56997833,245054,250726
57228833,246472,250726
57458833,242218,250726
57688833,242218,250726
57924833,239382,250726
58156833,242218,250726
58397833,237964,250726
58631833,236546,250726
58873833,240800,250726
59129833,243636,250726
59370833,246472,250726
59605833,249308,250726
59838833,249308,250726
