timestamp,lastAckedSeq,highTxMark,availableTxBuffer,nextTxSeq,totalCwnd,unAckMeta
611833,5673,17017,1158,17017,11344,11344
611833,5673,17017,1158,17017,7672,11344
829833,11345,22689,1158,22689,7672,11344
1052833,22689,26943,1158,26943,5326,4254
1278833,26943,35451,1158,35451,8608,8508
1505833,35451,49631,1158,49631,15444,14180
1740833,51049,68065,1158,68065,17346,17016
2009833,68065,85081,1158,85081,17116,17016
2279833,85081,109187,1158,109187,24949,24106
2542833,102097,131875,1158,131875,31095,29778
2884833,124785,151727,1158,151727,27017,26942
3321833,154563,171579,1158,171579,17479,17016
3716833,178669,192849,1158,192849,14531,14180
3978833,194267,212701,1158,212701,19135,18434
4219833,209865,231135,1158,231135,21509,21270
4496833,228299,258077,1158,258077,28578,29778
4813833,248151,273675,1158,273675,24389,25524
5223833,275093,297781,1158,297781,22014,22688
5610833,300617,316215,1158,316215,16229,15598
5927833,317633,326141,1158,326141,9484,8508
6185833,326141,331813,1158,331813,5789,5672
6430833,331813,334649,1158,334649,4226,2836
6670833,336067,341739,1158,341739,6837,5672
6908833,341739,348829,1158,348829,8321,7090
7145833,348829,355919,1158,355919,8212,7090
7383833,357337,367263,1158,367263,10360,9926
7617833,367263,374353,1158,374353,8427,7090
7860833,374353,380025,1158,380025,6835,5672
8097833,380025,388533,1158,388533,8884,8508
8332833,389951,398459,1158,398459,9540,8508
8567833,398459,408385,1158,408385,10189,9926
8800833,408385,416893,1158,416893,9239,8508
9034833,416893,426819,1158,426819,10035,9926
9266833,426819,438163,1158,438163,12034,11344
9498833,438163,448089,1158,448089,10091,9926
9735833,448089,456597,1158,456597,9326,8508
9968833,456597,466523,1158,466523,10730,9926
10199833,466523,477867,1158,477867,12260,11344
10430833,477867,494883,1158,494883,17611,17016
10662833,493465,511899,1158,511899,19293,18434
10939833,511899,530333,1158,530333,19859,18434
11221833,528915,547349,1158,547349,19888,18434
11505833,547349,571455,1158,571455,24136,24106
11790833,565783,588471,1158,588471,21910,22688
12128833,588471,619667,1158,619667,32340,31196
12463833,608323,649445,1158,649445,39771,41122
12920833,639519,662207,2576,662207,23706,22688
13505833,679223,696239,1158,696239,18364,17016
13813833,699075,714673,1158,714673,15780,15598
14077833,714673,726017,1158,726017,12256,11344
14321833,726017,734525,1158,734525,9869,8508
14557833,735943,745869,1158,745869,10681,9926
14790833,745869,754377,1158,754377,9407,8508
15022833,754377,765721,1158,765721,11463,11344
15253833,765721,771393,1158,771393,7126,5672
15487833,771393,781319,1158,781319,10149,9926
15720833,781319,792663,1158,792663,11887,11344
15961833,792663,801171,1158,801171,9531,8508
16201833,802589,811097,1158,811097,9583,8508
16436833,811097,818187,1158,818187,7190,7090
16669833,818187,823859,1158,823859,6890,5672
16900833,825277,830949,2576,830949,7806,5672
17131833,830949,836621,1158,836621,7156,5672
17361833,836621,846547,1158,846547,10776,9926
17591833,846547,855055,1158,855055,9547,8508
17827833,855055,863563,1158,863563,9527,8508
18060833,863563,872071,1158,872071,9502,8508
18292833,872071,879161,1158,879161,7819,7090
18523833,879161,886251,1158,886251,8435,7090
18753833,886251,893341,1158,893341,8534,7090
18983833,893341,899013,1158,899013,6091,5672
19213833,899013,907521,1158,907521,9007,8508
19443833,907521,916029,1158,916029,8727,8508
19675833,916029,921701,1158,921701,5892,5672
19906833,921701,925955,1158,925955,4362,4254
20136833,925955,930209,1158,930209,4947,4254
20366833,930209,937299,1158,937299,8089,7090
20596833,937299,945807,1158,945807,9653,8508
20828833,945807,952897,1158,952897,8025,7090
21063833,952897,958569,1158,958569,6203,5672
21296833,958569,962823,1158,962823,5712,4254
21528833,962823,967077,1158,967077,5280,4254
21759833,968495,972749,2576,972749,7081,4254
21990833,972749,977003,1158,977003,5640,4254
22221833,978421,984093,1158,984093,6784,5672
22452833,984093,994019,1158,994019,10594,9926
22682833,992601,1006781,1158,1006781,14788,14180
22925833,1006781,1019543,1158,1019543,13495,12762
23186833,1022379,1039395,1158,1039395,17796,17016
23427833,1037977,1066337,1158,1066337,29506,28360
23697833,1053575,1090443,1158,1090443,36242,36868
24064833,1077681,1134401,1158,1134401,55536,56720
24568833,1108877,1165597,1158,1165597,53475,56720
25295833,1155671,1210973,1158,1210973,51826,55302
26158833,1212391,1257767,1158,1257767,43962,45376
26975833,1267693,1301725,2576,1301725,32862,34032
27575833,1308815,1328667,1158,1328667,20333,19852
28012833,1335757,1349937,1158,1349937,15528,14180
28302833,1352773,1365535,1158,1365535,13875,12762
28546833,1365535,1378297,1158,1378297,13819,12762
28781833,1378297,1391059,1158,1391059,13172,12762
29013833,1391059,1402403,1158,1402403,12836,11344
29243833,1402403,1413747,1158,1413747,11771,11344
29473833,1413747,1427927,1158,1427927,15262,14180
29703833,1427927,1447779,1158,1447779,20435,19852
29938833,1443525,1459123,1158,1459123,16667,15598
30231833,1460541,1469049,2576,1469049,10673,8508
30493833,1470467,1478975,1158,1478975,9954,8508
30737833,1480393,1490319,1158,1490319,10113,9926
30974833,1490319,1497409,1158,1497409,7590,7090
31207833,1497409,1505917,1158,1505917,9015,8508
31439833,1505917,1514425,1158,1514425,8974,8508
31670833,1514425,1522933,1158,1522933,8952,8508
31900833,1522933,1532859,1158,1532859,11349,9926
32130833,1532859,1547039,1158,1547039,14466,14180
32362833,1547039,1558383,1158,1558383,12595,11344
32621833,1558383,1568309,1158,1568309,10993,9926
32863833,1568309,1573981,1158,1573981,6506,5672
33098833,1573981,1579653,1158,1579653,6630,5672
33332833,1581071,1588161,1158,1588161,7518,7090
33564833,1588161,1595251,1158,1595251,7329,7090
33795833,1595251,1606595,1158,1606595,11976,11344
34026833,1606595,1617939,1158,1617939,11682,11344
34265833,1617939,1630701,1158,1630701,13078,12762
34498833,1630701,1646299,1158,1646299,16665,15598
34736833,1646299,1656225,1158,1656225,10979,9926
34996833,1657643,1673241,1158,1673241,16958,15598
35239833,1673241,1684585,1158,1684585,11902,11344
35485833,1684585,1691675,1158,1691675,8333,7090
35721833,1691675,1697347,1158,1697347,6904,5672
35955833,1697347,1701601,1158,1701601,5197,4254
36188833,1703019,1708691,1158,1708691,6539,5672
36420833,1708691,1715781,1158,1715781,8449,7090
36651833,1715781,1722871,1158,1722871,7429,7090
36883833,1722871,1727125,1158,1727125,5558,4254
37114833,1727125,1729961,1158,1729961,4077,2836
37345833,1729961,1734215,1158,1734215,5007,4254
37576833,1734215,1738469,1158,1738469,5750,4254
37809833,1738469,1745559,1158,1745559,7966,7090
38041833,1745559,1749813,1158,1749813,5377,4254
38284833,1749813,1758321,1158,1758321,8775,8508
38524833,1758321,1765411,1158,1765411,8028,7090
38774833,1765411,1771083,1158,1771083,6982,5672
39015833,1772501,1779591,1158,1779591,8485,7090
39252833,1779591,1792353,1158,1792353,13073,12762
39486833,1792353,1806533,1158,1806533,14784,14180
39746833,1807951,1824967,1158,1824967,17897,17016
39994833,1826385,1839147,1158,1839147,14098,12762
40260833,1840565,1858999,1158,1858999,18947,18434
40503833,1854745,1874597,1158,1874597,18568,19852
40778833,1874597,1891613,1158,1891613,17569,17016
41061833,1891613,1905793,1158,1905793,14907,14180
41327833,1908629,1922809,1158,1922809,14822,14180
41565833,1922809,1942661,1158,1942661,20127,19852
41798833,1938407,1958259,1158,1958259,21147,19852
42092833,1956841,1979529,1158,1979529,23443,22688
42398833,1976693,1999381,1158,1999381,22251,22688
42744833,1999381,2019233,1158,2019233,20793,19852
43080833,2020651,2044757,1158,2044757,23502,24106
43394833,2040503,2060355,1158,2060355,18648,19852
43742833,2063191,2077371,1158,2077371,15457,14180
44027833,2083043,2097223,3994,2097223,15802,14180
44275833,2098641,2121329,1158,2121329,22787,22688
44519833,2112821,2138345,1158,2138345,25325,25524
44836833,2132673,2165287,1158,2165287,31506,32614
45201833,2156779,2217753,1158,2217753,58543,60974
45668833,2185139,2254621,1158,2254621,66860,69482
46341833,2227679,2302833,1158,2302833,72190,75154
47347833,2294325,2360971,1158,2360971,62019,66646
48512833,2372315,2410601,1158,2410601,38113,38286
49290833,2424781,2448887,1158,2448887,23625,24106
49731833,2453141,2470157,1158,2470157,17959,17016
50063833,2474411,2487173,1158,2487173,13914,12762
50329833,2487173,2497099,1158,2497099,11306,9926
50572833,2498517,2509861,1158,2509861,12755,11344
50807833,2509861,2518369,1158,2518369,9819,8508
51039833,2518369,2531131,1158,2531131,14212,12762
51270833,2531131,2546729,1158,2546729,16219,15598
51508833,2546729,2562327,1158,2562327,15690,15598
51762833,2563745,2582179,1158,2582179,19635,18434
52004833,2579343,2606285,1158,2606285,28059,26942
52277833,2594941,2623301,1158,2623301,27654,28360
52638833,2620465,2637481,2576,2637481,17818,17016
53058833,2647407,2668677,1158,2668677,20407,21270
53366833,2668677,2681439,1158,2681439,14255,12762
53674833,2685693,2701291,1158,2701291,15982,15598
53929833,2701291,2715471,1158,2715471,14980,14180
54171833,2716889,2739577,1158,2739577,23733,22688
54404833,2732487,2753757,1158,2753757,21688,21270
54719833,2752339,2780699,1158,2780699,27068,28360
55053833,2773609,2796297,1158,2796297,21613,22688
55460833,2799133,2811895,1158,2811895,13163,12762
55799833,2816149,2826075,1158,2826075,11057,9926
56054833,2826075,2833165,1158,2833165,8514,7090
56295833,2834583,2844509,1158,2844509,10077,9926
56531833,2844509,2854435,1158,2854435,10424,9926
56765833,2854435,2864361,1158,2864361,10645,9926
56997833,2864361,2872869,1158,2872869,9757,8508
57228833,2872869,2879959,1158,2879959,8407,7090
57458833,2879959,2891303,1158,2891303,11861,11344
57688833,2891303,2902647,1158,2902647,11523,11344
57924833,2902647,2916827,1158,2916827,14355,14180
58156833,2916827,2928171,1158,2928171,11967,11344
58397833,2929589,2945187,1158,2945187,16345,15598
58631833,2945187,2962203,1158,2962203,17391,17016
58873833,2960785,2973547,1158,2973547,13488,12762
59129833,2973547,2983473,1158,2983473,10424,9926
59370833,2983473,2990563,1158,2990563,7637,7090
59605833,2991981,2996235,1158,2996235,5385,4254
59838833,2996235,3000489,1158,3000489,5080,4254
