timestamp,rtt0,rtt1
611833,218,184
611833,218,184
829833,223,184
1052833,246,219
1298833,241,221
1539833,235,222
1774833,298,223
2072833,404,224
2476833,506,225
2982833,501,226
3483833,566,227
4049833,428,228
4477833,428,228
4905833,319,229
5224833,311,229
5535833,348,229
5883833,375,229
6258833,400,229
6658833,445,229
7103833,415,230
7518833,604,230
8122833,430,230
8552833,389,230
8941833,296,230
9237833,306,230
9543833,262,230
9805833,280,230
10085833,389,230
10474833,356,230
10830833,322,230
11152833,370,230
11522833,301,230
11823833,328,230
12151833,276,230
12427833,264,230
12691833,280,230
12971833,245,230
13216833,235,230
13451833,232,230
13683833,243,230
13926833,234,230
14160833,263,230
14423833,261,230
14684833,314,230
14998833,418,230
15416833,311,230
15727833,262,230
15989833,241,230
16230833,234,230
16464833,232,230
16696833,231,230
16927833,231,230
17158833,230,230
17388833,232,230
17620833,231,230
17851833,238,230
18089833,254,230
18343833,251,230
18594833,236,230
18830833,254,230
19084833,333,230
19417833,276,230
19693833,244,230
19937833,235,230
20172833,280,230
20452833,249,230
20701833,237,230
20938833,233,230
21171833,231,230
21402833,231,230
21633833,234,230
21867833,232,230
22099833,264,230
22363833,261,230
22624833,296,230
22920833,421,230
23341833,528,230
23869833,290,230
24159833,269,230
24428833,240,230
24668833,234,230
24902833,241,230
25143833,246,230
25389833,257,230
25646833,260,230
25906833,243,230
26149833,244,230
26393833,239,230
26632833,316,230
26948833,333,230
27281833,274,230
27555833,264,230
27819833,262,230
28081833,241,230
28322833,234,230
28556833,239,230
28795833,233,230
29028833,315,230
29343833,417,230
29760833,583,230
30343833,411,230
30754833,334,230
31088833,261,230
31349833,261,230
31610833,312,230
31922833,259,230
32181833,244,230
32425833,256,230
32681833,260,230
32941833,241,230
33182833,239,230
33421833,300,230
33721833,343,230
34064833,391,230
34455833,383,230
34838833,402,230
35240833,299,230
35539833,288,230
35827833,256,230
36083833,242,230
36325833,237,230
36562833,234,230
36796833,232,230
37028833,231,230
37259833,231,230
37490833,317,230
37807833,265,230
38072833,262,230
38334833,240,230
38574833,234,230
38808833,232,230
39040833,231,230
39271833,230,230
39501833,261,230
39762833,247,230
40009833,316,230
40325833,375,230
40700833,382,230
41082833,360,230
41442833,357,230
41799833,320,230
42119833,330,230
42449833,389,230
42838833,351,230
43189833,265,230
43454833,240,230
43694833,234,230
43928833,243,230
44171833,235,230
44406833,294,230
44700833,339,230
45039833,354,230
45393833,483,230
45876833,540,230
46416833,428,230
46844833,368,230
47212833,298,230
47510833,246,230
47756833,237,230
47993833,238,230
48231833,332,230
48563833,428,230
48991833,314,230
49305833,268,230
49573833,242,230
49815833,234,230
50049833,232,230
50281833,231,230
50512833,234,230
50746833,231,230
50977833,230,230
51207833,280,230
51487833,342,230
51829833,407,230
52236833,406,230
52642833,486,230
53128833,732,230
53860833,1047,230
54907833,1099,230
56006833,542,230
56548833,519,230
57067833,461,230
57528833,386,230
57914833,294,230
58208833,252,230
58460833,240,230
58700833,235,230
58935833,232,230
59167833,250,230
59417833,238,230
59655833,234,230
59889833,232,230
