timestamp,unAck0,unAck1
611833,5672,5672
611833,5672,5672
829833,9926,5672
1052833,9926,1418
1298833,11344,1418
1539833,17016,1418
1774833,29778,1418
2072833,31196,1418
2476833,29778,1418
2982833,34032,1418
3483833,24106,1418
4049833,25524,1418
4477833,18434,1418
4905833,17016,1418
5224833,21270,1418
5535833,22688,1418
5883833,24106,1418
6258833,26942,1418
6658833,24106,1418
7103833,38286,1418
7518833,22688,1418
8122833,24106,1418
8552833,15598,1418
8941833,18434,1418
9237833,14180,1418
9543833,17016,1418
9805833,26942,1418
10085833,19852,1418
10474833,18434,1418
10830833,22688,1418
11152833,12762,1418
11522833,19852,1418
11823833,11344,1418
12151833,15598,1418
12427833,17016,1418
12691833,12762,1418
12971833,11344,1418
13216833,9926,1418
13451833,12762,1418
13683833,12762,1418
13926833,15598,1418
14160833,15598,1418
14423833,19852,1418
14684833,28360,1418
14998833,15598,1418
15416833,15598,1418
15727833,11344,1418
15989833,9926,1418
16230833,9926,1418
16464833,4254,1418
16696833,4254,1418
16927833,4254,1418
17158833,5672,1418
17388833,7090,1418
17620833,9926,1418
17851833,12762,1418
18089833,14180,1418
18343833,12762,1418
18594833,15598,1418
18830833,22688,1418
19084833,14180,1418
19417833,12762,1418
19693833,9926,1418
19937833,15598,1418
20172833,9926,1418
20452833,9926,1418
20701833,11344,1418
20938833,7090,1418
21171833,7090,1418
21402833,11344,1418
21633833,9926,1418
21867833,15598,1418
22099833,15598,1418
22363833,18434,1418
22624833,31196,1418
22920833,32614,1418
23341833,15598,1418
23869833,14180,1418
24159833,11344,1418
24428833,9926,1418
24668833,12762,1418
24902833,14180,1418
25143833,15598,1418
25389833,15598,1418
25646833,8508,1418
25906833,14180,1418
26149833,12762,1418
26393833,21270,1418
26632833,19852,1418
26948833,15598,1418
27281833,15598,1418
27555833,15598,1418
27819833,9926,1418
28081833,11344,1418
28322833,14180,1418
28556833,11344,1418
28795833,21270,1418
29028833,29778,1418
29343833,41122,1418
29760833,21270,1418
30343833,21270,1418
30754833,14180,1418
31088833,15598,1418
31349833,19852,1418
31610833,14180,1418
31922833,14180,1418
32181833,15598,1418
32425833,15598,1418
32681833,11344,1418
32941833,14180,1418
33182833,19852,1418
33421833,21270,1418
33721833,24106,1418
34064833,22688,1418
34455833,24106,1418
34838833,17016,1418
35240833,17016,1418
35539833,7090,1418
35827833,8508,1418
36083833,5672,1418
36325833,5672,1418
36562833,5672,1418
36796833,4254,1418
37028833,5672,1418
37259833,17016,1418
37490833,14180,1418
37807833,14180,1418
38072833,12762,1418
38334833,9926,1418
38574833,8508,1418
38808833,9926,1418
39040833,9926,1418
39271833,14180,1418
39501833,7090,1418
39762833,17016,1418
40009833,24106,1418
40325833,22688,1418
40700833,21270,1418
41082833,21270,1418
41442833,18434,1418
41799833,19852,1418
42119833,24106,1418
42449833,21270,1418
42838833,15598,1418
43189833,12762,1418
43454833,8508,1418
43694833,12762,1418
43928833,11344,1418
44171833,18434,1418
44406833,21270,1418
44700833,21270,1418
45039833,31196,1418
45393833,32614,1418
45876833,26942,1418
46416833,21270,1418
46844833,18434,0
47212833,12762,1418
47510833,11344,1418
47756833,11344,1418
47993833,22688,1418
48231833,28360,1418
48563833,18434,1418
48991833,15598,1418
49305833,12762,1418
49573833,11344,1418
49815833,8508,1418
50049833,9926,1418
50281833,11344,1418
50512833,11344,1418
50746833,8508,1418
50977833,15598,1418
51207833,22688,1418
51487833,25524,1418
51829833,24106,1418
52236833,29778,1418
52642833,51048,1418
53128833,69482,1418
53860833,65228,1418
54907833,41122,0
56006833,31196,1418
56548833,28360,1418
57067833,24106,1418
57528833,18434,1418
57914833,14180,1418
58208833,8508,1418
58460833,8508,1418
58700833,7090,1418
58935833,11344,1418
59167833,9926,1418
59417833,8508,0
59655833,8508,1418
59889833,11344,1418
