timestamp,availableTxBuffer0,availableTxBuffer1
611833,246472,246472
611833,246472,246472
829833,242218,246472
1052833,242218,250726
1298833,240800,250726
1539833,235128,250726
1774833,222366,250726
2072833,220948,250726
2476833,222366,250726
2982833,218112,250726
3483833,228038,250726
4049833,226620,250726
4477833,233710,250726
4905833,235128,250726
5224833,230874,250726
5535833,229456,250726
5883833,228038,250726
6258833,225202,250726
6658833,228038,250726
7103833,213858,250726
7518833,229456,250726
8122833,228038,250726
8552833,236546,250726
8941833,233710,250726
9237833,237964,250726
9543833,235128,250726
9805833,225202,250726
10085833,232292,250726
10474833,233710,250726
10830833,229456,250726
11152833,239382,250726
11522833,232292,250726
11823833,240800,250726
12151833,236546,250726
12427833,235128,250726
12691833,239382,250726
12971833,240800,250726
13216833,242218,250726
13451833,239382,250726
13683833,239382,250726
13926833,236546,250726
14160833,236546,250726
14423833,232292,250726
14684833,223784,250726
14998833,236546,250726
15416833,236546,250726
15727833,240800,250726
15989833,242218,250726
16230833,242218,250726
16464833,247890,250726
16696833,247890,250726
16927833,247890,250726
17158833,246472,250726
17388833,245054,250726
17620833,242218,250726
17851833,239382,250726
18089833,237964,250726
18343833,239382,250726
18594833,236546,250726
18830833,229456,250726
19084833,237964,250726
19417833,239382,250726
19693833,242218,250726
19937833,236546,250726
20172833,242218,250726
20452833,242218,250726
20701833,240800,250726
20938833,245054,250726
21171833,245054,250726
21402833,240800,250726
21633833,242218,250726
21867833,236546,250726
22099833,236546,250726
22363833,233710,250726
22624833,220948,250726
22920833,219530,250726
23341833,236546,250726
23869833,237964,250726
24159833,240800,250726
24428833,242218,250726
24668833,239382,250726
24902833,237964,250726
25143833,236546,250726
25389833,236546,250726
25646833,243636,250726
25906833,237964,250726
26149833,239382,250726
26393833,230874,250726
26632833,232292,250726
26948833,236546,250726
27281833,236546,250726
27555833,236546,250726
27819833,242218,250726
28081833,240800,250726
28322833,237964,250726
28556833,240800,250726
28795833,230874,250726
29028833,222366,250726
29343833,211022,250726
29760833,230874,250726
30343833,230874,250726
30754833,237964,250726
31088833,236546,250726
31349833,232292,250726
31610833,237964,250726
31922833,237964,250726
32181833,236546,250726
32425833,236546,250726
32681833,240800,250726
32941833,237964,250726
33182833,232292,250726
33421833,230874,250726
33721833,228038,250726
34064833,229456,250726
34455833,228038,250726
34838833,235128,250726
35240833,235128,250726
35539833,245054,250726
35827833,243636,250726
36083833,246472,250726
36325833,246472,250726
36562833,246472,250726
36796833,247890,250726
37028833,246472,250726
37259833,235128,250726
37490833,237964,250726
37807833,237964,250726
38072833,239382,250726
38334833,242218,250726
38574833,243636,250726
38808833,242218,250726
39040833,242218,250726
39271833,237964,250726
39501833,245054,250726
39762833,235128,250726
40009833,228038,250726
40325833,229456,250726
40700833,230874,250726
41082833,230874,250726
41442833,233710,250726
41799833,232292,250726
42119833,228038,250726
42449833,230874,250726
42838833,236546,250726
43189833,239382,250726
43454833,243636,250726
43694833,239382,250726
43928833,240800,250726
44171833,233710,250726
44406833,230874,250726
44700833,230874,250726
45039833,220948,250726
45393833,219530,250726
45876833,225202,250726
46416833,230874,250726
46844833,233710,252144
47212833,239382,250726
47510833,240800,250726
47756833,240800,250726
47993833,229456,250726
48231833,223784,250726
48563833,233710,250726
48991833,236546,250726
49305833,239382,250726
49573833,240800,250726
49815833,243636,250726
50049833,242218,250726
50281833,240800,250726
50512833,240800,250726
50746833,243636,250726
50977833,236546,250726
51207833,229456,250726
51487833,226620,250726
51829833,228038,250726
52236833,222366,250726
52642833,201096,250726
53128833,182662,250726
53860833,186916,250726
54907833,211022,252144
56006833,220948,250726
56548833,223784,250726
57067833,228038,250726
57528833,233710,250726
57914833,237964,250726
58208833,243636,250726
58460833,243636,250726
58700833,245054,250726
58935833,240800,250726
59167833,242218,250726
59417833,243636,252144
59655833,243636,250726
59889833,240800,250726
