timestamp,rWnd0,rWnd1
611833,1073725440,1073725440
611833,1073725440,1073725440
829833,1073725440,1073725440
1052833,1073725440,1073725440
1298833,1073725440,1073725440
1539833,1073725440,1073725440
1774833,1073725440,1073725440
2072833,1073725440,1073725440
2476833,1073725440,1073725440
2982833,1073725440,1073725440
3483833,1073725440,1073725440
4049833,1073725440,1073725440
4477833,1073725440,1073725440
4905833,1073725440,1073725440
5224833,1073725440,1073725440
5535833,1073725440,1073725440
5883833,1073725440,1073725440
6258833,1073725440,1073725440
6658833,1073725440,1073725440
7103833,1073725440,1073725440
7518833,1073725440,1073725440
8122833,1073725440,1073725440
8552833,1073725440,1073725440
8941833,1073725440,1073725440
9237833,1073725440,1073725440
9543833,1073725440,1073725440
9805833,1073725440,1073725440
10085833,1073725440,1073725440
10474833,1073725440,1073725440
10830833,1073725440,1073725440
11152833,1073725440,1073725440
11522833,1073725440,1073725440
11823833,1073725440,1073725440
12151833,1073725440,1073725440
12427833,1073725440,1073725440
12691833,1073725440,1073725440
12971833,1073725440,1073725440
13216833,1073725440,1073725440
13451833,1073725440,1073725440
13683833,1073725440,1073725440
13926833,1073725440,1073725440
14160833,1073725440,1073725440
14423833,1073725440,1073725440
14684833,1073725440,1073725440
14998833,1073725440,1073725440
15416833,1073725440,1073725440
15727833,1073725440,1073725440
15989833,1073725440,1073725440
16230833,1073725440,1073725440
16464833,1073725440,1073725440
16696833,1073725440,1073725440
16927833,1073725440,1073725440
17158833,1073725440,1073725440
17388833,1073725440,1073725440
17620833,1073725440,1073725440
17851833,1073725440,1073725440
18089833,1073725440,1073725440
18343833,1073725440,1073725440
18594833,1073725440,1073725440
18830833,1073725440,1073725440
19084833,1073725440,1073725440
19417833,1073725440,1073725440
19693833,1073725440,1073725440
19937833,1073725440,1073725440
20172833,1073725440,1073725440
20452833,1073725440,1073725440
20701833,1073725440,1073725440
20938833,1073725440,1073725440
21171833,1073725440,1073725440
21402833,1073725440,1073725440
21633833,1073725440,1073725440
21867833,1073725440,1073725440
22099833,1073725440,1073725440
22363833,1073725440,1073725440
22624833,1073725440,1073725440
22920833,1073725440,1073725440
23341833,1073725440,1073725440
23869833,1073725440,1073725440
24159833,1073725440,1073725440
24428833,1073725440,1073725440
24668833,1073725440,1073725440
24902833,1073725440,1073725440
25143833,1073725440,1073725440
25389833,1073725440,1073725440
25646833,1073725440,1073725440
25906833,1073725440,1073725440
26149833,1073725440,1073725440
26393833,1073725440,1073725440
26632833,1073725440,1073725440
26948833,1073725440,1073725440
27281833,1073725440,1073725440
27555833,1073725440,1073725440
27819833,1073725440,1073725440
28081833,1073725440,1073725440
28322833,1073725440,1073725440
28556833,1073725440,1073725440
28795833,1073725440,1073725440
29028833,1073725440,1073725440
29343833,1073725440,1073725440
29760833,1073725440,1073725440
30343833,1073725440,1073725440
30754833,1073725440,1073725440
31088833,1073725440,1073725440
31349833,1073725440,1073725440
31610833,1073725440,1073725440
31922833,1073725440,1073725440
32181833,1073725440,1073725440
32425833,1073725440,1073725440
32681833,1073725440,1073725440
32941833,1073725440,1073725440
33182833,1073725440,1073725440
33421833,1073725440,1073725440
33721833,1073725440,1073725440
34064833,1073725440,1073725440
34455833,1073725440,1073725440
34838833,1073725440,1073725440
35240833,1073725440,1073725440
35539833,1073725440,1073725440
35827833,1073725440,1073725440
36083833,1073725440,1073725440
36325833,1073725440,1073725440
36562833,1073725440,1073725440
36796833,1073725440,1073725440
37028833,1073725440,1073725440
37259833,1073725440,1073725440
37490833,1073725440,1073725440
37807833,1073725440,1073725440
38072833,1073725440,1073725440
38334833,1073725440,1073725440
38574833,1073725440,1073725440
38808833,1073725440,1073725440
39040833,1073725440,1073725440
39271833,1073725440,1073725440
39501833,1073725440,1073725440
39762833,1073725440,1073725440
40009833,1073725440,1073725440
40325833,1073725440,1073725440
40700833,1073725440,1073725440
41082833,1073725440,1073725440
41442833,1073725440,1073725440
41799833,1073725440,1073725440
42119833,1073725440,1073725440
42449833,1073725440,1073725440
42838833,1073725440,1073725440
43189833,1073725440,1073725440
43454833,1073725440,1073725440
43694833,1073725440,1073725440
43928833,1073725440,1073725440
44171833,1073725440,1073725440
44406833,1073725440,1073725440
44700833,1073725440,1073725440
45039833,1073725440,1073725440
45393833,1073725440,1073725440
45876833,1073725440,1073725440
46416833,1073725440,1073725440
46844833,1073725440,1073725440
47212833,1073725440,1073725440
47510833,1073725440,1073725440
47756833,1073725440,1073725440
47993833,1073725440,1073725440
48231833,1073725440,1073725440
48563833,1073725440,1073725440
48991833,1073725440,1073725440
49305833,1073725440,1073725440
49573833,1073725440,1073725440
49815833,1073725440,1073725440
50049833,1073725440,1073725440
50281833,1073725440,1073725440
50512833,1073725440,1073725440
50746833,1073725440,1073725440
50977833,1073725440,1073725440
51207833,1073725440,1073725440
51487833,1073725440,1073725440
51829833,1073725440,1073725440
52236833,1073725440,1073725440
52642833,1073725440,1073725440
53128833,1073725440,1073725440
53860833,1073725440,1073725440
54907833,1073725440,1073725440
56006833,1073725440,1073725440
56548833,1073725440,1073725440
57067833,1073725440,1073725440
57528833,1073725440,1073725440
57914833,1073725440,1073725440
58208833,1073725440,1073725440
58460833,1073725440,1073725440
58700833,1073725440,1073725440
58935833,1073725440,1073725440
59167833,1073725440,1073725440
59417833,1073725440,1073725440
59655833,1073725440,1073725440
59889833,1073725440,1073725440
