timestamp,cWnd0,cWnd1
611833,5672,5672
611833,10243,1500
829833,10243,1500
1052833,10432,1500
1298833,12263,1500
1539833,19345,1500
1774833,31073,1500
2072833,31350,1500
2476833,30723,1500
2982833,34240,1500
3483833,25205,1500
4049833,26658,1500
4477833,18994,1500
4905833,18435,1500
5224833,22515,1500
5535833,22695,1500
5883833,24726,1500
6258833,27690,1500
6658833,25207,1500
7103833,38459,1500
7518833,23460,1500
8122833,25288,1500
8552833,16449,1500
8941833,18919,1500
9237833,15271,1500
9543833,17033,1500
9805833,27216,1500
10085833,21259,1500
10474833,19489,1500
10830833,23427,1500
11152833,12763,1500
11522833,19944,1500
11823833,12103,1500
12151833,15788,1500
12427833,17685,1500
12691833,13141,1500
12971833,12106,1500
13216833,11258,1500
13451833,13722,1500
13683833,14139,1500
13926833,16039,1500
14160833,15665,1500
14423833,20266,1500
14684833,29185,1500
14998833,16907,1500
15416833,16348,1500
15727833,13980,1500
15989833,10762,1500
16230833,11232,1500
16464833,5333,1500
16696833,5267,1500
16927833,5888,1500
17158833,7873,1500
17388833,7918,1500
17620833,10543,1500
17851833,13067,1500
18089833,15206,1500
18343833,12964,1500
18594833,15819,1500
18830833,23610,1500
19084833,14633,1500
19417833,12850,1500
19693833,10803,1500
19937833,15986,1500
20172833,10686,1500
20452833,10194,1500
20701833,11572,1500
20938833,8499,1500
21171833,8280,1500
21402833,11634,1500
21633833,10069,1500
21867833,16907,1500
22099833,15720,1500
22363833,19394,1500
22624833,31367,1500
22920833,32689,1500
23341833,16303,1500
23869833,16327,1500
24159833,11643,1500
24428833,11705,1500
24668833,13705,1500
24902833,14708,1500
25143833,15709,1500
25389833,16215,1500
25646833,9179,1500
25906833,14586,1500
26149833,14668,1500
26393833,22561,1500
26632833,20439,1500
26948833,16419,1500
27281833,15796,1500
27555833,16250,1500
27819833,10553,1500
28081833,11476,1500
28322833,15504,1500
28556833,12448,1500
28795833,22087,1500
29028833,30676,1500
29343833,41890,1500
29760833,22651,1500
30343833,21279,1500
30754833,15095,1500
31088833,15835,1500
31349833,20050,1500
31610833,15156,1500
31922833,15475,1500
32181833,16974,1500
32425833,16080,1500
32681833,12209,1500
32941833,14928,1500
33182833,20361,1500
33421833,22170,1500
33721833,24673,1500
34064833,22958,1500
34455833,25342,1500
34838833,17088,1500
35240833,18017,1500
35539833,7748,1500
35827833,8614,1500
36083833,6892,1500
36325833,5841,1500
36562833,6113,1500
36796833,4868,1500
37028833,6193,1500
37259833,17069,1500
37490833,15183,1500
37807833,15988,1500
38072833,13051,1500
38334833,10891,1500
38574833,9218,1500
38808833,10185,1500
39040833,10842,1500
39271833,14801,1500
39501833,7821,1500
39762833,18464,1500
40009833,24439,1500
40325833,23672,1500
40700833,21458,1500
41082833,21923,1500
41442833,19770,1500
41799833,20569,1500
42119833,25228,1500
42449833,22487,1500
42838833,16298,1500
43189833,13109,1500
43454833,9635,1500
43694833,13576,1500
43928833,12109,1500
44171833,19348,1500
44406833,22274,1500
44700833,21389,1500
45039833,31611,1500
45393833,33868,1500
45876833,28175,1500
46416833,23487,1500
46844833,18909,1500
47212833,13655,1500
47510833,12262,1500
47756833,13626,1500
47993833,22785,1500
48231833,28710,1500
48563833,18502,1500
48991833,16858,1500
49305833,12926,1500
49573833,12494,1500
49815833,9658,1500
50049833,11329,1500
50281833,12464,1500
50512833,12732,1500
50746833,9396,1500
50977833,16915,1500
51207833,22741,1500
51487833,25946,1500
51829833,25029,1500
52236833,31042,1500
52642833,51105,1500
53128833,70759,1500
53860833,65661,1500
54907833,41874,1500
56006833,32200,1500
56548833,28876,1500
57067833,24259,1500
57528833,18608,1500
57914833,15346,1500
58208833,9700,1500
58460833,8684,1500
58700833,7555,1500
58935833,12159,1500
59167833,9966,1500
59417833,9833,1500
59655833,8546,1500
59889833,11869,1500
