timestamp,lastAckedSeq,highTxMark,availableTxBuffer,nextTxSeq,totalCwnd,unAckMeta
611833,5673,17017,1158,17017,11344,11344
611833,5673,17017,1158,17017,11743,11344
829833,11345,26943,1158,26943,11743,15598
1052833,26943,38287,1158,38287,11932,11344
1298833,39705,52467,1158,52467,13763,12762
1539833,53885,72319,2576,72319,20845,18434
1774833,68065,99261,1158,99261,32573,31196
2072833,86499,120531,1158,120531,32850,34032
2476833,113441,146055,1158,146055,32223,32614
2982833,146055,182923,1158,182923,35740,36868
3483833,178669,205611,1158,205611,26705,26942
4049833,216955,245315,1158,245315,28158,28360
4477833,245315,266585,1158,266585,20494,21270
4905833,273675,292109,2576,292109,19935,18434
5224833,293527,317633,1158,317633,24015,24106
5535833,313379,338903,1158,338903,24195,25524
5883833,337485,363009,1158,363009,26226,25524
6258833,360173,389951,1158,389951,29190,29778
6658833,387115,414057,1158,414057,26707,26942
7103833,416893,458015,1158,458015,39959,41122
7518833,442417,467941,1158,467941,24960,25524
8122833,482121,509063,1158,509063,26788,26942
8552833,510481,528915,1158,528915,17949,18434
8941833,537423,557275,1158,557275,20419,19852
9237833,555857,571455,1158,571455,16771,15598
9543833,577127,595561,1158,595561,18533,18434
9805833,594143,622503,1158,622503,28716,28360
10085833,611159,633847,1158,633847,22759,22688
10474833,636683,657953,1158,657953,20989,21270
10830833,660789,684895,1158,684895,24927,24106
11152833,680641,694821,1158,694821,14263,14180
11522833,704747,726017,1158,726017,21444,21270
11823833,724599,737361,1158,737361,13603,12762
12151833,744451,761467,2576,761467,17288,17016
12427833,761467,779901,1158,779901,19185,18434
12691833,778483,792663,1158,792663,14641,14180
12971833,794081,806843,1158,806843,13606,12762
13216833,806843,818187,1158,818187,12758,11344
13451833,818187,832367,1158,832367,15222,14180
13683833,832367,846547,1158,846547,15639,14180
13926833,847965,864981,1158,864981,17539,17016
14160833,863563,880579,1158,880579,17165,17016
14423833,880579,901849,1158,901849,21766,21270
14684833,897595,927373,1158,927373,30685,29778
14998833,917447,935881,1158,935881,18407,18434
15416833,944389,961405,1158,961405,17848,17016
15727833,965659,978421,2576,978421,15480,12762
15989833,978421,989765,1158,989765,12262,11344
16230833,989765,1001109,1158,1001109,12732,11344
16464833,1001109,1006781,1158,1006781,6833,5672
16696833,1006781,1012453,1158,1012453,6767,5672
16927833,1013871,1019543,2576,1019543,7388,5672
17158833,1020961,1028051,2576,1028051,9373,7090
17388833,1028051,1036559,1158,1036559,9418,8508
17620833,1037977,1049321,1158,1049321,12043,11344
17851833,1049321,1063501,1158,1063501,14567,14180
18089833,1063501,1079099,1158,1079099,16706,15598
18343833,1079099,1093279,1158,1093279,14464,14180
18594833,1094697,1111713,1158,1111713,17319,17016
18830833,1110295,1134401,1158,1134401,25110,24106
19084833,1127311,1142909,1158,1142909,16133,15598
19417833,1148581,1162761,1158,1162761,14350,14180
19693833,1162761,1174105,1158,1174105,12303,11344
19937833,1175523,1192539,1158,1192539,17486,17016
20172833,1191121,1202465,1158,1202465,12186,11344
20452833,1203883,1215227,1158,1215227,11694,11344
20701833,1216645,1229407,1158,1229407,13072,12762
20938833,1229407,1237915,1158,1237915,9999,8508
21171833,1237915,1246423,1158,1246423,9780,8508
21402833,1247841,1260603,1158,1260603,13134,12762
21633833,1260603,1271947,1158,1271947,11569,11344
21867833,1271947,1288963,1158,1288963,18407,17016
22099833,1286127,1303143,1158,1303143,17220,17016
22363833,1303143,1322995,1158,1322995,20894,19852
22624833,1320159,1352773,1158,1352773,32867,32614
22920833,1338593,1374043,1158,1374043,34189,35450
23341833,1365535,1383969,1158,1383969,17803,18434
23869833,1402403,1418001,2576,1418001,17827,15598
24159833,1419419,1432181,1158,1432181,13143,12762
24428833,1435017,1446361,2576,1446361,13205,11344
24668833,1447779,1461959,1158,1461959,15205,14180
24902833,1461959,1477557,1158,1477557,16208,15598
25143833,1477557,1494573,1158,1494573,17209,17016
25389833,1493155,1510171,1158,1510171,17715,17016
25646833,1510171,1520097,1158,1520097,10679,9926
25906833,1521515,1537113,1158,1537113,16086,15598
26149833,1538531,1552711,2576,1552711,16168,14180
26393833,1554129,1576817,1158,1576817,24061,22688
26632833,1569727,1590997,1158,1590997,21939,21270
26948833,1589579,1606595,1158,1606595,17919,17016
27281833,1612267,1629283,1158,1629283,17296,17016
27555833,1629283,1646299,1158,1646299,17750,17016
27819833,1646299,1657643,1158,1657643,12053,11344
28081833,1659061,1671823,1158,1671823,12976,12762
28322833,1673241,1688839,1158,1688839,17004,15598
28556833,1688839,1701601,1158,1701601,13948,12762
28795833,1701601,1724289,1158,1724289,23587,22688
29028833,1717199,1748395,1158,1748395,32176,31196
29343833,1735633,1781009,1158,1781009,43390,45376
29760833,1761157,1786681,1158,1786681,24151,25524
30343833,1802279,1826385,1158,1826385,22779,24106
30754833,1829221,1844819,1158,1844819,16595,15598
31088833,1851909,1868925,1158,1868925,17335,17016
31349833,1868925,1890195,1158,1890195,21550,21270
31610833,1885941,1901539,1158,1901539,16656,15598
31922833,1905793,1921391,1158,1921391,16975,15598
32181833,1922809,1939825,1158,1939825,18474,17016
32425833,1938407,1955423,1158,1955423,17580,17016
32681833,1956841,1969603,1158,1969603,13709,12762
32941833,1971021,1986619,1158,1986619,16428,15598
33182833,1986619,2007889,1158,2007889,21861,21270
33421833,2000799,2024905,1158,2024905,23670,24106
33721833,2020651,2047593,1158,2047593,26173,26942
34064833,2043339,2067445,1158,2067445,24458,24106
34455833,2067445,2094387,1158,2094387,26842,26942
34838833,2092969,2112821,1158,2112821,18588,19852
35240833,2119911,2138345,1158,2138345,19517,18434
35539833,2139763,2148271,1158,2148271,9248,8508
35827833,2149689,2159615,1158,2159615,10114,9926
36083833,2159615,2166705,1158,2166705,8392,7090
36325833,2166705,2173795,1158,2173795,7341,7090
36562833,2173795,2180885,1158,2180885,7613,7090
36796833,2180885,2186557,1158,2186557,6368,5672
37028833,2187975,2195065,1158,2195065,7693,7090
37259833,2195065,2213499,1158,2213499,18569,18434
37490833,2207827,2224843,1158,2224843,16683,17016
37807833,2230515,2246113,2576,2246113,17488,15598
38072833,2246113,2260293,1158,2260293,14551,14180
38334833,2261711,2273055,1158,2273055,12391,11344
38574833,2273055,2282981,1158,2282981,10718,9926
38808833,2284399,2295743,1158,2295743,11685,11344
39040833,2295743,2307087,1158,2307087,12342,11344
39271833,2307087,2322685,1158,2322685,16301,15598
39501833,2321267,2329775,1158,2329775,9321,8508
39762833,2332611,2351045,2576,2351045,19964,18434
40009833,2346791,2373733,1158,2373733,25939,26942
40325833,2366643,2392167,1158,2392167,25172,25524
40700833,2392167,2416273,1158,2416273,22958,24106
41082833,2417691,2440379,1158,2440379,23423,22688
41442833,2440379,2461649,1158,2461649,21270,21270
41799833,2464485,2485755,1158,2485755,22069,21270
42119833,2484337,2511279,1158,2511279,26728,26942
42449833,2505607,2529713,1158,2529713,23987,24106
42838833,2531131,2549565,1158,2549565,17798,18434
43189833,2553819,2567999,1158,2567999,14609,14180
43454833,2567999,2577925,1158,2577925,11135,9926
43694833,2579343,2593523,1158,2593523,15076,14180
43928833,2593523,2606285,1158,2606285,13609,12762
44171833,2606285,2626137,1158,2626137,20848,19852
44406833,2621883,2644571,1158,2644571,23774,22688
44700833,2641735,2665841,1158,2665841,22889,24106
45039833,2663005,2697037,1158,2697037,33111,34032
45393833,2685693,2721143,1158,2721143,35368,35450
45876833,2716889,2746667,1158,2746667,29675,29778
46416833,2753757,2777863,2576,2777863,24987,24106
46844833,2780699,2800551,1158,2800551,20409,19852
47212833,2804805,2818985,1158,2818985,15155,14180
47510833,2821821,2834583,1158,2834583,13762,12762
47756833,2836001,2848763,2576,2848763,15126,12762
47993833,2850181,2874287,1158,2874287,24285,24106
48231833,2865779,2895557,1158,2895557,30210,29778
48563833,2887049,2908319,1158,2908319,20002,21270
48991833,2916827,2933843,2576,2933843,18358,17016
49305833,2935261,2949441,1158,2949441,14426,14180
49573833,2949441,2962203,1158,2962203,13994,12762
49815833,2962203,2972129,1158,2972129,11158,9926
50049833,2973547,2984891,1158,2984891,12829,11344
50281833,2984891,2997653,1158,2997653,13964,12762
50512833,2997653,3010415,1158,3010415,14232,12762
50746833,3010415,3020341,1158,3020341,10896,9926
50977833,3020341,3037357,1158,3037357,18415,17016
51207833,3034521,3058627,1158,3058627,24241,24106
51487833,3052955,3079897,1158,3079897,27446,26942
51829833,3074225,3101167,1158,3101167,26529,26942
52236833,3101167,3132363,1158,3132363,32542,31196
52642833,3126691,3180575,1158,3180575,52605,53884
53128833,3156469,3231623,1158,3231623,72259,75154
53860833,3201845,3274163,1158,3274163,67161,72318
54907833,3271327,3318121,1158,3318121,43374,46794
56006833,3346481,3380513,1158,3380513,33700,34032
56548833,3381931,3413127,1158,3413127,30376,31196
57067833,3417381,3444323,1158,3444323,25759,26942
57528833,3447159,3467011,1158,3467011,20108,19852
57914833,3472683,3488281,1158,3488281,16846,15598
58208833,3488281,3498207,1158,3498207,11200,9926
58460833,3498207,3508133,1158,3508133,10184,9926
58700833,3508133,3516641,1158,3516641,9055,8508
58935833,3518059,3530821,1158,3530821,13659,12762
59167833,3530821,3542165,1158,3542165,11466,11344
59417833,3543583,3552091,2576,3552091,11333,8508
59655833,3553509,3563435,1158,3563435,10046,9926
59889833,3564853,3577615,1158,3577615,13369,12762
