timestamp,availableTxBuffer0,availableTxBuffer1
611833,246472,246472
611833,246472,246472
829833,235128,246472
1052833,237964,250726
1357833,240800,250726
1628833,243636,250726
1872833,239382,250726
2108833,237964,250726
2364833,239382,250726
2616833,237964,250726
2852833,230874,250726
3094833,232292,250726
3405833,243636,250726
3738833,242218,250726
4012833,242218,250726
4255833,243636,250726
4490833,243636,250726
4722833,242218,250726
4953833,239382,250726
5183833,237964,250726
5431833,239382,250726
5678833,236546,250726
5913833,240800,250726
6169833,243636,250726
6410833,243636,250726
6645833,235128,250726
6877833,240800,250726
7161833,247890,250726
7421833,249308,250726
7671833,247890,250726
7914833,245054,250726
8152833,246472,250726
8389833,243636,250726
8623833,243636,250726
8858833,243636,250726
9090833,242218,252144
9321833,243636,250726
9566833,242218,250726
9802833,243636,250726
10034833,242218,250726
10265833,245054,250726
10496833,246472,250726
10726833,246472,250726
10956833,246472,250726
11186833,243636,250726
11416833,245054,250726
11649833,242218,250726
11880833,239382,250726
12115833,243636,250726
12360833,243636,250726
12597833,246472,250726
12830833,242218,250726
13061833,243636,250726
13296833,245054,250726
13528833,245054,250726
13759833,245054,250726
13990833,243636,250726
14220833,242218,250726
14451833,242218,250726
14684833,240800,250726
14915833,236546,250726
15149833,239382,250726
15418833,233710,250726
15663833,232292,250726
15955833,242218,250726
16278833,243636,250726
16551833,240800,250726
16799833,226620,250726
17045833,223784,250726
17399833,229456,250726
17849833,235128,250726
18210833,237964,250726
18489833,243636,250726
18737833,240800,250726
18974833,240800,250726
19208833,242218,250726
19439833,239382,250726
19670833,242218,250726
19906833,232292,250726
20138833,230874,250726
20442833,235128,250726
20787833,233710,250726
21089833,229456,250726
21396833,228038,250726
21759833,229456,252144
22156833,233710,250726
22530833,235128,250726
22839833,233710,250726
23131833,242218,250726
23437833,237964,250726
23704833,232292,250726
23952833,228038,250726
24262833,226620,250726
24647833,233710,250726
25071833,239382,250726
25361833,245054,250726
25609833,242218,250726
25847833,240800,250726
26082833,237964,250726
26325833,242218,250726
26572833,237964,250726
26809833,226620,250726
27051833,229456,250726
27397833,226620,250726
27783833,230874,250726
28204833,232292,250726
28560833,239382,250726
28896833,239382,250726
29145833,235128,250726
29381833,225202,250726
29658833,215276,250726
30035833,213858,250726
30550833,202514,250726
31182833,147212,250726
31994833,158556,250726
33255833,184080,250726
34862833,216694,250726
35518833,225202,250726
36099833,228038,250726
36533833,226620,250726
36943833,228038,250726
37369833,225202,250726
37778833,226620,250726
38247833,229456,250726
38673833,222366,250726
39062833,220948,250726
39546833,216694,250726
40065833,225202,250726
40655833,225202,250726
41126833,233710,250726
41561833,226620,250726
41915833,229456,250726
42333833,226620,250726
42725833,225202,250726
43170833,228038,250726
43622833,216694,250726
44038833,212440,250726
44626833,222366,250726
45286833,219530,250726
45817833,225202,252144
46363833,230874,250726
46780833,230874,250726
47142833,229456,250726
47499833,230874,250726
47876833,226620,250726
48237833,219530,250726
48655833,215276,250726
49176833,199678,250726
49783833,209604,250726
50631833,218112,250726
51282833,219530,250726
51848833,220948,250726
52393833,232292,250726
52893833,236546,250726
53192833,229456,250726
53463833,236546,250726
53816833,233710,250726
54118833,230874,250726
54425833,233710,250726
54771833,233710,250726
55091833,232292,250726
55422833,228038,250726
55754833,233710,250726
56145833,237964,250726
56445833,237964,250726
56693833,237964,250726
56933833,226620,250726
57171833,223784,250726
57509833,212440,252144
57946833,203932,250726
58549833,212440,250726
59330833,216694,250726
59979833,220948,250726
