timestamp,cWnd0,cWnd1
611833,5672,5672
611833,17323,1500
829833,17323,1500
1052833,14778,1500
1357833,11960,1500
1628833,9249,1500
1872833,12889,1500
2108833,14460,1500
2364833,12922,1500
2616833,15016,1500
2852833,21716,1500
3094833,20345,1500
3405833,9321,1500
3738833,11057,1500
4012833,11117,1500
4255833,8875,1500
4490833,8568,1500
4722833,11038,1500
4953833,13008,1500
5183833,14419,1500
5431833,13851,1500
5678833,16902,1500
5913833,12043,1500
6169833,8785,1500
6410833,9447,1500
6645833,17938,1500
6877833,11541,1500
7161833,4731,1500
7421833,4199,1500
7671833,5084,1500
7914833,7517,1500
8152833,6567,1500
8389833,8710,1500
8623833,8759,1500
8858833,9501,1500
9090833,11744,1500
9321833,8753,1500
9566833,11330,1500
9802833,8665,1500
10034833,11235,1500
10265833,8077,1500
10496833,6150,1500
10726833,7047,1500
10956833,6920,1500
11186833,8828,1500
11416833,7430,1500
11649833,11007,1500
11880833,13259,1500
12115833,9677,1500
12360833,9737,1500
12597833,7037,1500
12830833,10949,1500
13061833,9230,1500
13296833,7412,1500
13528833,8431,1500
13759833,7628,1500
13990833,8618,1500
14220833,10092,1500
14451833,11147,1500
14684833,12694,1500
14915833,17003,1500
15149833,13095,1500
15418833,19607,1500
15663833,20563,1500
15955833,11007,1500
16278833,9137,1500
16551833,11598,1500
16799833,25692,1500
17045833,29437,1500
17399833,23264,1500
17849833,18174,1500
18210833,15274,1500
18489833,8845,1500
18737833,11518,1500
18974833,11616,1500
19208833,10769,1500
19439833,13387,1500
19670833,12651,1500
19906833,20510,1500
20138833,22231,1500
20442833,18193,1500
20787833,18749,1500
21089833,23863,1500
21396833,24395,1500
21759833,23025,1500
22156833,19511,1500
22530833,18304,1500
22839833,18795,1500
23131833,10976,1500
23437833,15347,1500
23704833,20886,1500
23952833,25660,1500
24262833,25878,1500
24647833,19182,1500
25071833,14170,1500
25361833,8239,1500
25609833,10328,1500
25847833,13714,1500
26082833,14649,1500
26325833,10495,1500
26572833,14735,1500
26809833,26297,1500
27051833,23431,1500
27397833,25872,1500
27783833,21559,1500
28204833,20394,1500
28560833,14016,1500
28896833,13128,1500
29145833,17426,1500
29381833,27976,1500
29658833,37145,1500
30035833,38289,1500
30550833,50265,1500
31182833,105152,1500
31994833,94244,1500
33255833,68646,1500
34862833,37534,1500
35518833,27223,1500
36099833,25139,1500
36533833,26214,1500
36943833,25322,1500
37369833,28768,1500
37778833,25638,1500
38247833,23857,1500
38673833,31175,1500
39062833,31229,1500
39546833,35854,1500
40065833,28609,1500
40655833,27482,1500
41126833,19320,1500
41561833,26143,1500
41915833,24010,1500
42333833,28311,1500
42725833,27242,1500
43170833,25248,1500
43622833,37707,1500
44038833,39982,1500
44626833,30753,1500
45286833,33556,1500
45817833,27452,1500
46363833,21803,1500
46780833,22264,1500
47142833,23988,1500
47499833,21729,1500
47876833,26507,1500
48237833,32738,1500
48655833,37334,1500
49176833,53093,1500
49783833,42555,1500
50631833,34863,1500
51282833,33349,1500
51848833,31213,1500
52393833,19942,1500
52893833,16866,1500
53192833,23411,1500
53463833,17004,1500
53816833,19770,1500
54118833,21747,1500
54425833,19426,1500
54771833,20082,1500
55091833,20784,1500
55422833,24770,1500
55754833,18509,1500
56145833,14768,1500
56445833,15261,1500
56693833,15174,1500
56933833,26674,1500
57171833,28709,1500
57509833,40435,1500
57946833,48472,1500
58549833,40564,1500
59330833,36958,1500
59979833,32000,1500
