timestamp,rWnd0,rWnd1
611833,1073725440,1073725440
611833,1073725440,1073725440
829833,1073725440,1073725440
1052833,1073725440,1073725440
1357833,1073725440,1073725440
1628833,1073725440,1073725440
1872833,1073725440,1073725440
2108833,1073725440,1073725440
2364833,1073725440,1073725440
2616833,1073725440,1073725440
2852833,1073725440,1073725440
3094833,1073725440,1073725440
3405833,1073725440,1073725440
3738833,1073725440,1073725440
4012833,1073725440,1073725440
4255833,1073725440,1073725440
4490833,1073725440,1073725440
4722833,1073725440,1073725440
4953833,1073725440,1073725440
5183833,1073725440,1073725440
5431833,1073725440,1073725440
5678833,1073725440,1073725440
5913833,1073725440,1073725440
6169833,1073725440,1073725440
6410833,1073725440,1073725440
6645833,1073725440,1073725440
6877833,1073725440,1073725440
7161833,1073725440,1073725440
7421833,1073725440,1073725440
7671833,1073725440,1073725440
7914833,1073725440,1073725440
8152833,1073725440,1073725440
8389833,1073725440,1073725440
8623833,1073725440,1073725440
8858833,1073725440,1073725440
9090833,1073725440,1073725440
9321833,1073725440,1073725440
9566833,1073725440,1073725440
9802833,1073725440,1073725440
10034833,1073725440,1073725440
10265833,1073725440,1073725440
10496833,1073725440,1073725440
10726833,1073725440,1073725440
10956833,1073725440,1073725440
11186833,1073725440,1073725440
11416833,1073725440,1073725440
11649833,1073725440,1073725440
11880833,1073725440,1073725440
12115833,1073725440,1073725440
12360833,1073725440,1073725440
12597833,1073725440,1073725440
12830833,1073725440,1073725440
13061833,1073725440,1073725440
13296833,1073725440,1073725440
13528833,1073725440,1073725440
13759833,1073725440,1073725440
13990833,1073725440,1073725440
14220833,1073725440,1073725440
14451833,1073725440,1073725440
14684833,1073725440,1073725440
14915833,1073725440,1073725440
15149833,1073725440,1073725440
15418833,1073725440,1073725440
15663833,1073725440,1073725440
15955833,1073725440,1073725440
16278833,1073725440,1073725440
16551833,1073725440,1073725440
16799833,1073725440,1073725440
17045833,1073725440,1073725440
17399833,1073725440,1073725440
17849833,1073725440,1073725440
18210833,1073725440,1073725440
18489833,1073725440,1073725440
18737833,1073725440,1073725440
18974833,1073725440,1073725440
19208833,1073725440,1073725440
19439833,1073725440,1073725440
19670833,1073725440,1073725440
19906833,1073725440,1073725440
20138833,1073725440,1073725440
20442833,1073725440,1073725440
20787833,1073725440,1073725440
21089833,1073725440,1073725440
21396833,1073725440,1073725440
21759833,1073725440,1073725440
22156833,1073725440,1073725440
22530833,1073725440,1073725440
22839833,1073725440,1073725440
23131833,1073725440,1073725440
23437833,1073725440,1073725440
23704833,1073725440,1073725440
23952833,1073725440,1073725440
24262833,1073725440,1073725440
24647833,1073725440,1073725440
25071833,1073725440,1073725440
25361833,1073725440,1073725440
25609833,1073725440,1073725440
25847833,1073725440,1073725440
26082833,1073725440,1073725440
26325833,1073725440,1073725440
26572833,1073725440,1073725440
26809833,1073725440,1073725440
27051833,1073725440,1073725440
27397833,1073725440,1073725440
27783833,1073725440,1073725440
28204833,1073725440,1073725440
28560833,1073725440,1073725440
28896833,1073725440,1073725440
29145833,1073725440,1073725440
29381833,1073725440,1073725440
29658833,1073725440,1073725440
30035833,1073725440,1073725440
30550833,1073725440,1073725440
31182833,1073725440,1073725440
31994833,1073725440,1073725440
33255833,1073725440,1073725440
34862833,1073725440,1073725440
35518833,1073725440,1073725440
36099833,1073725440,1073725440
36533833,1073725440,1073725440
36943833,1073725440,1073725440
37369833,1073725440,1073725440
37778833,1073725440,1073725440
38247833,1073725440,1073725440
38673833,1073725440,1073725440
39062833,1073725440,1073725440
39546833,1073725440,1073725440
40065833,1073725440,1073725440
40655833,1073725440,1073725440
41126833,1073725440,1073725440
41561833,1073725440,1073725440
41915833,1073725440,1073725440
42333833,1073725440,1073725440
42725833,1073725440,1073725440
43170833,1073725440,1073725440
43622833,1073725440,1073725440
44038833,1073725440,1073725440
44626833,1073725440,1073725440
45286833,1073725440,1073725440
45817833,1073725440,1073725440
46363833,1073725440,1073725440
46780833,1073725440,1073725440
47142833,1073725440,1073725440
47499833,1073725440,1073725440
47876833,1073725440,1073725440
48237833,1073725440,1073725440
48655833,1073725440,1073725440
49176833,1073725440,1073725440
49783833,1073725440,1073725440
50631833,1073725440,1073725440
51282833,1073725440,1073725440
51848833,1073725440,1073725440
52393833,1073725440,1073725440
52893833,1073725440,1073725440
53192833,1073725440,1073725440
53463833,1073725440,1073725440
53816833,1073725440,1073725440
54118833,1073725440,1073725440
54425833,1073725440,1073725440
54771833,1073725440,1073725440
55091833,1073725440,1073725440
55422833,1073725440,1073725440
55754833,1073725440,1073725440
56145833,1073725440,1073725440
56445833,1073725440,1073725440
56693833,1073725440,1073725440
56933833,1073725440,1073725440
57171833,1073725440,1073725440
57509833,1073725440,1073725440
57946833,1073725440,1073725440
58549833,1073725440,1073725440
59330833,1073725440,1073725440
59979833,1073725440,1073725440
