timestamp,rtt0,rtt1
611833,218,184
611833,218,184
829833,223,184
1052833,305,219
1357833,271,221
1628833,244,223
1872833,236,224
2108833,256,225
2364833,252,225
2616833,236,226
2852833,242,226
3094833,311,227
3405833,333,227
3738833,274,228
4012833,243,228
4255833,235,228
4490833,232,228
4722833,231,229
4953833,230,229
5183833,248,229
5431833,247,229
5678833,235,229
5913833,256,229
6169833,241,229
6410833,235,229
6645833,232,229
6877833,284,229
7161833,260,230
7421833,250,230
7671833,243,230
7914833,238,230
8152833,237,230
8389833,234,230
8623833,235,230
8858833,232,230
9090833,231,230
9321833,245,230
9566833,236,230
9802833,232,230
10034833,231,230
10265833,231,230
10496833,230,230
10726833,230,230
10956833,230,230
11186833,230,230
11416833,233,230
11649833,231,230
11880833,235,230
12115833,245,230
12360833,237,230
12597833,233,230
12830833,231,230
13061833,235,230
13296833,232,230
13528833,231,230
13759833,231,230
13990833,230,230
14220833,231,230
14451833,233,230
14684833,231,230
14915833,234,230
15149833,269,230
15418833,245,230
15663833,292,230
15955833,323,230
16278833,273,230
16551833,248,230
16799833,246,230
17045833,354,230
17399833,450,230
17849833,361,230
18210833,279,230
18489833,248,230
18737833,237,230
18974833,234,230
19208833,231,230
19439833,231,230
19670833,236,230
19906833,232,230
20138833,304,230
20442833,345,230
20787833,302,230
21089833,307,230
21396833,363,230
21759833,397,230
22156833,374,230
22530833,309,230
22839833,292,230
23131833,306,230
23437833,267,230
23704833,248,230
23952833,310,230
24262833,385,230
24647833,424,230
25071833,290,230
25361833,248,230
25609833,238,230
25847833,235,230
26082833,243,230
26325833,247,230
26572833,237,230
26809833,242,230
27051833,346,230
27397833,386,230
27783833,421,230
28204833,356,230
28560833,336,230
28896833,249,230
29145833,236,230
29381833,277,230
29658833,377,230
30035833,515,230
30550833,632,230
31182833,812,230
31994833,1261,230
33255833,1607,230
34862833,656,230
35518833,581,230
36099833,434,230
36533833,410,230
36943833,426,230
37369833,409,230
37778833,469,230
38247833,426,230
38673833,389,230
39062833,484,230
39546833,519,230
40065833,590,230
40655833,471,230
41126833,435,230
41561833,354,230
41915833,418,230
42333833,392,230
42725833,445,230
43170833,452,230
43622833,416,230
44038833,588,230
44626833,660,230
45286833,531,230
45817833,546,230
46363833,417,230
46780833,362,230
47142833,357,230
47499833,377,230
47876833,361,230
48237833,418,230
48655833,521,230
49176833,607,230
49783833,848,230
50631833,651,230
51282833,566,230
51848833,545,230
52393833,500,230
52893833,299,230
53192833,271,230
53463833,353,230
53816833,302,230
54118833,307,230
54425833,346,230
54771833,320,230
55091833,331,230
55422833,332,230
55754833,391,230
56145833,300,230
56445833,248,230
56693833,240,230
56933833,238,230
57171833,338,230
57509833,437,230
57946833,603,230
58549833,781,230
59330833,649,230
59979833,597,230
