timestamp,unAck0,unAck1
611833,5672,5672
611833,5672,5672
829833,17016,5672
1052833,14180,1418
1357833,11344,1418
1628833,8508,1418
1872833,12762,1418
2108833,14180,1418
2364833,12762,1418
2616833,14180,1418
2852833,21270,1418
3094833,19852,1418
3405833,8508,1418
3738833,9926,1418
4012833,9926,1418
4255833,8508,1418
4490833,8508,1418
4722833,9926,1418
4953833,12762,1418
5183833,14180,1418
5431833,12762,1418
5678833,15598,1418
5913833,11344,1418
6169833,8508,1418
6410833,8508,1418
6645833,17016,1418
6877833,11344,1418
7161833,4254,1418
7421833,2836,1418
7671833,4254,1418
7914833,7090,1418
8152833,5672,1418
8389833,8508,1418
8623833,8508,1418
8858833,8508,1418
9090833,9926,0
9321833,8508,1418
9566833,9926,1418
9802833,8508,1418
10034833,9926,1418
10265833,7090,1418
10496833,5672,1418
10726833,5672,1418
10956833,5672,1418
11186833,8508,1418
11416833,7090,1418
11649833,9926,1418
11880833,12762,1418
12115833,8508,1418
12360833,8508,1418
12597833,5672,1418
12830833,9926,1418
13061833,8508,1418
13296833,7090,1418
13528833,7090,1418
13759833,7090,1418
13990833,8508,1418
14220833,9926,1418
14451833,9926,1418
14684833,11344,1418
14915833,15598,1418
15149833,12762,1418
15418833,18434,1418
15663833,19852,1418
15955833,9926,1418
16278833,8508,1418
16551833,11344,1418
16799833,25524,1418
17045833,28360,1418
17399833,22688,1418
17849833,17016,1418
18210833,14180,1418
18489833,8508,1418
18737833,11344,1418
18974833,11344,1418
19208833,9926,1418
19439833,12762,1418
19670833,9926,1418
19906833,19852,1418
20138833,21270,1418
20442833,17016,1418
20787833,18434,1418
21089833,22688,1418
21396833,24106,1418
21759833,22688,0
22156833,18434,1418
22530833,17016,1418
22839833,18434,1418
23131833,9926,1418
23437833,14180,1418
23704833,19852,1418
23952833,24106,1418
24262833,25524,1418
24647833,18434,1418
25071833,12762,1418
25361833,7090,1418
25609833,9926,1418
25847833,11344,1418
26082833,14180,1418
26325833,9926,1418
26572833,14180,1418
26809833,25524,1418
27051833,22688,1418
27397833,25524,1418
27783833,21270,1418
28204833,19852,1418
28560833,12762,1418
28896833,12762,1418
29145833,17016,1418
29381833,26942,1418
29658833,36868,1418
30035833,38286,1418
30550833,49630,1418
31182833,104932,1418
31994833,93588,1418
33255833,68064,1418
34862833,35450,1418
35518833,26942,1418
36099833,24106,1418
36533833,25524,1418
36943833,24106,1418
37369833,26942,1418
37778833,25524,1418
38247833,22688,1418
38673833,29778,1418
39062833,31196,1418
39546833,35450,1418
40065833,26942,1418
40655833,26942,1418
41126833,18434,1418
41561833,25524,1418
41915833,22688,1418
42333833,25524,1418
42725833,26942,1418
43170833,24106,1418
43622833,35450,1418
44038833,39704,1418
44626833,29778,1418
45286833,32614,1418
45817833,26942,0
46363833,21270,1418
46780833,21270,1418
47142833,22688,1418
47499833,21270,1418
47876833,25524,1418
48237833,32614,1418
48655833,36868,1418
49176833,52466,1418
49783833,42540,1418
50631833,34032,1418
51282833,32614,1418
51848833,31196,1418
52393833,19852,1418
52893833,15598,1418
53192833,22688,1418
53463833,15598,1418
53816833,18434,1418
54118833,21270,1418
54425833,18434,1418
54771833,18434,1418
55091833,19852,1418
55422833,24106,1418
55754833,18434,1418
56145833,14180,1418
56445833,14180,1418
56693833,14180,1418
56933833,25524,1418
57171833,28360,1418
57509833,39704,0
57946833,48212,1418
58549833,39704,1418
59330833,35450,1418
59979833,31196,1418
