timestamp,lastAckedSeq,highTxMark,availableTxBuffer,nextTxSeq,totalCwnd,unAckMeta
611833,5673,17017,1158,17017,11344,11344
611833,5673,17017,1158,17017,18823,11344
829833,11345,34033,1158,34033,18823,22688
1052833,29779,45377,1158,45377,16278,15598
1357833,46795,59557,1158,59557,13460,12762
1628833,60975,70901,1158,70901,10749,9926
1872833,72319,86499,1158,86499,14389,14180
2108833,86499,102097,1158,102097,15960,15598
2364833,102097,116277,1158,116277,14422,14180
2616833,117695,133293,1158,133293,16516,15598
2852833,133293,155981,1158,155981,23216,22688
3094833,147473,170161,1158,170161,21845,22688
3405833,168743,178669,1158,178669,10821,9926
3738833,182923,194267,1158,194267,12557,11344
4012833,197103,208447,1158,208447,12617,11344
4255833,208447,218373,1158,218373,10375,9926
4490833,218373,228299,1158,228299,10068,9926
4722833,228299,239643,1158,239643,12538,11344
4953833,239643,253823,1158,253823,14508,14180
5183833,253823,269421,1158,269421,15919,15598
5431833,269421,283601,1158,283601,15351,14180
5678833,285019,302035,1158,302035,18402,17016
5913833,300617,313379,1158,313379,13543,12762
6169833,313379,323305,1158,323305,10285,9926
6410833,323305,333231,1158,333231,10947,9926
6645833,334649,353083,1158,353083,19438,18434
6877833,348829,361591,1158,361591,13041,12762
7161833,361591,367263,1158,367263,6231,5672
7421833,367263,371517,1158,371517,5699,4254
7671833,372935,378607,1158,378607,6584,5672
7914833,380025,388533,1158,388533,9017,8508
8152833,388533,395623,1158,395623,8067,7090
8389833,395623,405549,1158,405549,10210,9926
8623833,405549,415475,1158,415475,10259,9926
8858833,415475,425401,1158,425401,11001,9926
9090833,426819,438163,2576,438163,13244,11344
9321833,438163,448089,1158,448089,10253,9926
9566833,450925,462269,1158,462269,12830,11344
9802833,462269,472195,1158,472195,10165,9926
10034833,472195,483539,1158,483539,12735,11344
10265833,483539,492047,1158,492047,9577,8508
10496833,492047,499137,1158,499137,7650,7090
10726833,499137,506227,1158,506227,8547,7090
10956833,506227,513317,1158,513317,8420,7090
11186833,513317,523243,1158,523243,10328,9926
11416833,523243,531751,1158,531751,8930,8508
11649833,531751,543095,1158,543095,12507,11344
11880833,543095,557275,1158,557275,14759,14180
12115833,557275,567201,1158,567201,11177,9926
12360833,567201,577127,1158,577127,11237,9926
12597833,577127,584217,1158,584217,8537,7090
12830833,585635,596979,1158,596979,12449,11344
13061833,596979,606905,1158,606905,10730,9926
13296833,606905,615413,1158,615413,8912,8508
13528833,615413,623921,1158,623921,9931,8508
13759833,623921,632429,1158,632429,9128,8508
13990833,632429,642355,1158,642355,10118,9926
14220833,642355,653699,1158,653699,11592,11344
14451833,653699,665043,1158,665043,12647,11344
14684833,665043,677805,1158,677805,14194,12762
14915833,677805,694821,1158,694821,18503,17016
15149833,693403,707583,2576,707583,14595,14180
15418833,709001,728853,1158,728853,21107,19852
15663833,723181,745869,1158,745869,22063,22688
15955833,744451,755795,1158,755795,12507,11344
16278833,755795,765721,1158,765721,10637,9926
16551833,768557,782737,1158,782737,13098,14180
16799833,784155,811097,1158,811097,27192,26942
17045833,798335,829531,1158,829531,30937,31196
17399833,821023,846547,1158,846547,24764,25524
17849833,852219,870653,1158,870653,19674,18434
18210833,876325,891923,1158,891923,16774,15598
18489833,891923,901849,1158,901849,10345,9926
18737833,903267,916029,1158,916029,13018,12762
18974833,916029,928791,1158,928791,13116,12762
19208833,928791,940135,1158,940135,12269,11344
19439833,941553,955733,1158,955733,14887,14180
19670833,955733,967077,2576,967077,14151,11344
19906833,968495,989765,1158,989765,22010,21270
20138833,981257,1005363,1158,1005363,23731,24106
20442833,1001109,1020961,1158,1020961,19693,19852
20787833,1025215,1045067,1158,1045067,20249,19852
21089833,1043649,1069173,1158,1069173,25363,25524
21396833,1063501,1090443,1158,1090443,25895,26942
21759833,1087607,1111713,1158,1111713,24525,24106
22156833,1114549,1134401,1158,1134401,21011,19852
22530833,1140073,1158507,1158,1158507,19804,18434
22839833,1159925,1179777,1158,1179777,20295,19852
23131833,1178359,1189703,1158,1189703,12476,11344
23437833,1193957,1210973,1158,1210973,16847,17016
23704833,1212391,1233661,1158,1233661,22386,21270
23952833,1227989,1254931,2576,1254931,27160,26942
24262833,1246423,1274783,1158,1274783,27378,28360
24647833,1273365,1294635,1158,1294635,20682,21270
25071833,1300307,1314487,1158,1314487,15670,14180
25361833,1315905,1324413,1158,1324413,9739,8508
25609833,1325831,1337175,1158,1337175,11828,11344
25847833,1338593,1351355,2576,1351355,15214,12762
26082833,1352773,1368371,1158,1368371,16149,15598
26325833,1368371,1379715,1158,1379715,11995,11344
26572833,1379715,1395313,1158,1395313,16235,15598
26809833,1395313,1422255,1158,1422255,27797,26942
27051833,1410911,1436435,1158,1436435,24931,25524
27397833,1433599,1460541,1158,1460541,27372,26942
27783833,1457705,1481811,1158,1481811,23059,24106
28204833,1486065,1508753,1158,1508753,21894,22688
28560833,1508753,1522933,1158,1522933,15516,14180
28896833,1530023,1544203,1158,1544203,14628,14180
29145833,1545621,1564055,1158,1564055,18926,18434
29381833,1559801,1589579,1158,1589579,29476,29778
29658833,1578235,1617939,1158,1617939,38645,39704
30035833,1600923,1642045,1158,1642045,39789,41122
30550833,1634955,1688839,1158,1688839,51765,53884
31182833,1674659,1783845,1158,1783845,106652,109186
31994833,1724289,1826385,1158,1826385,95744,102096
33255833,1805115,1883105,1158,1883105,70146,77990
34862833,1917137,1956841,2576,1956841,39034,39704
35518833,1959677,1989455,1158,1989455,28723,29778
36099833,1997963,2024905,1158,2024905,26639,26942
36533833,2027741,2056101,1158,2056101,27714,28360
36943833,2054683,2080207,1158,2080207,26822,25524
37369833,2081625,2111403,2576,2111403,30268,29778
37778833,2108567,2136927,1158,2136927,27138,28360
38247833,2138345,2163869,1158,2163869,25357,25524
38673833,2166705,2199319,1158,2199319,32675,32614
39062833,2190811,2224843,1158,2224843,32729,34032
39546833,2223425,2261711,1158,2261711,37354,38286
40065833,2257457,2287235,2576,2287235,30109,29778
40655833,2295743,2325521,1158,2325521,28982,29778
41126833,2328357,2348209,1158,2348209,20820,19852
41561833,2355299,2383659,1158,2383659,27643,28360
41915833,2377987,2403511,1158,2403511,25510,25524
42333833,2406347,2434707,2576,2434707,29811,28360
42725833,2431871,2461649,1158,2461649,28742,29778
43170833,2461649,2487173,2576,2487173,26748,25524
43622833,2490009,2528295,2576,2528295,39207,38286
44038833,2515533,2559491,1158,2559491,41482,43958
44626833,2555237,2589269,1158,2589269,32253,34032
45286833,2597777,2633227,1158,2633227,35056,35450
45817833,2631809,2661587,1158,2661587,28952,29778
46363833,2668677,2692783,1158,2692783,23303,24106
46780833,2697037,2721143,1158,2721143,23764,24106
47142833,2721143,2745249,1158,2745249,25488,24106
47499833,2743831,2767937,1158,2767937,23229,24106
47876833,2769355,2796297,1158,2796297,28007,26942
48237833,2792043,2827493,1158,2827493,34238,35450
48655833,2817567,2857271,1158,2857271,38834,39704
49176833,2851599,2908319,1158,2908319,54593,56720
49783833,2889885,2938097,1158,2938097,44055,48212
50631833,2946605,2984891,1158,2984891,36363,38286
51282833,2989145,3024595,1158,3024595,34849,35450
51848833,3027431,3061463,1158,3061463,32713,34032
52393833,3064299,3085569,1158,3085569,21442,21270
52893833,3096913,3113929,1158,3113929,18366,17016
53192833,3115347,3139453,1158,3139453,24911,24106
53463833,3133781,3152215,1158,3152215,18504,18434
53816833,3157887,3177739,1158,3177739,21270,19852
54118833,3176321,3199009,1158,3199009,23247,22688
54425833,3196173,3217443,1158,3217443,20926,21270
54771833,3220279,3240131,2576,3240131,21582,19852
55091833,3240131,3261401,1158,3261401,22284,21270
55422833,3261401,3288343,1158,3288343,26270,26942
55754833,3282671,3303941,1158,3303941,20009,21270
56145833,3309613,3325211,1158,3325211,16268,15598
56445833,3329465,3345063,1158,3345063,16761,15598
56693833,3345063,3360661,1158,3360661,16674,15598
56933833,3360661,3387603,1158,3387603,28174,26942
57171833,3374841,3406037,1158,3406037,30209,31196
57509833,3396111,3438651,1158,3438651,41935,42540
57946833,3425889,3476937,2576,3476937,49972,51048
58549833,3462757,3508133,1158,3508133,42064,45376
59330833,3516641,3554927,3994,3554927,38458,38286
59979833,3559181,3593213,1158,3593213,33500,34032
