timestamp,availableTxBuffer0,availableTxBuffer1
611833,246472,246472
611833,246472,246472
829833,218112,246472
1052833,219530,250726
1361833,219530,250726
1923833,233710,250726
2442833,236546,250726
2728833,213858,250726
2997833,219530,250726
3412833,223784,250726
4034833,229456,250726
4465833,230874,250726
4844833,229456,250726
5204833,216694,252144
5582833,209604,250726
6120833,201096,250726
6805833,203932,250726
7649833,199678,250726
8464833,208186,250726
9345833,213858,250726
10032833,209604,250726
10683833,226620,250726
11419833,230874,250726
11795833,228038,250726
12154833,222366,250726
12552833,226620,250726
13033833,230874,250726
13451833,233710,250726
13797833,232292,252144
14114833,240800,250726
14444833,240800,250726
14701833,243636,250726
14940833,243636,250726
15174833,240800,250726
15406833,240800,250726
15642833,236546,250726
15874833,232292,250726
16148833,230874,250726
16461833,211022,250726
16808833,225202,250726
17326833,229456,250726
17844833,232292,250726
18205833,236546,250726
18533833,239382,250726
18798833,237964,250726
19040833,233710,250726
19284833,235128,250726
19572833,229456,250726
19860833,235128,250726
20215833,230874,250726
20530833,218112,250726
20879833,223784,250726
21376833,226620,250726
21861833,230874,250726
22276833,225202,250726
22645833,222366,250726
23086833,228038,252144
23577833,219530,250726
24008833,205350,250726
24544833,233710,250726
25279833,230874,250726
25662833,222366,250726
26023833,222366,250726
26496833,230874,250726
26994833,216694,250726
27404833,218112,250726
27976833,220948,250726
28549833,230874,250726
29036833,237964,250726
29348833,228038,250726
29627833,203932,250726
29997833,209604,250726
30512833,218112,250726
31267833,216694,250726
31860833,189752,250726
32455833,211022,250726
33430833,219530,250726
34025833,220948,250726
34574833,220948,250726
35122833,199678,250726
35670833,205350,250726
36503833,199678,250726
37298833,220948,250726
38178833,226620,250726
38643833,220948,250726
39096833,226620,250726
39613833,218112,250726
40070833,216694,250726
40632833,228038,250726
41225833,232292,250726
41591833,220948,250726
41929833,233710,250726
42412833,235128,250726
42741833,225202,250726
43040833,228038,250726
43452833,240800,250726
43864833,240800,250726
44122833,239382,250726
44362833,240800,250726
44597833,237964,250726
44829833,233710,250726
45067833,233710,250726
45351833,232292,250726
45655833,225202,250726
45981833,232292,250726
46401833,228038,250726
46770833,233710,250726
47170833,233710,252144
47491833,233710,250726
47802833,235128,250726
48111833,230874,250726
48402833,230874,250726
48744833,230874,250726
49098833,225202,250726
49454833,215276,250726
49888833,196842,250726
50462833,208186,250726
51289833,202514,250726
52058833,211022,250726
52891833,201096,250726
53626833,211022,250726
54482833,203932,250726
55229833,162810,250726
56038833,191170,250726
57411833,191170,250726
58447833,222366,250726
59406833,218112,250726
59973833,218112,250726
