timestamp,unAck0,unAck1
611833,5672,5672
611833,5672,5672
829833,34032,5672
1052833,32614,1418
1361833,32614,1418
1923833,18434,1418
2442833,15598,1418
2728833,38286,1418
2997833,32614,1418
3412833,28360,1418
4034833,22688,1418
4465833,21270,1418
4844833,22688,1418
5204833,35450,0
5582833,42540,1418
6120833,51048,1418
6805833,48212,1418
7649833,52466,1418
8464833,43958,1418
9345833,38286,1418
10032833,42540,1418
10683833,25524,1418
11419833,21270,1418
11795833,24106,1418
12154833,29778,1418
12552833,25524,1418
13033833,21270,1418
13451833,18434,1418
13797833,19852,0
14114833,11344,1418
14444833,11344,1418
14701833,8508,1418
14940833,8508,1418
15174833,11344,1418
15406833,11344,1418
15642833,15598,1418
15874833,19852,1418
16148833,21270,1418
16461833,41122,1418
16808833,26942,1418
17326833,22688,1418
17844833,19852,1418
18205833,15598,1418
18533833,12762,1418
18798833,14180,1418
19040833,18434,1418
19284833,17016,1418
19572833,22688,1418
19860833,17016,1418
20215833,21270,1418
20530833,34032,1418
20879833,28360,1418
21376833,25524,1418
21861833,21270,1418
22276833,26942,1418
22645833,29778,1418
23086833,24106,0
23577833,32614,1418
24008833,46794,1418
24544833,18434,1418
25279833,21270,1418
25662833,29778,1418
26023833,29778,1418
26496833,21270,1418
26994833,35450,1418
27404833,34032,1418
27976833,31196,1418
28549833,21270,1418
29036833,14180,1418
29348833,24106,1418
29627833,48212,1418
29997833,42540,1418
30512833,34032,1418
31267833,35450,1418
31860833,62392,1418
32455833,41122,1418
33430833,32614,1418
34025833,31196,1418
34574833,31196,1418
35122833,52466,1418
35670833,46794,1418
36503833,52466,1418
37298833,31196,1418
38178833,25524,1418
38643833,31196,1418
39096833,25524,1418
39613833,34032,1418
40070833,35450,1418
40632833,24106,1418
41225833,19852,1418
41591833,31196,1418
41929833,18434,1418
42412833,17016,1418
42741833,26942,1418
43040833,24106,1418
43452833,11344,1418
43864833,11344,1418
44122833,12762,1418
44362833,11344,1418
44597833,14180,1418
44829833,18434,1418
45067833,18434,1418
45351833,19852,1418
45655833,26942,1418
45981833,19852,1418
46401833,24106,1418
46770833,18434,1418
47170833,18434,0
47491833,18434,1418
47802833,17016,1418
48111833,21270,1418
48402833,21270,1418
48744833,21270,1418
49098833,26942,1418
49454833,36868,1418
49888833,55302,1418
50462833,43958,1418
51289833,49630,1418
52058833,41122,1418
52891833,51048,1418
53626833,41122,1418
54482833,48212,1418
55229833,89334,1418
56038833,60974,1418
57411833,60974,1418
58447833,29778,1418
59406833,34032,1418
59973833,34032,1418
