timestamp,cWnd0,cWnd1
611833,5672,5672
611833,35208,1500
829833,35208,1500
1052833,33369,1500
1361833,33719,1500
1923833,19380,1500
2442833,16084,1500
2728833,40548,1500
2997833,32719,1500
3412833,28445,1500
4034833,23571,1500
4465833,22644,1500
4844833,23110,1500
5204833,35912,1500
5582833,43759,1500
6120833,51662,1500
6805833,49584,1500
7649833,53393,1500
8464833,44333,1500
9345833,39011,1500
10032833,44363,1500
10683833,26555,1500
11419833,21561,1500
11795833,24409,1500
12154833,29994,1500
12552833,26611,1500
13033833,22112,1500
13451833,18901,1500
13797833,20264,1500
14114833,11781,1500
14444833,12126,1500
14701833,9634,1500
14940833,9643,1500
15174833,12172,1500
15406833,11809,1500
15642833,15796,1500
15874833,20882,1500
16148833,21314,1500
16461833,41758,1500
16808833,27576,1500
17326833,23316,1500
17844833,21008,1500
18205833,16582,1500
18533833,13495,1500
18798833,15077,1500
19040833,18534,1500
19284833,18153,1500
19572833,23834,1500
19860833,18122,1500
20215833,22426,1500
20530833,34883,1500
20879833,28854,1500
21376833,25832,1500
21861833,21907,1500
22276833,27042,1500
22645833,30872,1500
23086833,24977,1500
23577833,33265,1500
24008833,47527,1500
24544833,19413,1500
25279833,22571,1500
25662833,30480,1500
26023833,30729,1500
26496833,21345,1500
26994833,35800,1500
27404833,34425,1500
27976833,31540,1500
28549833,21345,1500
29036833,16085,1500
29348833,24756,1500
29627833,48302,1500
29997833,43953,1500
30512833,34152,1500
31267833,35802,1500
31860833,63032,1500
32455833,42245,1500
33430833,33602,1500
34025833,32698,1500
34574833,32843,1500
35122833,52968,1500
35670833,46842,1500
36503833,53138,1500
37298833,32211,1500
38178833,27874,1500
38643833,31871,1500
39096833,25773,1500
39613833,35025,1500
40070833,36214,1500
40632833,25000,1500
41225833,20524,1500
41591833,32568,1500
41929833,19553,1500
42412833,17330,1500
42741833,26988,1500
43040833,24992,1500
43452833,12413,1500
43864833,12153,1500
44122833,13669,1500
44362833,12496,1500
44597833,14646,1500
44829833,19217,1500
45067833,19387,1500
45351833,20256,1500
45655833,27445,1500
45981833,20264,1500
46401833,24435,1500
46770833,18477,1500
47170833,18440,1500
47491833,18813,1500
47802833,18188,1500
48111833,22639,1500
48402833,21853,1500
48744833,21303,1500
49098833,27873,1500
49454833,37564,1500
49888833,56648,1500
50462833,44614,1500
51289833,50286,1500
52058833,42374,1500
52891833,52425,1500
53626833,41977,1500
54482833,49254,1500
55229833,89473,1500
56038833,61258,1500
57411833,61625,1500
58447833,30162,1500
59406833,34214,1500
59973833,35087,1500
