timestamp,rWnd0,rWnd1
611833,1073725440,1073725440
611833,1073725440,1073725440
829833,1073725440,1073725440
1052833,1073725440,1073725440
1361833,1073725440,1073725440
1923833,1073725440,1073725440
2442833,1073725440,1073725440
2728833,1073725440,1073725440
2997833,1073725440,1073725440
3412833,1073725440,1073725440
4034833,1073725440,1073725440
4465833,1073725440,1073725440
4844833,1073725440,1073725440
5204833,1073725440,1073725440
5582833,1073725440,1073725440
6120833,1073725440,1073725440
6805833,1073725440,1073725440
7649833,1073725440,1073725440
8464833,1073725440,1073725440
9345833,1073725440,1073725440
10032833,1073725440,1073725440
10683833,1073725440,1073725440
11419833,1073725440,1073725440
11795833,1073725440,1073725440
12154833,1073725440,1073725440
12552833,1073725440,1073725440
13033833,1073725440,1073725440
13451833,1073725440,1073725440
13797833,1073725440,1073725440
14114833,1073725440,1073725440
14444833,1073725440,1073725440
14701833,1073725440,1073725440
14940833,1073725440,1073725440
15174833,1073725440,1073725440
15406833,1073725440,1073725440
15642833,1073725440,1073725440
15874833,1073725440,1073725440
16148833,1073725440,1073725440
16461833,1073725440,1073725440
16808833,1073725440,1073725440
17326833,1073725440,1073725440
17844833,1073725440,1073725440
18205833,1073725440,1073725440
18533833,1073725440,1073725440
18798833,1073725440,1073725440
19040833,1073725440,1073725440
19284833,1073725440,1073725440
19572833,1073725440,1073725440
19860833,1073725440,1073725440
20215833,1073725440,1073725440
20530833,1073725440,1073725440
20879833,1073725440,1073725440
21376833,1073725440,1073725440
21861833,1073725440,1073725440
22276833,1073725440,1073725440
22645833,1073725440,1073725440
23086833,1073725440,1073725440
23577833,1073725440,1073725440
24008833,1073725440,1073725440
24544833,1073725440,1073725440
25279833,1073725440,1073725440
25662833,1073725440,1073725440
26023833,1073725440,1073725440
26496833,1073725440,1073725440
26994833,1073725440,1073725440
27404833,1073725440,1073725440
27976833,1073725440,1073725440
28549833,1073725440,1073725440
29036833,1073725440,1073725440
29348833,1073725440,1073725440
29627833,1073725440,1073725440
29997833,1073725440,1073725440
30512833,1073725440,1073725440
31267833,1073725440,1073725440
31860833,1073725440,1073725440
32455833,1073725440,1073725440
33430833,1073725440,1073725440
34025833,1073725440,1073725440
34574833,1073725440,1073725440
35122833,1073725440,1073725440
35670833,1073725440,1073725440
36503833,1073725440,1073725440
37298833,1073725440,1073725440
38178833,1073725440,1073725440
38643833,1073725440,1073725440
39096833,1073725440,1073725440
39613833,1073725440,1073725440
40070833,1073725440,1073725440
40632833,1073725440,1073725440
41225833,1073725440,1073725440
41591833,1073725440,1073725440
41929833,1073725440,1073725440
42412833,1073725440,1073725440
42741833,1073725440,1073725440
43040833,1073725440,1073725440
43452833,1073725440,1073725440
43864833,1073725440,1073725440
44122833,1073725440,1073725440
44362833,1073725440,1073725440
44597833,1073725440,1073725440
44829833,1073725440,1073725440
45067833,1073725440,1073725440
45351833,1073725440,1073725440
45655833,1073725440,1073725440
45981833,1073725440,1073725440
46401833,1073725440,1073725440
46770833,1073725440,1073725440
47170833,1073725440,1073725440
47491833,1073725440,1073725440
47802833,1073725440,1073725440
48111833,1073725440,1073725440
48402833,1073725440,1073725440
48744833,1073725440,1073725440
49098833,1073725440,1073725440
49454833,1073725440,1073725440
49888833,1073725440,1073725440
50462833,1073725440,1073725440
51289833,1073725440,1073725440
52058833,1073725440,1073725440
52891833,1073725440,1073725440
53626833,1073725440,1073725440
54482833,1073725440,1073725440
55229833,1073725440,1073725440
56038833,1073725440,1073725440
57411833,1073725440,1073725440
58447833,1073725440,1073725440
59406833,1073725440,1073725440
59973833,1073725440,1073725440
