timestamp,rtt0,rtt1
611833,218,184
611833,218,184
829833,223,184
1052833,309,219
1361833,562,221
1923833,519,224
2442833,286,225
2728833,269,226
2997833,415,226
3412833,622,227
4034833,431,228
4465833,379,228
4844833,360,229
5204833,378,229
5582833,538,229
6120833,685,229
6805833,844,229
7649833,815,230
8464833,881,230
9345833,687,230
10032833,651,230
10683833,736,230
11419833,376,230
11795833,359,230
12154833,398,230
12552833,481,230
13033833,418,230
13451833,346,230
13797833,317,230
14114833,330,230
14444833,257,230
14701833,239,230
14940833,234,230
15174833,232,230
15406833,236,230
15642833,232,230
15874833,274,230
16148833,313,230
16461833,347,230
16808833,518,230
17326833,518,230
17844833,361,230
18205833,328,230
18533833,265,230
18798833,242,230
19040833,244,230
19284833,288,230
19572833,288,230
19860833,355,230
20215833,315,230
20530833,349,230
20879833,497,230
21376833,485,230
21861833,415,230
22276833,369,230
22645833,441,230
23086833,491,230
23577833,431,230
24008833,536,230
24544833,735,230
25279833,383,230
25662833,361,230
26023833,473,230
26496833,498,230
26994833,410,230
27404833,572,230
27976833,573,230
28549833,487,230
29036833,312,230
29348833,279,230
29627833,370,230
29997833,515,230
30512833,755,230
31267833,593,230
31860833,595,230
32455833,975,230
33430833,595,230
34025833,549,230
34574833,548,230
35122833,548,230
35670833,833,230
36503833,795,230
37298833,880,230
38178833,465,230
38643833,453,230
39096833,517,230
39613833,457,230
40070833,562,230
40632833,593,230
41225833,366,230
41591833,338,230
41929833,483,230
42412833,329,230
42741833,299,230
43040833,412,230
43452833,412,230
43864833,258,230
44122833,240,230
44362833,235,230
44597833,232,230
44829833,238,230
45067833,284,230
45351833,304,230
45655833,326,230
45981833,420,230
46401833,369,230
46770833,400,230
47170833,321,230
47491833,311,230
47802833,309,230
48111833,291,230
48402833,342,230
48744833,354,230
49098833,356,230
49454833,434,230
49888833,574,230
50462833,827,230
51289833,769,230
52058833,833,230
52891833,735,230
53626833,856,230
54482833,747,230
55229833,809,230
56038833,1373,230
57411833,1036,230
58447833,959,230
59406833,567,230
59973833,571,230
