timestamp,lastAckedSeq,highTxMark,availableTxBuffer,nextTxSeq,totalCwnd,unAckMeta
611833,5673,17017,1158,17017,11344,11344
611833,5673,17017,1158,17017,36708,11344
829833,11345,51049,1158,51049,36708,39704
1052833,29779,63811,1158,63811,34869,34032
1361833,48213,83663,1158,83663,35219,35450
1923833,86499,107769,1158,107769,20880,21270
2442833,121949,138965,1158,138965,17584,17016
2728833,140383,180087,2576,180087,42048,39704
2997833,155981,191431,1158,191431,34219,35450
3412833,182923,214119,1158,214119,29945,31196
4034833,224045,249569,1158,249569,25071,25524
4465833,252405,275093,1158,275093,24144,22688
4844833,276511,302035,1158,302035,24610,25524
5204833,300617,337485,1158,337485,37412,36868
5582833,324723,370099,1158,370099,45259,45376
6120833,358755,414057,1158,414057,53162,55302
6805833,402713,455179,1158,455179,51084,52466
7649833,458015,516153,1158,516153,54893,58138
8464833,510481,560111,1158,560111,45833,49630
9345833,570037,612577,1158,612577,40511,42540
10032833,615413,662207,2576,662207,45863,46794
10683833,656535,686313,1158,686313,28055,29778
11419833,707583,731689,1158,731689,23061,24106
11795833,731689,757213,1158,757213,25909,25524
12154833,754377,786991,1158,786991,31494,32614
12552833,779901,808261,1158,808261,28111,28360
13033833,812515,835203,1158,835203,23612,22688
13451833,840875,860727,1158,860727,20401,19852
13797833,862145,883415,1158,883415,21764,21270
14114833,881997,896177,1158,896177,13281,14180
14444833,900431,913193,1158,913193,13626,12762
14701833,913193,923119,1158,923119,11134,9926
14940833,923119,933045,1158,933045,11143,9926
15174833,934463,947225,1158,947225,13672,12762
15406833,947225,959987,1158,959987,13309,12762
15642833,959987,977003,1158,977003,17296,17016
15874833,975585,996855,1158,996855,22382,21270
16148833,992601,1015289,1158,1015289,22814,22688
16461833,1012453,1056411,1158,1056411,43258,43958
16808833,1033723,1064919,1158,1064919,29076,31196
17326833,1069173,1093279,1158,1093279,24816,24106
17844833,1103205,1124475,1158,1124475,22508,21270
18205833,1127311,1144327,1158,1144327,18082,17016
18533833,1147163,1161343,1158,1161343,14995,14180
18798833,1164179,1181195,1158,1181195,16577,17016
19040833,1181195,1201047,1158,1201047,20034,19852
19284833,1195375,1215227,1158,1215227,19653,19852
19572833,1215227,1239333,1158,1239333,25334,24106
19860833,1232243,1252095,1158,1252095,19622,19852
20215833,1256349,1279037,1158,1279037,23926,22688
20530833,1276201,1313069,1158,1313069,36383,36868
20879833,1298889,1330085,1158,1330085,30354,31196
21376833,1332921,1359863,1158,1359863,27332,26942
21861833,1364117,1386805,1158,1386805,23407,22688
22276833,1389641,1419419,1158,1419419,28542,29778
22645833,1415165,1447779,1158,1447779,32372,32614
23086833,1442107,1469049,1158,1469049,26477,26942
23577833,1474721,1511589,1158,1511589,34765,36868
24008833,1503081,1552711,1158,1552711,49027,49630
24544833,1535695,1559801,1158,1559801,20913,24106
25279833,1586743,1610849,1158,1610849,24071,24106
25662833,1612267,1643463,1158,1643463,31980,31196
26023833,1634955,1667569,1158,1667569,32229,32614
26496833,1666151,1690257,1158,1690257,22845,24106
26994833,1698765,1737051,1158,1737051,37300,38286
27404833,1724289,1762575,1158,1762575,35925,38286
27976833,1762575,1796607,1158,1796607,33040,34032
28549833,1800861,1823549,1158,1823549,22845,22688
29036833,1833475,1849073,2576,1849073,17585,15598
29348833,1853327,1880269,1158,1880269,26256,26942
29627833,1870343,1921391,1158,1921391,49802,51048
29997833,1894449,1939825,1158,1939825,45453,45376
30512833,1927063,1965349,1158,1965349,35652,38286
31267833,1976693,2016397,1158,2016397,37302,39704
31860833,2016397,2081625,1158,2081625,64532,65228
32455833,2051847,2100059,1158,2100059,43745,48212
33430833,2119911,2155361,2576,2155361,35102,35450
34025833,2158197,2192229,2576,2192229,34198,34032
34574833,2193647,2229097,2576,2229097,34343,35450
35122833,2229097,2284399,1158,2284399,54468,55302
35670833,2261711,2314177,1158,2314177,48342,52466
36503833,2317013,2375151,1158,2375151,54638,58138
37298833,2369479,2406347,1158,2406347,33711,36868
38178833,2430453,2458813,2576,2458813,29374,28360
38643833,2460231,2494263,1158,2494263,33371,34032
39096833,2488591,2518369,1158,2518369,27273,29778
39613833,2524041,2560909,1158,2560909,36525,36868
40070833,2552401,2592105,1158,2592105,37714,39704
40632833,2587851,2616211,1158,2616211,26500,28360
41225833,2628973,2650243,1158,2650243,22024,21270
41591833,2651661,2685693,1158,2685693,34068,34032
41929833,2674349,2695619,1158,2695619,21053,21270
42412833,2706963,2725397,1158,2725397,18830,18434
42741833,2728233,2758011,1158,2758011,28488,29778
43040833,2746667,2773609,1158,2773609,26492,26942
43452833,2775027,2787789,1158,2787789,13913,12762
43864833,2797715,2810477,1158,2810477,13653,12762
44122833,2811895,2826075,1158,2826075,15169,14180
44362833,2826075,2838837,1158,2838837,13996,12762
44597833,2840255,2855853,1158,2855853,16146,15598
44829833,2854435,2874287,1158,2874287,20717,19852
45067833,2868615,2889885,1158,2889885,20887,21270
45351833,2888467,2909737,1158,2909737,21756,21270
45655833,2908319,2936679,1158,2936679,28945,28360
45981833,2929589,2952277,1158,2952277,21764,22688
46401833,2956531,2982055,1158,2982055,25935,25524
46770833,2980637,3001907,1158,3001907,19977,21270
47170833,3006161,3026013,1158,3026013,19940,19852
47491833,3028849,3048701,1158,3048701,20313,19852
47802833,3048701,3067135,1158,3067135,19688,18434
48111833,3068553,3091241,1158,3091241,24139,22688
48402833,3086987,3111093,1158,3111093,23353,24106
48744833,3109675,3132363,1158,3132363,22803,22688
49098833,3132363,3162141,1158,3162141,29373,29778
49454833,3155051,3194755,1158,3194755,39064,39704
49888833,3181993,3241549,1158,3241549,58148,59556
50462833,3217443,3267073,1158,3267073,46114,49630
51289833,3272745,3328047,1158,3328047,51786,55302
52058833,3322375,3369169,1158,3369169,43874,46794
52891833,3377677,3432979,1158,3432979,53925,55302
53626833,3425889,3472683,1158,3472683,43477,46794
54482833,3482609,3535075,1158,3535075,50754,52466
55229833,3530821,3624409,1158,3624409,90973,93588
56038833,3579033,3649933,1158,3649933,62758,70900
57411833,3671203,3737849,1158,3737849,63125,66646
58447833,3743521,3776135,1158,3776135,31662,32614
59406833,3804495,3842781,1158,3842781,35714,38286
59973833,3842781,3879649,1158,3879649,36587,36868
