timestamp,rWnd0,rWnd1
611833,1073725440,1073725440
611833,1073725440,1073725440
829833,1073725440,1073725440
1052833,1073725440,1073725440
1361833,1073725440,1073725440
1857833,1073725440,1073725440
2155833,1073725440,1073725440
2439833,1073725440,1073725440
2702833,1073725440,1073725440
2945833,1073725440,1073725440
3202833,1073725440,1073725440
3462833,1073725440,1073725440
3709833,1073725440,1073725440
3948833,1073725440,1073725440
4183833,1073725440,1073725440
4416833,1073725440,1073725440
4649833,1073725440,1073725440
4880833,1073725440,1073725440
5111833,1073725440,1073725440
5355833,1073725440,1073725440
5631833,1073725440,1073725440
6000833,1073725440,1073725440
6510833,1073725440,1073725440
7073833,1073725440,1073725440
7887833,1073725440,1073725440
8673833,1073725440,1073725440
9427833,1073725440,1073725440
10032833,1073725440,1073725440
10394833,1073725440,1073725440
10705833,1073725440,1073725440
10995833,1073725440,1073725440
11246833,1073725440,1073725440
11530833,1073725440,1073725440
11848833,1073725440,1073725440
12231833,1073725440,1073725440
12633833,1073725440,1073725440
13016833,1073725440,1073725440
13397833,1073725440,1073725440
13798833,1073725440,1073725440
14243833,1073725440,1073725440
14795833,1073725440,1073725440
15222833,1073725440,1073725440
15672833,1073725440,1073725440
16124833,1073725440,1073725440
16640833,1073725440,1073725440
17105833,1073725440,1073725440
17624833,1073725440,1073725440
18094833,1073725440,1073725440
18777833,1073725440,1073725440
19670833,1073725440,1073725440
20599833,1073725440,1073725440
21528833,1073725440,1073725440
22204833,1073725440,1073725440
22835833,1073725440,1073725440
23547833,1073725440,1073725440
23969833,1073725440,1073725440
24375833,1073725440,1073725440
24779833,1073725440,1073725440
25303833,1073725440,1073725440
25982833,1073725440,1073725440
26648833,1073725440,1073725440
27277833,1073725440,1073725440
27821833,1073725440,1073725440
28391833,1073725440,1073725440
29074833,1073725440,1073725440
30055833,1073725440,1073725440
30954833,1073725440,1073725440
31765833,1073725440,1073725440
32622833,1073725440,1073725440
33480833,1073725440,1073725440
34059833,1073725440,1073725440
34631833,1073725440,1073725440
35079833,1073725440,1073725440
35575833,1073725440,1073725440
35851833,1073725440,1073725440
36115833,1073725440,1073725440
36445833,1073725440,1073725440
36830833,1073725440,1073725440
37251833,1073725440,1073725440
37526833,1073725440,1073725440
37772833,1073725440,1073725440
38011833,1073725440,1073725440
38249833,1073725440,1073725440
38600833,1073725440,1073725440
39081833,1073725440,1073725440
39648833,1073725440,1073725440
40240833,1073725440,1073725440
40947833,1073725440,1073725440
41707833,1073725440,1073725440
42047833,1073725440,1073725440
42349833,1073725440,1073725440
42616833,1073725440,1073725440
42862833,1073725440,1073725440
43119833,1073725440,1073725440
43362833,1073725440,1073725440
43597833,1073725440,1073725440
43829833,1073725440,1073725440
44060833,1073725440,1073725440
44291833,1073725440,1073725440
44524833,1073725440,1073725440
44755833,1073725440,1073725440
44993833,1073725440,1073725440
45226833,1073725440,1073725440
45458833,1073725440,1073725440
45691833,1073725440,1073725440
45922833,1073725440,1073725440
46160833,1073725440,1073725440
46459833,1073725440,1073725440
46766833,1073725440,1073725440
47094833,1073725440,1073725440
47350833,1073725440,1073725440
47588833,1073725440,1073725440
47821833,1073725440,1073725440
48060833,1073725440,1073725440
48322833,1073725440,1073725440
48565833,1073725440,1073725440
48800833,1073725440,1073725440
49037833,1073725440,1073725440
49270833,1073725440,1073725440
49518833,1073725440,1073725440
49792833,1073725440,1073725440
50148833,1073725440,1073725440
50618833,1073725440,1073725440
51289833,1073725440,1073725440
51986833,1073725440,1073725440
52747833,1073725440,1073725440
53213833,1073725440,1073725440
53606833,1073725440,1073725440
53955833,1073725440,1073725440
54408833,1073725440,1073725440
54973833,1073725440,1073725440
55650833,1073725440,1073725440
56385833,1073725440,1073725440
57216833,1073725440,1073725440
58258833,1073725440,1073725440
59154833,1073725440,1073725440
