timestamp,availableTxBuffer0,availableTxBuffer1
611833,246472,246472
611833,246472,246472
829833,222366,246472
1052833,232292,250726
1361833,235128,250726
1857833,235128,250726
2155833,237964,250726
2439833,237964,250726
2702833,236546,250726
2945833,236546,250726
3202833,245054,250726
3462833,245054,250726
3709833,246472,250726
3948833,246472,250726
4183833,243636,250726
4416833,245054,250726
4649833,246472,250726
4880833,240800,250726
5111833,236546,250726
5355833,226620,250726
5631833,212440,250726
6000833,220948,250726
6510833,201096,250726
7073833,205350,250726
7887833,206768,250726
8673833,211022,250726
9427833,226620,250726
10032833,233710,250726
10394833,235128,250726
10705833,239382,250726
10995833,235128,250726
11246833,233710,250726
11530833,228038,250726
11848833,228038,250726
12231833,229456,250726
12633833,229456,250726
13016833,228038,250726
13397833,225202,250726
13798833,218112,250726
14243833,230874,250726
14795833,225202,250726
15222833,225202,250726
15672833,220948,250726
16124833,225202,250726
16640833,220948,250726
17105833,225202,250726
17624833,209604,250726
18094833,196842,250726
18777833,196842,250726
19670833,196842,250726
20599833,206768,250726
21528833,215276,250726
22204833,211022,250726
22835833,225202,250726
23547833,228038,250726
23969833,228038,250726
24375833,219530,250726
24779833,209604,250726
25303833,212440,250726
25982833,213858,250726
26648833,220948,250726
27277833,218112,250726
27821833,211022,250726
28391833,191170,250726
29074833,196842,250726
30055833,205350,250726
30954833,201096,250726
31765833,201096,250726
32622833,216694,250726
33480833,218112,250726
34059833,229456,250726
34631833,222366,250726
35079833,237964,250726
35575833,236546,250726
35851833,230874,250726
36115833,228038,250726
36445833,226620,250726
36830833,235128,250726
37251833,237964,250726
37526833,237964,250726
37772833,237964,250726
38011833,223784,250726
38249833,212440,250726
38600833,220948,250726
39081833,218112,250726
39648833,209604,250726
40240833,206768,250726
40947833,225202,250726
41707833,235128,250726
42047833,236546,250726
42349833,237964,250726
42616833,236546,250726
42862833,237964,250726
43119833,242218,250726
43362833,240800,250726
43597833,243636,250726
43829833,245054,250726
44060833,242218,250726
44291833,242218,250726
44524833,239382,250726
44755833,240800,250726
44993833,246472,250726
45226833,243636,250726
45458833,243636,250726
45691833,240800,250726
45922833,233710,250726
46160833,233710,250726
46459833,232292,250726
46766833,237964,250726
47094833,240800,250726
47350833,240800,250726
47588833,239382,250726
47821833,236546,250726
48060833,240800,250726
48322833,243636,250726
48565833,239382,250726
48800833,242218,250726
49037833,237964,250726
49270833,235128,250726
49518833,229456,250726
49792833,220948,250726
50148833,206768,250726
50618833,211022,250726
51289833,206768,250726
51986833,218112,250726
52747833,228038,250726
53213833,232292,250726
53606833,223784,250726
53955833,216694,252144
54408833,211022,250726
54973833,208186,250726
55650833,202514,250726
56385833,189752,250726
57216833,196842,250726
58258833,201096,250726
59154833,205350,250726
