timestamp,cWnd0,cWnd1
611833,5672,5672
611833,30895,1500
829833,30895,1500
1052833,20417,1500
1361833,17429,1500
1857833,17728,1500
2155833,16600,1500
2439833,15159,1500
2702833,16835,1500
2945833,16021,1500
3202833,7839,1500
3462833,9131,1500
3709833,6821,1500
3948833,6281,1500
4183833,9025,1500
4416833,7659,1500
4649833,6494,1500
4880833,12137,1500
5111833,17001,1500
5355833,26448,1500
5631833,40298,1500
6000833,32459,1500
6510833,51368,1500
7073833,46849,1500
7887833,46371,1500
8673833,41982,1500
9427833,26407,1500
10032833,19271,1500
10394833,18197,1500
10705833,13919,1500
10995833,17030,1500
11246833,20704,1500
11530833,24323,1500
11848833,25142,1500
12231833,22855,1500
12633833,23785,1500
13016833,25034,1500
13397833,27476,1500
13798833,34158,1500
14243833,22458,1500
14795833,28196,1500
15222833,28074,1500
15672833,31618,1500
16124833,27852,1500
16640833,31505,1500
17105833,27884,1500
17624833,42823,1500
18094833,55513,1500
18777833,56044,1500
19670833,55663,1500
20599833,45936,1500
21528833,37561,1500
22204833,43359,1500
22835833,27475,1500
23547833,25398,1500
23969833,24678,1500
24375833,33383,1500
24779833,43226,1500
25303833,40249,1500
25982833,39033,1500
26648833,31305,1500
27277833,34316,1500
27821833,41995,1500
28391833,62319,1500
29074833,55828,1500
30055833,48044,1500
30954833,51885,1500
31765833,51242,1500
32622833,36584,1500
33480833,34615,1500
34059833,22693,1500
34631833,29901,1500
35079833,15276,1500
35575833,15709,1500
35851833,21848,1500
36115833,24495,1500
36445833,26323,1500
36830833,17650,1500
37251833,15315,1500
37526833,15225,1500
37772833,14273,1500
38011833,28801,1500
38249833,40538,1500
38600833,32058,1500
39081833,35690,1500
39648833,43856,1500
40240833,46668,1500
40947833,27668,1500
41707833,19534,1500
42047833,15681,1500
42349833,14536,1500
42616833,16349,1500
42862833,14671,1500
43119833,11128,1500
43362833,12643,1500
43597833,9063,1500
43829833,7880,1500
44060833,11064,1500
44291833,10600,1500
44524833,12885,1500
44755833,11753,1500
44993833,6544,1500
45226833,9514,1500
45458833,9614,1500
45691833,11845,1500
45922833,18626,1500
46160833,18582,1500
46459833,20089,1500
46766833,15163,1500
47094833,11373,1500
47350833,12139,1500
47588833,13909,1500
47821833,16034,1500
48060833,11723,1500
48322833,8967,1500
48565833,13053,1500
48800833,10848,1500
49037833,14627,1500
49270833,18055,1500
49518833,24687,1500
49792833,31603,1500
50148833,46161,1500
50618833,41712,1500
51289833,45718,1500
51986833,35426,1500
52747833,24808,1500
53213833,21125,1500
53606833,28440,1500
53955833,36464,1500
54408833,41705,1500
54973833,44291,1500
55650833,50582,1500
56385833,63016,1500
57216833,55683,1500
58258833,51829,1500
59154833,48125,1500
