timestamp,rtt0,rtt1
611833,218,184
611833,218,184
829833,223,184
1052833,309,219
1361833,496,221
1857833,298,223
2155833,284,224
2439833,263,225
2702833,243,226
2945833,257,226
3202833,260,227
3462833,247,227
3709833,239,227
3948833,235,228
4183833,233,228
4416833,233,228
4649833,231,228
4880833,231,228
5111833,244,229
5355833,276,229
5631833,369,229
6000833,510,229
6510833,563,229
7073833,814,229
7887833,786,230
8673833,754,230
9427833,605,230
10032833,362,230
10394833,311,230
10705833,290,230
10995833,251,230
11246833,284,230
11530833,318,230
11848833,383,230
12231833,402,230
12633833,383,230
13016833,381,230
13397833,401,230
13798833,445,230
14243833,552,230
14795833,427,230
15222833,450,230
15672833,452,230
16124833,516,230
16640833,465,230
17105833,519,230
17624833,470,230
18094833,683,230
18777833,893,230
19670833,929,230
20599833,929,230
21528833,676,230
22204833,631,230
22835833,712,230
23547833,422,230
23969833,406,230
24375833,404,230
24779833,524,230
25303833,679,230
25982833,666,230
26648833,629,230
27277833,544,230
27821833,570,230
28391833,683,230
29074833,981,230
30055833,899,230
30954833,811,230
31765833,857,230
32622833,858,230
33480833,579,230
34059833,572,230
34631833,448,230
35079833,496,230
35575833,276,230
35851833,264,230
36115833,330,230
36445833,385,230
36830833,421,230
37251833,275,230
37526833,246,230
37772833,239,230
38011833,238,230
38249833,351,230
38600833,481,230
39081833,567,230
39648833,592,230
40240833,707,230
40947833,760,230
41707833,340,230
42047833,302,230
42349833,267,230
42616833,246,230
42862833,257,230
43119833,243,230
43362833,235,230
43597833,232,230
43829833,231,230
44060833,231,230
44291833,233,230
44524833,231,230
44755833,238,230
44993833,233,230
45226833,232,230
45458833,233,230
45691833,231,230
45922833,238,230
46160833,299,230
46459833,307,230
46766833,328,230
47094833,256,230
47350833,238,230
47588833,233,230
47821833,239,230
48060833,262,230
48322833,243,230
48565833,235,230
48800833,237,230
49037833,233,230
49270833,248,230
49518833,274,230
49792833,356,230
50148833,470,230
50618833,671,230
51289833,697,230
51986833,761,230
52747833,466,230
53213833,393,230
53606833,349,230
53955833,453,230
54408833,565,230
54973833,677,230
55650833,735,230
56385833,831,230
57216833,1042,230
58258833,896,230
59154833,849,230
