timestamp,unAck0,unAck1
611833,5672,5672
611833,5672,5672
829833,29778,5672
1052833,19852,1418
1361833,17016,1418
1857833,17016,1418
2155833,14180,1418
2439833,14180,1418
2702833,15598,1418
2945833,15598,1418
3202833,7090,1418
3462833,7090,1418
3709833,5672,1418
3948833,5672,1418
4183833,8508,1418
4416833,7090,1418
4649833,5672,1418
4880833,11344,1418
5111833,15598,1418
5355833,25524,1418
5631833,39704,1418
6000833,31196,1418
6510833,51048,1418
7073833,46794,1418
7887833,45376,1418
8673833,41122,1418
9427833,25524,1418
10032833,18434,1418
10394833,17016,1418
10705833,12762,1418
10995833,17016,1418
11246833,18434,1418
11530833,24106,1418
11848833,24106,1418
12231833,22688,1418
12633833,22688,1418
13016833,24106,1418
13397833,26942,1418
13798833,34032,1418
14243833,21270,1418
14795833,26942,1418
15222833,26942,1418
15672833,31196,1418
16124833,26942,1418
16640833,31196,1418
17105833,26942,1418
17624833,42540,1418
18094833,55302,1418
18777833,55302,1418
19670833,55302,1418
20599833,45376,1418
21528833,36868,1418
22204833,41122,1418
22835833,26942,1418
23547833,24106,1418
23969833,24106,1418
24375833,32614,1418
24779833,42540,1418
25303833,39704,1418
25982833,38286,1418
26648833,31196,1418
27277833,34032,1418
27821833,41122,1418
28391833,60974,1418
29074833,55302,1418
30055833,46794,1418
30954833,51048,1418
31765833,51048,1418
32622833,35450,1418
33480833,34032,1418
34059833,22688,1418
34631833,29778,1418
35079833,14180,1418
35575833,15598,1418
35851833,21270,1418
36115833,24106,1418
36445833,25524,1418
36830833,17016,1418
37251833,14180,1418
37526833,14180,1418
37772833,14180,1418
38011833,28360,1418
38249833,39704,1418
38600833,31196,1418
39081833,34032,1418
39648833,42540,1418
40240833,45376,1418
40947833,26942,1418
41707833,17016,1418
42047833,15598,1418
42349833,14180,1418
42616833,15598,1418
42862833,14180,1418
43119833,9926,1418
43362833,11344,1418
43597833,8508,1418
43829833,7090,1418
44060833,9926,1418
44291833,9926,1418
44524833,12762,1418
44755833,11344,1418
44993833,5672,1418
45226833,8508,1418
45458833,8508,1418
45691833,11344,1418
45922833,18434,1418
46160833,18434,1418
46459833,19852,1418
46766833,14180,1418
47094833,11344,1418
47350833,11344,1418
47588833,12762,1418
47821833,15598,1418
48060833,11344,1418
48322833,8508,1418
48565833,12762,1418
48800833,9926,1418
49037833,14180,1418
49270833,17016,1418
49518833,22688,1418
49792833,31196,1418
50148833,45376,1418
50618833,41122,1418
51289833,45376,1418
51986833,34032,1418
52747833,24106,1418
53213833,19852,1418
53606833,28360,1418
53955833,35450,0
54408833,41122,1418
54973833,43958,1418
55650833,49630,1418
56385833,62392,1418
57216833,55302,1418
58258833,51048,1418
59154833,46794,1418
