timestamp,lastAckedSeq,highTxMark,availableTxBuffer,nextTxSeq,totalCwnd,unAckMeta
611833,5673,17017,1158,17017,11344,11344
611833,5673,17017,1158,17017,32395,11344
829833,11345,46795,1158,46795,32395,35450
1052833,29779,51049,1158,51049,21917,21270
1361833,49631,68065,1158,68065,18929,18434
1857833,82245,100679,1158,100679,19228,18434
2155833,103515,119113,2576,119113,18100,15598
2439833,120531,136129,1158,136129,16659,15598
2702833,137547,154563,1158,154563,18335,17016
2945833,154563,171579,1158,171579,17521,17016
3202833,170161,178669,1158,178669,9339,8508
3462833,181505,190013,2576,190013,10631,8508
3709833,190013,197103,1158,197103,8321,7090
3948833,197103,204193,1158,204193,7781,7090
4183833,205611,215537,1158,215537,10525,9926
4416833,215537,224045,1158,224045,9159,8508
4649833,224045,231135,1158,231135,7994,7090
4880833,231135,243897,1158,243897,13637,12762
5111833,243897,260913,1158,260913,18501,17016
5355833,259495,286437,1158,286437,27948,26942
5631833,277929,320469,1158,320469,41798,42540
6000833,299199,334649,1158,334649,33959,35450
6510833,333231,387115,1158,387115,52868,53884
7073833,368681,421147,1158,421147,48349,52466
7887833,422565,472195,1158,472195,47871,49630
8673833,473613,518989,1158,518989,43482,45376
9427833,526079,553021,1158,553021,27907,26942
10032833,565783,585635,1158,585635,20771,19852
10394833,588471,606905,1158,606905,19697,18434
10705833,608323,622503,1158,622503,15419,14180
10995833,626757,645191,1158,645191,18530,18434
11246833,643773,663625,2576,663625,22204,19852
11530833,660789,686313,1158,686313,25823,25524
11848833,682059,709001,1158,709001,26642,26942
12231833,706165,731689,1158,731689,24355,25524
12633833,733107,758631,1158,758631,25285,25524
13016833,758631,784155,1158,784155,26534,25524
13397833,782737,812515,1158,812515,28976,29778
13798833,808261,845129,1158,845129,35658,36868
14243833,836621,862145,1158,862145,23958,25524
14795833,873489,903267,1158,903267,29696,29778
15222833,901849,931627,1158,931627,29574,29778
15672833,931627,965659,1158,965659,33118,34032
16124833,959987,989765,1158,989765,29352,29778
16640833,992601,1028051,1158,1028051,33005,35450
17105833,1023797,1054993,1158,1054993,29384,31196
17624833,1059247,1104623,1158,1104623,44323,45376
18094833,1087607,1147163,1158,1147163,57013,59556
18777833,1131565,1192539,1158,1192539,57544,60974
19670833,1188285,1249259,1158,1249259,57163,60974
20599833,1250677,1300307,1158,1300307,47436,49630
21528833,1311651,1352773,1158,1352773,39061,41122
22204833,1357027,1402403,2576,1402403,44859,45376
22835833,1398149,1429345,1158,1429345,28975,31196
23547833,1446361,1473303,1158,1473303,26898,26942
23969833,1473303,1498827,1158,1498827,26178,25524
24375833,1498827,1534277,1158,1534277,34883,35450
24779833,1524351,1571145,1158,1571145,44726,46794
25303833,1558383,1602341,1158,1602341,41749,43958
25982833,1603759,1646299,1158,1646299,40533,42540
26648833,1647717,1683167,1158,1683167,32805,35450
27277833,1688839,1725707,1158,1725707,35816,36868
27821833,1724289,1768247,1158,1768247,43495,43958
28391833,1761157,1826385,1158,1826385,63819,65228
29074833,1802279,1864671,1158,1864671,57328,62392
30055833,1867507,1919973,1158,1919973,49544,52466
30954833,1927063,1983783,1158,1983783,53385,56720
31765833,1979529,2036249,1158,2036249,52742,56720
32622833,2037667,2077371,1158,2077371,38084,39704
33480833,2094387,2131255,1158,2131255,36115,36868
34059833,2132673,2158197,1158,2158197,24193,25524
34631833,2169541,2202155,1158,2202155,31401,32614
35079833,2199319,2216335,1158,2216335,16776,17016
35575833,2233351,2250367,1158,2250367,17209,17016
35851833,2250367,2273055,1158,2273055,23348,22688
36115833,2267383,2292907,1158,2292907,25995,25524
36445833,2288653,2317013,1158,2317013,27823,28360
36830833,2312759,2332611,1158,2332611,19150,19852
37251833,2342537,2358135,1158,2358135,16815,15598
37526833,2359553,2375151,1158,2375151,16725,15598
37772833,2376569,2392167,1158,2392167,15773,15598
38011833,2392167,2421945,1158,2421945,30301,29778
38249833,2406347,2448887,1158,2448887,42038,42540
38600833,2427617,2463067,1158,2463067,33558,35450
39081833,2460231,2498517,2576,2498517,37190,38286
39648833,2495681,2542475,1158,2542475,45356,46794
40240833,2533967,2583597,1158,2583597,48168,49630
40947833,2580761,2611957,1158,2611957,29168,31196
41707833,2633227,2653079,2576,2653079,21034,19852
42047833,2655915,2672931,1158,2672931,17181,17016
42349833,2674349,2689947,1158,2689947,16036,15598
42616833,2692783,2709799,1158,2709799,17849,17016
42862833,2708381,2723979,1158,2723979,16171,15598
43119833,2725397,2736741,1158,2736741,12628,11344
43362833,2738159,2750921,1158,2750921,14143,12762
43597833,2750921,2760847,1158,2760847,10563,9926
43829833,2760847,2769355,1158,2769355,9380,8508
44060833,2769355,2780699,1158,2780699,12564,11344
44291833,2780699,2792043,1158,2792043,12100,11344
44524833,2792043,2806223,1158,2806223,14385,14180
44755833,2806223,2818985,1158,2818985,13253,12762
44993833,2818985,2826075,1158,2826075,8044,7090
45226833,2826075,2836001,1158,2836001,11014,9926
45458833,2836001,2845927,1158,2845927,11114,9926
45691833,2845927,2858689,1158,2858689,13345,12762
45922833,2858689,2878541,1158,2878541,20126,19852
46160833,2872869,2894139,1158,2894139,20082,21270
46459833,2894139,2915409,1158,2915409,21589,21270
46766833,2913991,2929589,1158,2929589,16663,15598
47094833,2933843,2946605,1158,2946605,12873,12762
47350833,2948023,2960785,1158,2960785,13639,12762
47588833,2960785,2974965,1158,2974965,15409,14180
47821833,2974965,2991981,1158,2991981,17534,17016
48060833,2990563,3003325,1158,3003325,13223,12762
48322833,3003325,3013251,1158,3013251,10467,9926
48565833,3014669,3028849,1158,3028849,14553,14180
48800833,3028849,3040193,1158,3040193,12348,11344
49037833,3040193,3055791,1158,3055791,16127,15598
49270833,3055791,3074225,1158,3074225,19555,18434
49518833,3072807,3096913,2576,3096913,26187,24106
49792833,3088405,3122437,1158,3122437,33103,34032
50148833,3111093,3160723,1158,3160723,47661,49630
50618833,3140871,3187665,1158,3187665,43212,46794
51289833,3184829,3234459,1158,3234459,47218,49630
51986833,3230205,3268491,1158,3268491,36926,38286
52747833,3282671,3308195,1158,3308195,26308,25524
53213833,3312449,3333719,1158,3333719,22625,21270
53606833,3337973,3369169,1158,3369169,29940,31196
53955833,3359243,3397529,1158,3397529,37964,38286
54408833,3389021,3432979,1158,3432979,43205,43958
54973833,3425889,3474101,1158,3474101,45791,48212
55650833,3468429,3523731,1158,3523731,52082,55302
56385833,3516641,3584705,1158,3584705,64516,68064
57216833,3570525,3631499,1158,3631499,57183,60974
58258833,3640007,3696727,1158,3696727,53329,56720
59154833,3698145,3749193,1158,3749193,49625,51048
