timestamp,cWnd0,cWnd1
611833,5672,5672
611833,36802,1500
829833,36802,1500
1052833,17486,1500
1361833,10610,1500
1930833,8982,1500
2237833,10129,1500
2490833,7524,1500
2729833,9386,1500
2963833,17553,1500
3195833,12235,1500
3490833,17122,1500
3751833,23467,1500
4036833,23420,1500
4386833,24126,1500
4762833,21222,1500
5162833,24952,1500
5512833,22215,1500
5909833,23736,1500
6276833,33401,1500
6654833,38394,1500
7166833,30476,1500
7788833,42116,1500
8327833,54552,1500
9010833,57127,1500
9895833,44668,1500
10847833,39930,1500
11540833,49991,1500
12208833,41438,1500
13036833,56581,1500
13769833,41303,1500
14695833,63623,1500
15500833,35546,1500
16545833,43940,1500
17251833,58007,1500
17965833,60420,1500
18909833,50412,1500
19909833,61862,1500
20800833,72056,1500
21824833,63988,1500
23014833,90136,1500
24117833,65511,1500
25617833,76059,1500
26852833,55268,1500
28116833,65177,1500
29152833,43639,1500
30224833,33557,1500
30795833,27451,1500
31331833,30344,1500
31802833,28610,1500
32299833,23993,1500
32764833,30078,1500
33171833,30254,1500
33661833,26736,1500
34160833,39738,1500
34605833,32553,1500
35245833,29259,1500
35763833,23095,1500
36219833,24104,1500
36605833,17387,1500
36986833,18497,1500
37290833,20341,1500
37598833,20575,1500
37926833,23724,1500
38258833,24151,1500
38630833,23830,1500
39029833,28561,1500
39413833,17267,1500
39875833,17071,1500
40184833,11207,1500
40474833,12152,1500
40722833,13479,1500
40959833,19007,1500
41199833,8603,1500
41495833,7919,1500
41762833,8715,1500
42011833,10490,1500
42249833,8783,1500
42482833,13223,1500
42713833,26676,1500
42950833,14228,1500
43284833,11953,1500
43615833,14114,1500
43873833,21028,1500
44116833,14519,1500
44425833,21804,1500
44701833,19934,1500
45038833,25675,1500
45374833,38937,1500
45785833,35970,1500
46359833,32425,1500
46959833,39218,1500
47500833,45554,1500
48138833,39667,1500
48891833,39780,1500
49548833,21834,1500
50214833,14896,1500
50480833,20102,1500
50725833,29994,1500
51033833,40093,1500
51452833,28257,1500
52032833,18111,1500
52437833,20408,1500
52752833,12429,1500
53082833,10543,1500
53342833,8662,1500
53584833,8034,1500
53820833,8743,1500
54053833,7959,1500
54284833,7018,1500
54515833,7519,1500
54745833,8659,1500
54976833,8471,1500
55210833,6450,1500
55442833,6979,1500
55673833,11570,1500
55903833,16906,1500
56155833,13807,1500
56438833,15663,1500
56686833,7229,1500
56944833,8789,1500
57189833,7843,1500
57426833,8025,1500
57660833,11946,1500
57892833,10563,1500
58126833,9219,1500
58357833,19012,1500
58588833,22877,1500
58886833,25995,1500
59239833,27817,1500
59652833,16889,1500
