timestamp,unAck0,unAck1
611833,5672,5672
611833,5672,5672
829833,35450,5672
1052833,22688,1418
1361833,9926,1418
1930833,8508,1418
2237833,9926,1418
2490833,7090,1418
2729833,8508,1418
2963833,17016,1418
3195833,11344,1418
3490833,17016,0
3751833,22688,1418
4036833,22688,1418
4386833,24106,1418
4762833,18434,1418
5162833,24106,0
5512833,21270,1418
5909833,22688,1418
6276833,32614,1418
6654833,38286,1418
7166833,29778,1418
7788833,41122,0
8327833,53884,1418
9010833,55302,1418
9895833,43958,1418
10847833,39704,1418
11540833,49630,1418
12208833,41122,1418
13036833,55302,1418
13769833,41122,1418
14695833,62392,1418
15500833,35450,1418
16545833,42540,1418
17251833,56720,1418
17965833,59556,1418
18909833,49630,1418
19909833,60974,1418
20800833,70900,1418
21824833,63810,1418
23014833,89334,1418
24117833,65228,1418
25617833,75154,1418
26852833,53884,1418
28116833,63810,1418
29152833,42540,1418
30224833,32614,0
30795833,26942,1418
31331833,28360,1418
31802833,28360,1418
32299833,22688,1418
32764833,29778,1418
33171833,29778,1418
33661833,25524,1418
34160833,39704,1418
34605833,31196,1418
35245833,28360,0
35763833,22688,1418
36219833,22688,1418
36605833,17016,1418
36986833,18434,1418
37290833,19852,1418
37598833,19852,1418
37926833,22688,1418
38258833,24106,1418
38630833,22688,1418
39029833,28360,1418
39413833,17016,1418
39875833,17016,1418
40184833,9926,1418
40474833,11344,1418
40722833,12762,1418
40959833,18434,1418
41199833,8508,1418
41495833,7090,1418
41762833,8508,1418
42011833,9926,1418
42249833,8508,1418
42482833,12762,1418
42713833,25524,1418
42950833,14180,1418
43284833,11344,1418
43615833,11344,1418
43873833,19852,1418
44116833,14180,1418
44425833,21270,1418
44701833,19852,0
45038833,25524,1418
45374833,38286,1418
45785833,35450,1418
46359833,31196,1418
46959833,38286,1418
47500833,45376,1418
48138833,38286,1418
48891833,39704,1418
49548833,21270,1418
50214833,14180,1418
50480833,19852,1418
50725833,29778,1418
51033833,39704,1418
51452833,26942,1418
52032833,17016,1418
52437833,19852,1418
52752833,11344,1418
53082833,9926,1418
53342833,8508,1418
53584833,7090,1418
53820833,8508,1418
54053833,7090,1418
54284833,5672,1418
54515833,7090,1418
54745833,8508,1418
54976833,7090,1418
55210833,5672,1418
55442833,5672,1418
55673833,11344,1418
55903833,15598,1418
56155833,12762,1418
56438833,15598,1418
56686833,7090,1418
56944833,8508,1418
57189833,7090,1418
57426833,7090,1418
57660833,11344,1418
57892833,9926,1418
58126833,8508,1418
58357833,18434,1418
58588833,22688,1418
58886833,25524,1418
59239833,26942,1418
59652833,15598,1418
