timestamp,availableTxBuffer0,availableTxBuffer1
611833,246472,246472
611833,246472,246472
829833,216694,246472
1052833,229456,250726
1361833,242218,250726
1930833,243636,250726
2237833,242218,250726
2490833,245054,250726
2729833,243636,250726
2963833,235128,250726
3195833,240800,250726
3490833,235128,252144
3751833,229456,250726
4036833,229456,250726
4386833,228038,250726
4762833,233710,250726
5162833,228038,252144
5512833,230874,250726
5909833,229456,250726
6276833,219530,250726
6654833,213858,250726
7166833,222366,250726
7788833,211022,252144
8327833,198260,250726
9010833,196842,250726
9895833,208186,250726
10847833,212440,250726
11540833,202514,250726
12208833,211022,250726
13036833,196842,250726
13769833,211022,250726
14695833,189752,250726
15500833,216694,250726
16545833,209604,250726
17251833,195424,250726
17965833,192588,250726
18909833,202514,250726
19909833,191170,250726
20800833,181244,250726
21824833,188334,250726
23014833,162810,250726
24117833,186916,250726
25617833,176990,250726
26852833,198260,250726
28116833,188334,250726
29152833,209604,250726
30224833,219530,252144
30795833,225202,250726
31331833,223784,250726
31802833,223784,250726
32299833,229456,250726
32764833,222366,250726
33171833,222366,250726
33661833,226620,250726
34160833,212440,250726
34605833,220948,250726
35245833,223784,252144
35763833,229456,250726
36219833,229456,250726
36605833,235128,250726
36986833,233710,250726
37290833,232292,250726
37598833,232292,250726
37926833,229456,250726
38258833,228038,250726
38630833,229456,250726
39029833,223784,250726
39413833,235128,250726
39875833,235128,250726
40184833,242218,250726
40474833,240800,250726
40722833,239382,250726
40959833,233710,250726
41199833,243636,250726
41495833,245054,250726
41762833,243636,250726
42011833,242218,250726
42249833,243636,250726
42482833,239382,250726
42713833,226620,250726
42950833,237964,250726
43284833,240800,250726
43615833,240800,250726
43873833,232292,250726
44116833,237964,250726
44425833,230874,250726
44701833,232292,252144
45038833,226620,250726
45374833,213858,250726
45785833,216694,250726
46359833,220948,250726
46959833,213858,250726
47500833,206768,250726
48138833,213858,250726
48891833,212440,250726
49548833,230874,250726
50214833,237964,250726
50480833,232292,250726
50725833,222366,250726
51033833,212440,250726
51452833,225202,250726
52032833,235128,250726
52437833,232292,250726
52752833,240800,250726
53082833,242218,250726
53342833,243636,250726
53584833,245054,250726
53820833,243636,250726
54053833,245054,250726
54284833,246472,250726
54515833,245054,250726
54745833,243636,250726
54976833,245054,250726
55210833,246472,250726
55442833,246472,250726
55673833,240800,250726
55903833,236546,250726
56155833,239382,250726
56438833,236546,250726
56686833,245054,250726
56944833,243636,250726
57189833,245054,250726
57426833,245054,250726
57660833,240800,250726
57892833,242218,250726
58126833,243636,250726
58357833,233710,250726
58588833,229456,250726
58886833,226620,250726
59239833,225202,250726
59652833,236546,250726
