timestamp,rtt0,rtt1
611833,218,184
611833,218,184
829833,223,184
1052833,309,219
1361833,569,221
1930833,307,224
2237833,253,225
2490833,239,225
2729833,234,226
2963833,232,227
3195833,295,227
3490833,261,228
3751833,285,228
4036833,350,228
4386833,376,228
4762833,400,229
5162833,350,229
5512833,397,229
5909833,367,229
6276833,378,229
6654833,512,229
7166833,622,229
7788833,539,230
8327833,683,230
9010833,885,230
9895833,952,230
10847833,693,230
11540833,668,230
12208833,828,230
13036833,733,230
13769833,926,230
14695833,805,230
15500833,1045,230
16545833,706,230
17251833,714,230
17965833,944,230
18909833,1000,230
19909833,891,230
20800833,1024,230
21824833,1190,230
23014833,1103,230
24117833,1500,230
25617833,1235,230
26852833,1264,230
28116833,1036,230
29152833,1072,230
30224833,571,230
30795833,536,230
31331833,471,230
31802833,497,230
32299833,465,230
32764833,407,230
33171833,490,230
33661833,499,230
34160833,445,230
34605833,640,230
35245833,518,230
35763833,456,230
36219833,386,230
36605833,381,230
36986833,304,230
37290833,308,230
37598833,328,230
37926833,332,230
38258833,372,230
38630833,399,230
39029833,384,230
39413833,462,230
39875833,309,230
40184833,290,230
40474833,248,230
40722833,237,230
40959833,240,230
41199833,296,230
41495833,267,230
41762833,249,230
42011833,238,230
42249833,233,230
42482833,231,230
42713833,237,230
42950833,334,230
43284833,331,230
43615833,258,230
43873833,243,230
44116833,309,230
44425833,276,230
44701833,337,230
45038833,336,230
45374833,411,230
45785833,574,230
46359833,600,230
46959833,541,230
47500833,638,230
48138833,753,230
48891833,657,230
49548833,666,230
50214833,266,230
50480833,245,230
50725833,308,230
51033833,419,230
51452833,580,230
52032833,405,230
52437833,315,230
52752833,330,230
53082833,260,230
53342833,242,230
53584833,236,230
53820833,233,230
54053833,231,230
54284833,231,230
54515833,230,230
54745833,231,230
54976833,234,230
55210833,232,230
55442833,231,230
55673833,230,230
55903833,252,230
56155833,283,230
56438833,248,230
56686833,258,230
56944833,245,230
57189833,237,230
57426833,234,230
57660833,232,230
57892833,234,230
58126833,231,230
58357833,231,230
58588833,298,230
58886833,353,230
59239833,413,230
59652833,446,230
