timestamp,rWnd0,rWnd1
611833,1073725440,1073725440
611833,1073725440,1073725440
829833,1073725440,1073725440
1052833,1073725440,1073725440
1361833,1073725440,1073725440
1930833,1073725440,1073725440
2237833,1073725440,1073725440
2490833,1073725440,1073725440
2729833,1073725440,1073725440
2963833,1073725440,1073725440
3195833,1073725440,1073725440
3490833,1073725440,1073725440
3751833,1073725440,1073725440
4036833,1073725440,1073725440
4386833,1073725440,1073725440
4762833,1073725440,1073725440
5162833,1073725440,1073725440
5512833,1073725440,1073725440
5909833,1073725440,1073725440
6276833,1073725440,1073725440
6654833,1073725440,1073725440
7166833,1073725440,1073725440
7788833,1073725440,1073725440
8327833,1073725440,1073725440
9010833,1073725440,1073725440
9895833,1073725440,1073725440
10847833,1073725440,1073725440
11540833,1073725440,1073725440
12208833,1073725440,1073725440
13036833,1073725440,1073725440
13769833,1073725440,1073725440
14695833,1073725440,1073725440
15500833,1073725440,1073725440
16545833,1073725440,1073725440
17251833,1073725440,1073725440
17965833,1073725440,1073725440
18909833,1073725440,1073725440
19909833,1073725440,1073725440
20800833,1073725440,1073725440
21824833,1073725440,1073725440
23014833,1073725440,1073725440
24117833,1073725440,1073725440
25617833,1073725440,1073725440
26852833,1073725440,1073725440
28116833,1073725440,1073725440
29152833,1073725440,1073725440
30224833,1073725440,1073725440
30795833,1073725440,1073725440
31331833,1073725440,1073725440
31802833,1073725440,1073725440
32299833,1073725440,1073725440
32764833,1073725440,1073725440
33171833,1073725440,1073725440
33661833,1073725440,1073725440
34160833,1073725440,1073725440
34605833,1073725440,1073725440
35245833,1073725440,1073725440
35763833,1073725440,1073725440
36219833,1073725440,1073725440
36605833,1073725440,1073725440
36986833,1073725440,1073725440
37290833,1073725440,1073725440
37598833,1073725440,1073725440
37926833,1073725440,1073725440
38258833,1073725440,1073725440
38630833,1073725440,1073725440
39029833,1073725440,1073725440
39413833,1073725440,1073725440
39875833,1073725440,1073725440
40184833,1073725440,1073725440
40474833,1073725440,1073725440
40722833,1073725440,1073725440
40959833,1073725440,1073725440
41199833,1073725440,1073725440
41495833,1073725440,1073725440
41762833,1073725440,1073725440
42011833,1073725440,1073725440
42249833,1073725440,1073725440
42482833,1073725440,1073725440
42713833,1073725440,1073725440
42950833,1073725440,1073725440
43284833,1073725440,1073725440
43615833,1073725440,1073725440
43873833,1073725440,1073725440
44116833,1073725440,1073725440
44425833,1073725440,1073725440
44701833,1073725440,1073725440
45038833,1073725440,1073725440
45374833,1073725440,1073725440
45785833,1073725440,1073725440
46359833,1073725440,1073725440
46959833,1073725440,1073725440
47500833,1073725440,1073725440
48138833,1073725440,1073725440
48891833,1073725440,1073725440
49548833,1073725440,1073725440
50214833,1073725440,1073725440
50480833,1073725440,1073725440
50725833,1073725440,1073725440
51033833,1073725440,1073725440
51452833,1073725440,1073725440
52032833,1073725440,1073725440
52437833,1073725440,1073725440
52752833,1073725440,1073725440
53082833,1073725440,1073725440
53342833,1073725440,1073725440
53584833,1073725440,1073725440
53820833,1073725440,1073725440
54053833,1073725440,1073725440
54284833,1073725440,1073725440
54515833,1073725440,1073725440
54745833,1073725440,1073725440
54976833,1073725440,1073725440
55210833,1073725440,1073725440
55442833,1073725440,1073725440
55673833,1073725440,1073725440
55903833,1073725440,1073725440
56155833,1073725440,1073725440
56438833,1073725440,1073725440
56686833,1073725440,1073725440
56944833,1073725440,1073725440
57189833,1073725440,1073725440
57426833,1073725440,1073725440
57660833,1073725440,1073725440
57892833,1073725440,1073725440
58126833,1073725440,1073725440
58357833,1073725440,1073725440
58588833,1073725440,1073725440
58886833,1073725440,1073725440
59239833,1073725440,1073725440
59652833,1073725440,1073725440
