timestamp,lastAckedSeq,highTxMark,availableTxBuffer,nextTxSeq,totalCwnd,unAckMeta
611833,5673,17017,1158,17017,11344,11344
611833,5673,17017,1158,17017,38302,11344
829833,11345,52467,1158,52467,38302,41122
1052833,29779,53885,1158,53885,18986,24106
1361833,48213,60975,1158,60975,12110,12762
1930833,75155,85081,1158,85081,10482,9926
2237833,89335,100679,1158,100679,11629,11344
2490833,100679,109187,1158,109187,9024,8508
2729833,110605,120531,1158,120531,10886,9926
2963833,120531,138965,1158,138965,19053,18434
3195833,136129,148891,1158,148891,13735,12762
3490833,151727,170161,1158,170161,18622,18434
3751833,168743,194267,1158,194267,24967,25524
4036833,187177,212701,1158,212701,24920,25524
4386833,211283,236807,1158,236807,25626,25524
4762833,235389,256659,2576,256659,22722,21270
5162833,260913,286437,1158,286437,26452,25524
5512833,283601,307707,1158,307707,23715,24106
5909833,310543,336067,1158,336067,25236,25524
6276833,334649,368681,1158,368681,34901,34032
6654833,357337,399877,1158,399877,39894,42540
7166833,389951,423983,1158,423983,31976,34032
7788833,431073,475031,1158,475031,43616,43958
8327833,466523,524661,1158,524661,56052,58138
9010833,510481,571455,2576,571455,58627,60974
9895833,567201,616831,1158,616831,46168,49630
10847833,629593,673551,1158,673551,41430,43958
11540833,674969,728853,1158,728853,51491,53884
12208833,717509,764303,1158,764303,42938,46794
13036833,772811,832367,1158,832367,58081,59556
13769833,821023,867817,1158,867817,42803,46794
14695833,881997,948643,1158,948643,65123,66646
15500833,931627,974167,1158,974167,37046,42540
16545833,1002527,1049321,1158,1049321,45440,46794
17251833,1049321,1110295,1158,1110295,59507,60974
17965833,1094697,1159925,1158,1159925,61920,65228
18909833,1155671,1210973,1158,1210973,51912,55302
19909833,1220899,1287545,1158,1287545,63362,66646
20800833,1279037,1355609,1158,1355609,73556,76572
21824833,1344265,1415165,1158,1415165,65488,70900
23014833,1422255,1518679,1158,1518679,91636,96424
24117833,1493155,1566891,1158,1566891,67011,73736
25617833,1592415,1674659,1158,1674659,77559,82244
26852833,1673241,1734215,1158,1734215,56768,60974
28116833,1756903,1827803,1158,1827803,66677,70900
29152833,1823549,1873179,1158,1873179,45139,49630
30224833,1897285,1932735,1158,1932735,35057,35450
30795833,1935571,1965349,1158,1965349,28951,29778
31331833,1971021,2002217,2576,2002217,31844,31196
31802833,2000799,2031995,1158,2031995,30110,31196
32299833,2034831,2058937,1158,2058937,25493,24106
32764833,2064609,2097223,1158,2097223,31578,32614
33171833,2091551,2124165,1158,2124165,31754,32614
33661833,2122747,2151107,1158,2151107,28236,28360
34160833,2155361,2197901,1158,2197901,41238,42540
34605833,2183721,2219171,1158,2219171,34053,35450
35245833,2224843,2256039,1158,2256039,30759,31196
35763833,2260293,2285817,1158,2285817,24595,25524
36219833,2290071,2315595,1158,2315595,25604,25524
36605833,2315595,2334029,1158,2334029,18887,18434
36986833,2339701,2360971,1158,2360971,19997,21270
37290833,2360971,2382241,1158,2382241,21841,21270
37598833,2380823,2402093,1158,2402093,22075,21270
37926833,2402093,2427617,1158,2427617,25224,25524
38258833,2424781,2450305,1158,2450305,25651,25524
38630833,2447469,2472993,1158,2472993,25330,25524
39029833,2474411,2504189,1158,2504189,30061,29778
39413833,2498517,2518369,1158,2518369,18767,19852
39875833,2529713,2548147,1158,2548147,18571,18434
40184833,2548147,2559491,1158,2559491,12707,11344
40474833,2562327,2575089,1158,2575089,13652,12762
40722833,2576507,2592105,1158,2592105,14979,15598
40959833,2592105,2611957,1158,2611957,20507,19852
41199833,2606285,2617629,1158,2617629,10103,11344
41495833,2620465,2628973,1158,2628973,9419,8508
41762833,2630391,2640317,1158,2640317,10215,9926
42011833,2641735,2653079,1158,2653079,11990,11344
42249833,2653079,2663005,1158,2663005,10283,9926
42482833,2663005,2677185,1158,2677185,14723,14180
42713833,2677185,2704127,1158,2704127,28176,26942
42950833,2691365,2708381,1158,2708381,15728,17016
43284833,2711217,2723979,1158,2723979,13453,12762
43615833,2732487,2745249,2576,2745249,15614,12762
43873833,2748085,2769355,1158,2769355,22528,21270
44116833,2763683,2779281,1158,2779281,16019,15598
44425833,2783535,2806223,1158,2806223,23304,22688
44701833,2800551,2821821,1158,2821821,21434,21270
45038833,2821821,2850181,1158,2850181,27175,28360
45374833,2845927,2885631,2576,2885631,40437,39704
45785833,2870033,2909737,1158,2909737,37470,39704
46359833,2908319,2942351,1158,2942351,33925,34032
46959833,2946605,2989145,1158,2989145,40718,42540
47500833,2983473,3031685,2576,3031685,47054,48212
48138833,3023177,3065717,1158,3065717,41167,42540
48891833,3072807,3116765,1158,3116765,41280,43958
49548833,3115347,3140871,1158,3140871,23334,25524
50214833,3162141,3177739,1158,3177739,16396,15598
50480833,3179157,3200427,1158,3200427,21602,21270
50725833,3194755,3227369,1158,3227369,31494,32614
51033833,3214607,3257147,1158,3257147,41593,42540
51452833,3240131,3271327,1158,3271327,29757,31196
52032833,3279835,3298269,1158,3298269,19611,18434
52437833,3305359,3328047,1158,3328047,21908,22688
52752833,3328047,3340809,1158,3340809,13929,12762
53082833,3343645,3354989,1158,3354989,12043,11344
53342833,3354989,3364915,1158,3364915,10162,9926
53584833,3364915,3373423,1158,3373423,9534,8508
53820833,3374841,3384767,1158,3384767,10243,9926
54053833,3384767,3393275,1158,3393275,9459,8508
54284833,3393275,3400365,1158,3400365,8518,7090
54515833,3400365,3408873,1158,3408873,9019,8508
54745833,3408873,3418799,1158,3418799,10159,9926
54976833,3418799,3427307,1158,3427307,9971,8508
55210833,3427307,3434397,1158,3434397,7950,7090
55442833,3434397,3441487,1158,3441487,8479,7090
55673833,3441487,3454249,1158,3454249,13070,12762
55903833,3454249,3471265,1158,3471265,18406,17016
56155833,3469847,3484027,1158,3484027,15307,14180
56438833,3486863,3503879,1158,3503879,17163,17016
56686833,3503879,3512387,1158,3512387,8729,8508
56944833,3513805,3523731,1158,3523731,10289,9926
57189833,3523731,3532239,1158,3532239,9343,8508
57426833,3532239,3540747,1158,3540747,9525,8508
57660833,3542165,3554927,1158,3554927,13446,12762
57892833,3554927,3566271,1158,3566271,12063,11344
58126833,3566271,3576197,1158,3576197,10719,9926
58357833,3576197,3596049,1158,3596049,20512,19852
58588833,3590377,3614483,1158,3614483,24377,24106
58886833,3610229,3638589,1158,3638589,27495,28360
59239833,3632917,3662695,1158,3662695,29317,29778
59652833,3659859,3678293,1158,3678293,18389,18434
