timestamp,rtt0,rtt1
611833,218,184
611833,218,184
829833,223,184
1052833,305,219
1357833,328,221
1685833,314,223
1999833,367,224
2366833,299,225
2665833,307,226
2972833,328,226
3300833,417,227
3717833,486,227
4203833,499,228
4702833,628,228
5330833,590,229
5920833,454,229
6374833,496,229
6870833,564,229
7434833,858,229
8292833,794,230
9086833,833,230
9919833,857,230
10776833,518,230
11294833,353,230
11647833,324,230
11971833,270,230
12241833,300,230
12541833,389,230
12930833,459,230
13389833,535,230
13924833,522,230
14446833,501,230
14947833,566,230
15513833,272,230
15785833,245,230
16030833,244,230
16274833,282,230
16556833,360,230
16916833,315,230
17231833,454,230
17685833,514,230
18199833,803,230
19002833,907,230
19909833,906,230
20815833,929,230
21744833,661,230
22405833,564,230
22969833,403,230
23372833,404,230
23776833,601,230
24377833,705,230
25082833,355,230
25437833,320,230
25757833,369,230
26126833,543,230
26669833,486,230
27155833,400,230
27555833,446,230
28001833,346,230
28347833,458,230
28805833,410,230
29215833,281,230
29496833,284,230
29780833,251,230
30031833,258,230
30289833,242,230
30531833,321,230
30852833,274,230
31126833,249,230
31375833,308,230
31683833,360,230
32043833,274,230
32317833,264,230
32581833,240,230
32821833,233,230
33054833,242,230
33296833,281,230
33577833,256,230
33833833,242,230
34075833,235,230
34310833,247,230
34557833,236,230
34793833,239,230
35032833,270,230
35302833,248,230
35550833,293,230
35843833,415,230
36258833,452,230
36710833,535,230
37245833,756,230
38001833,809,230
38810833,752,230
39562833,809,230
40371833,617,230
40988833,566,230
41554833,331,230
41885833,306,230
42191833,277,230
42468833,369,230
42837833,294,230
43131833,252,230
43383833,241,230
43624833,235,230
43859833,232,230
44091833,235,230
44326833,282,230
44608833,317,230
44925833,365,230
45290833,378,230
45668833,322,230
45990833,272,230
46262833,263,230
46525833,358,230
46883833,491,230
47374833,601,230
47975833,596,230
48571833,595,230
49166833,618,230
49784833,337,230
50121833,314,230
50435833,369,230
50804833,516,230
51320833,646,230
51966833,352,230
52318833,335,230
52653833,251,230
52904833,238,230
53142833,270,230
53412833,246,230
53658833,235,230
53893833,294,230
54187833,290,230
54477833,305,230
54782833,250,230
55032833,240,230
55272833,256,230
55528833,239,230
55767833,234,230
56001833,232,230
56233833,231,230
56464833,230,230
56694833,230,230
56924833,230,230
57154833,230,230
57384833,231,230
57615833,233,230
57848833,249,230
58097833,240,230
58337833,233,230
58570833,302,230
58872833,295,230
59167833,288,230
59455833,323,230
59778833,265,230
