timestamp,rWnd0,rWnd1
611833,1073725440,1073725440
611833,1073725440,1073725440
829833,1073725440,1073725440
1052833,1073725440,1073725440
1357833,1073725440,1073725440
1685833,1073725440,1073725440
1999833,1073725440,1073725440
2366833,1073725440,1073725440
2665833,1073725440,1073725440
2972833,1073725440,1073725440
3300833,1073725440,1073725440
3717833,1073725440,1073725440
4203833,1073725440,1073725440
4702833,1073725440,1073725440
5330833,1073725440,1073725440
5920833,1073725440,1073725440
6374833,1073725440,1073725440
6870833,1073725440,1073725440
7434833,1073725440,1073725440
8292833,1073725440,1073725440
9086833,1073725440,1073725440
9919833,1073725440,1073725440
10776833,1073725440,1073725440
11294833,1073725440,1073725440
11647833,1073725440,1073725440
11971833,1073725440,1073725440
12241833,1073725440,1073725440
12541833,1073725440,1073725440
12930833,1073725440,1073725440
13389833,1073725440,1073725440
13924833,1073725440,1073725440
14446833,1073725440,1073725440
14947833,1073725440,1073725440
15513833,1073725440,1073725440
15785833,1073725440,1073725440
16030833,1073725440,1073725440
16274833,1073725440,1073725440
16556833,1073725440,1073725440
16916833,1073725440,1073725440
17231833,1073725440,1073725440
17685833,1073725440,1073725440
18199833,1073725440,1073725440
19002833,1073725440,1073725440
19909833,1073725440,1073725440
20815833,1073725440,1073725440
21744833,1073725440,1073725440
22405833,1073725440,1073725440
22969833,1073725440,1073725440
23372833,1073725440,1073725440
23776833,1073725440,1073725440
24377833,1073725440,1073725440
25082833,1073725440,1073725440
25437833,1073725440,1073725440
25757833,1073725440,1073725440
26126833,1073725440,1073725440
26669833,1073725440,1073725440
27155833,1073725440,1073725440
27555833,1073725440,1073725440
28001833,1073725440,1073725440
28347833,1073725440,1073725440
28805833,1073725440,1073725440
29215833,1073725440,1073725440
29496833,1073725440,1073725440
29780833,1073725440,1073725440
30031833,1073725440,1073725440
30289833,1073725440,1073725440
30531833,1073725440,1073725440
30852833,1073725440,1073725440
31126833,1073725440,1073725440
31375833,1073725440,1073725440
31683833,1073725440,1073725440
32043833,1073725440,1073725440
32317833,1073725440,1073725440
32581833,1073725440,1073725440
32821833,1073725440,1073725440
33054833,1073725440,1073725440
33296833,1073725440,1073725440
33577833,1073725440,1073725440
33833833,1073725440,1073725440
34075833,1073725440,1073725440
34310833,1073725440,1073725440
34557833,1073725440,1073725440
34793833,1073725440,1073725440
35032833,1073725440,1073725440
35302833,1073725440,1073725440
35550833,1073725440,1073725440
35843833,1073725440,1073725440
36258833,1073725440,1073725440
36710833,1073725440,1073725440
37245833,1073725440,1073725440
38001833,1073725440,1073725440
38810833,1073725440,1073725440
39562833,1073725440,1073725440
40371833,1073725440,1073725440
40988833,1073725440,1073725440
41554833,1073725440,1073725440
41885833,1073725440,1073725440
42191833,1073725440,1073725440
42468833,1073725440,1073725440
42837833,1073725440,1073725440
43131833,1073725440,1073725440
43383833,1073725440,1073725440
43624833,1073725440,1073725440
43859833,1073725440,1073725440
44091833,1073725440,1073725440
44326833,1073725440,1073725440
44608833,1073725440,1073725440
44925833,1073725440,1073725440
45290833,1073725440,1073725440
45668833,1073725440,1073725440
45990833,1073725440,1073725440
46262833,1073725440,1073725440
46525833,1073725440,1073725440
46883833,1073725440,1073725440
47374833,1073725440,1073725440
47975833,1073725440,1073725440
48571833,1073725440,1073725440
49166833,1073725440,1073725440
49784833,1073725440,1073725440
50121833,1073725440,1073725440
50435833,1073725440,1073725440
50804833,1073725440,1073725440
51320833,1073725440,1073725440
51966833,1073725440,1073725440
52318833,1073725440,1073725440
52653833,1073725440,1073725440
52904833,1073725440,1073725440
53142833,1073725440,1073725440
53412833,1073725440,1073725440
53658833,1073725440,1073725440
53893833,1073725440,1073725440
54187833,1073725440,1073725440
54477833,1073725440,1073725440
54782833,1073725440,1073725440
55032833,1073725440,1073725440
55272833,1073725440,1073725440
55528833,1073725440,1073725440
55767833,1073725440,1073725440
56001833,1073725440,1073725440
56233833,1073725440,1073725440
56464833,1073725440,1073725440
56694833,1073725440,1073725440
56924833,1073725440,1073725440
57154833,1073725440,1073725440
57384833,1073725440,1073725440
57615833,1073725440,1073725440
57848833,1073725440,1073725440
58097833,1073725440,1073725440
58337833,1073725440,1073725440
58570833,1073725440,1073725440
58872833,1073725440,1073725440
59167833,1073725440,1073725440
59455833,1073725440,1073725440
59778833,1073725440,1073725440
