timestamp,availableTxBuffer0,availableTxBuffer1
611833,246472,246472
611833,246472,246472
829833,235128,246472
1052833,232292,250726
1357833,233710,250726
1685833,229456,250726
1999833,236546,250726
2366833,233710,250726
2665833,232292,250726
2972833,225202,250726
3300833,222366,252144
3717833,222366,250726
4203833,213858,250726
4702833,215276,250726
5330833,229456,250726
5920833,222366,252144
6374833,218112,250726
6870833,196842,250726
7434833,206768,250726
8292833,202514,250726
9086833,201096,250726
9919833,209604,250726
10776833,230874,250726
11294833,232292,250726
11647833,237964,250726
11971833,233710,250726
12241833,226620,250726
12541833,223784,250726
12930833,219530,250726
13389833,220948,250726
13924833,222366,250726
14446833,218112,250726
14947833,235128,250726
15513833,240800,250726
15785833,239382,250726
16030833,235128,250726
16274833,228038,250726
16556833,236546,250726
16916833,222366,250726
17231833,220948,250726
17685833,196842,250726
18199833,198260,250726
19002833,198260,250726
19909833,196842,250726
20815833,208186,250726
21744833,215276,250726
22405833,229456,250726
22969833,228038,250726
23372833,212440,250726
23776833,209604,250726
24377833,225202,250726
25082833,233710,250726
25437833,229456,250726
25757833,211022,250726
26126833,223784,250726
26669833,230874,250726
27155833,225202,250726
27555833,236546,250726
28001833,223784,250726
28347833,226620,250726
28805833,237964,250726
29215833,235128,250726
29496833,237964,250726
29780833,236546,250726
30031833,239382,250726
30289833,232292,250726
30531833,239382,250726
30852833,237964,250726
31126833,232292,250726
31375833,229456,250726
31683833,237964,250726
32043833,236546,250726
32317833,239382,250726
32581833,240800,250726
32821833,239382,250726
33054833,235128,250726
33296833,242218,250726
33577833,239382,250726
33833833,242218,250726
34075833,237964,250726
34310833,240800,250726
34557833,237964,250726
34793833,235128,250726
35032833,239382,250726
35302833,233710,250726
35550833,218112,250726
35843833,229456,250726
36258833,219530,250726
36710833,203932,250726
37245833,203932,250726
38001833,208186,250726
38810833,203932,250726
39562833,213858,250726
40371833,216694,250726
40988833,230874,250726
41554833,233710,250726
41885833,236546,250726
42191833,228038,250726
42468833,237964,250726
42837833,242218,250726
43131833,246472,250726
43383833,245054,250726
43624833,245054,250726
43859833,242218,250726
44091833,236546,250726
44326833,232292,250726
44608833,229456,250726
44925833,229456,250726
45290833,232292,250726
45668833,236546,250726
45990833,236546,250726
46262833,228038,250726
46525833,213858,250726
46883833,216694,250726
47374833,216694,250726
47975833,216694,250726
48571833,215276,250726
49166833,229456,250726
49784833,233710,250726
50121833,229456,250726
50435833,216694,250726
50804833,212440,250726
51320833,232292,250726
51966833,232292,250726
52318833,239382,250726
52653833,240800,250726
52904833,236546,250726
53142833,237964,250726
53412833,239382,250726
53658833,233710,250726
53893833,235128,250726
54187833,233710,250726
54477833,239382,250726
54782833,239382,250726
55032833,236546,250726
55272833,239382,250726
55528833,242218,250726
55767833,243636,250726
56001833,243636,250726
56233833,242218,250726
56464833,242218,250726
56694833,245054,250726
56924833,243636,250726
57154833,242218,250726
57384833,240800,250726
57615833,239382,250726
57848833,237964,250726
58097833,240800,250726
58337833,232292,250726
58570833,235128,250726
58872833,235128,250726
59167833,232292,250726
59455833,237964,250726
59778833,236546,250726
