timestamp,cWnd0,cWnd1
611833,5672,5672
611833,17037,1500
829833,17037,1500
1052833,20163,1500
1357833,18994,1500
1685833,22713,1500
1999833,16974,1500
2366833,19428,1500
2665833,20852,1500
2972833,27245,1500
3300833,30736,1500
3717833,29946,1500
4203833,39040,1500
4702833,37398,1500
5330833,24066,1500
5920833,30358,1500
6374833,34685,1500
6870833,56599,1500
7434833,46543,1500
8292833,50320,1500
9086833,51962,1500
9919833,43254,1500
10776833,22140,1500
11294833,20548,1500
11647833,14603,1500
11971833,19336,1500
12241833,25829,1500
12541833,29223,1500
12930833,33174,1500
13389833,32145,1500
13924833,30299,1500
14446833,34111,1500
14947833,17368,1500
15513833,11726,1500
15785833,13732,1500
16030833,17918,1500
16274833,24491,1500
16556833,16551,1500
16916833,30028,1500
17231833,31196,1500
17685833,55685,1500
18199833,54607,1500
19002833,54730,1500
19909833,55410,1500
20815833,44938,1500
21744833,37621,1500
22405833,23240,1500
22969833,24302,1500
23372833,40810,1500
23776833,42902,1500
24377833,27650,1500
25082833,18571,1500
25437833,23726,1500
25757833,41812,1500
26126833,29473,1500
26669833,22273,1500
27155833,27122,1500
27555833,16122,1500
28001833,28770,1500
28347833,26012,1500
28805833,15568,1500
29215833,17929,1500
29496833,14940,1500
29780833,16195,1500
30031833,13730,1500
30289833,22455,1500
30531833,13832,1500
30852833,15242,1500
31126833,21254,1500
31375833,23550,1500
31683833,14754,1500
32043833,16557,1500
32317833,13601,1500
32581833,12662,1500
32821833,13403,1500
33054833,17412,1500
33296833,11272,1500
33577833,13417,1500
33833833,10594,1500
34075833,14232,1500
34310833,12372,1500
34557833,15270,1500
34793833,17149,1500
35032833,13172,1500
35302833,18718,1500
35550833,34294,1500
35843833,24080,1500
36258833,33420,1500
36710833,49375,1500
37245833,49193,1500
38001833,44751,1500
38810833,49564,1500
39562833,39079,1500
40371833,36568,1500
40988833,22059,1500
41554833,19015,1500
41885833,15923,1500
42191833,24775,1500
42468833,14322,1500
42837833,10408,1500
43131833,8414,1500
43383833,7660,1500
43624833,7787,1500
43859833,9963,1500
44091833,16045,1500
44326833,20321,1500
44608833,23153,1500
44925833,24094,1500
45290833,20241,1500
45668833,16797,1500
45990833,16471,1500
46262833,24639,1500
46525833,38808,1500
46883833,35738,1500
47374833,35914,1500
47975833,35895,1500
48571833,38248,1500
49166833,23744,1500
49784833,19692,1500
50121833,23058,1500
50435833,36742,1500
50804833,40884,1500
51320833,21227,1500
51966833,21087,1500
52318833,14111,1500
52653833,12256,1500
52904833,16268,1500
53142833,15338,1500
53412833,14055,1500
53658833,18542,1500
53893833,17974,1500
54187833,19403,1500
54477833,13717,1500
54782833,14689,1500
55032833,15821,1500
55272833,14049,1500
55528833,10783,1500
55767833,8874,1500
56001833,9526,1500
56233833,10208,1500
56464833,11275,1500
56694833,8693,1500
56924833,9722,1500
57154833,9937,1500
57384833,12409,1500
57615833,14254,1500
57848833,15262,1500
58097833,12460,1500
58337833,20423,1500
58570833,17080,1500
58872833,17165,1500
59167833,20092,1500
59455833,15376,1500
59778833,15999,1500
