timestamp,unAck0,unAck1
611833,5672,5672
611833,5672,5672
829833,17016,5672
1052833,19852,1418
1357833,18434,1418
1685833,22688,1418
1999833,15598,1418
2366833,18434,1418
2665833,19852,1418
2972833,26942,1418
3300833,29778,0
3717833,29778,1418
4203833,38286,1418
4702833,36868,1418
5330833,22688,1418
5920833,29778,0
6374833,34032,1418
6870833,55302,1418
7434833,45376,1418
8292833,49630,1418
9086833,51048,1418
9919833,42540,1418
10776833,21270,1418
11294833,19852,1418
11647833,14180,1418
11971833,18434,1418
12241833,25524,1418
12541833,28360,1418
12930833,32614,1418
13389833,31196,1418
13924833,29778,1418
14446833,34032,1418
14947833,17016,1418
15513833,11344,1418
15785833,12762,1418
16030833,17016,1418
16274833,24106,1418
16556833,15598,1418
16916833,29778,1418
17231833,31196,1418
17685833,55302,1418
18199833,53884,1418
19002833,53884,1418
19909833,55302,1418
20815833,43958,1418
21744833,36868,1418
22405833,22688,1418
22969833,24106,1418
23372833,39704,1418
23776833,42540,1418
24377833,26942,1418
25082833,18434,1418
25437833,22688,1418
25757833,41122,1418
26126833,28360,1418
26669833,21270,1418
27155833,26942,1418
27555833,15598,1418
28001833,28360,1418
28347833,25524,1418
28805833,14180,1418
29215833,17016,1418
29496833,14180,1418
29780833,15598,1418
30031833,12762,1418
30289833,19852,1418
30531833,12762,1418
30852833,14180,1418
31126833,19852,1418
31375833,22688,1418
31683833,14180,1418
32043833,15598,1418
32317833,12762,1418
32581833,11344,1418
32821833,12762,1418
33054833,17016,1418
33296833,9926,1418
33577833,12762,1418
33833833,9926,1418
34075833,14180,1418
34310833,11344,1418
34557833,14180,1418
34793833,17016,1418
35032833,12762,1418
35302833,18434,1418
35550833,34032,1418
35843833,22688,1418
36258833,32614,1418
36710833,48212,1418
37245833,48212,1418
38001833,43958,1418
38810833,48212,1418
39562833,38286,1418
40371833,35450,1418
40988833,21270,1418
41554833,18434,1418
41885833,15598,1418
42191833,24106,1418
42468833,14180,1418
42837833,9926,1418
43131833,5672,1418
43383833,7090,1418
43624833,7090,1418
43859833,9926,1418
44091833,15598,1418
44326833,19852,1418
44608833,22688,1418
44925833,22688,1418
45290833,19852,1418
45668833,15598,1418
45990833,15598,1418
46262833,24106,1418
46525833,38286,1418
46883833,35450,1418
47374833,35450,1418
47975833,35450,1418
48571833,36868,1418
49166833,22688,1418
49784833,18434,1418
50121833,22688,1418
50435833,35450,1418
50804833,39704,1418
51320833,19852,1418
51966833,19852,1418
52318833,12762,1418
52653833,11344,1418
52904833,15598,1418
53142833,14180,1418
53412833,12762,1418
53658833,18434,1418
53893833,17016,1418
54187833,18434,1418
54477833,12762,1418
54782833,12762,1418
55032833,15598,1418
55272833,12762,1418
55528833,9926,1418
55767833,8508,1418
56001833,8508,1418
56233833,9926,1418
56464833,9926,1418
56694833,7090,1418
56924833,8508,1418
57154833,9926,1418
57384833,11344,1418
57615833,12762,1418
57848833,14180,1418
58097833,11344,1418
58337833,19852,1418
58570833,17016,1418
58872833,17016,1418
59167833,19852,1418
59455833,14180,1418
59778833,15598,1418
