timestamp,lastAckedSeq,highTxMark,availableTxBuffer,nextTxSeq,totalCwnd,unAckMeta
611833,5673,17017,1158,17017,11344,11344
611833,5673,17017,1158,17017,18537,11344
829833,11345,34033,1158,34033,18537,22688
1052833,29779,51049,1158,51049,21663,21270
1357833,49631,69483,1158,69483,20494,19852
1685833,70901,96425,1158,96425,24213,25524
1999833,90753,109187,1158,109187,18474,18434
2366833,114859,136129,1158,136129,20928,21270
2665833,136129,157399,1158,157399,22352,21270
2972833,155981,184341,1158,184341,28745,28360
3300833,175833,207029,1158,207029,32236,31196
3717833,202775,235389,1158,235389,31446,32614
4203833,233971,275093,1158,275093,40540,41122
4702833,266585,306289,1158,306289,38898,39704
5330833,309125,334649,1158,334649,25566,25524
5920833,345993,378607,1158,378607,31858,32614
6374833,375771,412639,1158,412639,36185,36868
6870833,408385,466523,1158,466523,58099,58138
7434833,443835,494883,1158,494883,48043,51048
8292833,500555,554439,1158,554439,51820,53884
9086833,551603,608323,1158,608323,53462,56720
9919833,606905,653699,1158,653699,44754,46794
10776833,665043,689149,1158,689149,23640,24106
11294833,699075,720345,1158,720345,22048,21270
11647833,721763,737361,1158,737361,16103,15598
11971833,744451,764303,1158,764303,20836,19852
12241833,761467,788409,1158,788409,27329,26942
12541833,779901,811097,1158,811097,30723,31196
12930833,805425,840875,1158,840875,34674,35450
13389833,833785,869235,1158,869235,33645,35450
13924833,870653,903267,1158,903267,31799,32614
14446833,903267,940135,1158,940135,35611,36868
14947833,935881,955733,1158,955733,18868,19852
15513833,971331,984093,1158,984093,13226,12762
15785833,985511,999691,1158,999691,15232,14180
16030833,1001109,1019543,1158,1019543,19418,18434
16274833,1016707,1042231,1158,1042231,25991,25524
16556833,1033723,1052157,1158,1052157,18051,18434
16916833,1057829,1090443,1158,1090443,31528,32614
17231833,1077681,1111713,1158,1111713,32696,34032
17685833,1107459,1165597,1158,1165597,57185,58138
18199833,1138655,1198211,1158,1198211,56107,59556
19002833,1191121,1249259,1158,1249259,56230,58138
19909833,1249259,1310233,1158,1310233,56910,60974
20815833,1308815,1358445,1158,1358445,46438,49630
21744833,1371207,1412329,1158,1412329,39121,41122
22405833,1416583,1442107,1158,1442107,24740,25524
22969833,1453451,1480393,1158,1480393,25802,26942
23372833,1478975,1521515,1158,1521515,42310,42540
23776833,1504499,1549875,1158,1549875,44402,45376
24377833,1544203,1575399,1158,1575399,29150,31196
25082833,1592415,1612267,1158,1612267,20071,19852
25437833,1615103,1639209,1158,1639209,25226,24106
25757833,1634955,1678913,1158,1678913,43312,43958
26126833,1657643,1690257,1158,1690257,30973,32614
26669833,1695929,1720035,1158,1720035,23773,24106
27155833,1727125,1756903,1158,1756903,28622,29778
27555833,1752649,1771083,1158,1771083,17622,18434
28001833,1781009,1812205,1158,1812205,30270,31196
28347833,1805115,1833475,1158,1833475,27512,28360
28805833,1834893,1850491,1158,1850491,17068,15598
29215833,1861835,1880269,1158,1880269,19429,18434
29496833,1880269,1895867,1158,1895867,16440,15598
29780833,1898703,1917137,1158,1917137,17695,18434
30031833,1914301,1929899,1158,1929899,15230,15598
30289833,1932735,1954005,2576,1954005,23955,21270
30531833,1946915,1962513,1158,1962513,15332,15598
30852833,1966767,1982365,1158,1982365,16742,15598
31126833,1985201,2006471,1158,2006471,22754,21270
31375833,2000799,2024905,1158,2024905,25050,24106
31683833,2020651,2037667,1158,2037667,16254,17016
32043833,2044757,2061773,1158,2061773,18057,17016
32317833,2061773,2075953,1158,2075953,15101,14180
32581833,2075953,2088715,1158,2088715,14162,12762
32821833,2090133,2104313,1158,2104313,14903,14180
33054833,2104313,2122747,1158,2122747,18912,18434
33296833,2119911,2131255,1158,2131255,12772,11344
33577833,2134091,2148271,1158,2148271,14917,14180
33833833,2149689,2161033,1158,2161033,12094,11344
34075833,2162451,2178049,1158,2178049,15732,15598
34310833,2178049,2190811,1158,2190811,13872,12762
34557833,2190811,2206409,1158,2206409,16770,15598
34793833,2206409,2224843,1158,2224843,18649,18434
35032833,2220589,2236187,1158,2236187,14672,15598
35302833,2239023,2258875,1158,2258875,20218,19852
35550833,2254621,2290071,1158,2290071,35794,35450
35843833,2273055,2298579,1158,2298579,25580,25524
36258833,2299997,2335447,1158,2335447,34920,35450
36710833,2328357,2380823,1158,2380823,50875,52466
37245833,2362389,2414855,1158,2414855,50693,52466
38001833,2412019,2460231,1158,2460231,46251,48212
38810833,2464485,2518369,1158,2518369,51064,53884
39562833,2512697,2556655,1158,2556655,40579,43958
40371833,2567999,2606285,1158,2606285,38068,38286
40988833,2609121,2633227,1158,2633227,23559,24106
41554833,2647407,2667259,1158,2667259,20515,19852
41885833,2668677,2685693,1158,2685693,17423,17016
42191833,2688529,2715471,1158,2715471,26275,26942
42468833,2705545,2722561,1158,2722561,15822,17016
42837833,2726815,2738159,1158,2738159,11908,11344
43131833,2740995,2748085,2576,2748085,9914,7090
43383833,2749503,2758011,1158,2758011,9160,8508
43624833,2759429,2767937,1158,2767937,9287,8508
43859833,2767937,2779281,1158,2779281,11463,11344
44091833,2779281,2796297,1158,2796297,17545,17016
44326833,2794879,2816149,1158,2816149,21821,21270
44608833,2813313,2837419,1158,2837419,24653,24106
44925833,2833165,2857271,1158,2857271,25594,24106
45290833,2855853,2878541,1158,2878541,21741,22688
45668833,2881377,2898393,1158,2898393,18297,17016
45990833,2902647,2919663,1158,2919663,17971,17016
46262833,2921081,2946605,1158,2946605,26139,25524
46525833,2936679,2977801,1158,2977801,40308,41122
46883833,2959367,2999071,1158,2999071,37238,39704
47374833,2990563,3030267,1158,3030267,37414,39704
47975833,3031685,3069971,1158,3069971,37395,38286
48571833,3069971,3111093,1158,3111093,39748,41122
49166833,3106839,3133781,1158,3133781,25244,26942
49784833,3149379,3170649,1158,3170649,21192,21270
50121833,3172067,3196173,1158,3196173,24558,24106
50435833,3193337,3230205,1158,3230205,38242,36868
50804833,3214607,3258565,1158,3258565,42384,43958
51320833,3248639,3272745,1158,3272745,22727,24106
51966833,3292597,3315285,1158,3315285,22587,22688
52318833,3315285,3329465,1158,3329465,15611,14180
52653833,3335137,3347899,1158,3347899,13756,12762
52904833,3349317,3366333,1158,3366333,17768,17016
53142833,3364915,3380513,1158,3380513,16838,15598
53412833,3380513,3394693,1158,3394693,15555,14180
53658833,3396111,3415963,1158,3415963,20042,19852
53893833,3411709,3430143,1158,3430143,19474,18434
54187833,3430143,3449995,1158,3449995,20903,19852
54477833,3448577,3462757,1158,3462757,15217,14180
54782833,3469847,3484027,2576,3484027,16189,14180
55032833,3485445,3502461,1158,3502461,17321,17016
55272833,3501043,3515223,1158,3515223,15549,14180
55528833,3515223,3526567,1158,3526567,12283,11344
55767833,3526567,3536493,1158,3536493,10374,9926
56001833,3536493,3546419,1158,3546419,11026,9926
56233833,3547837,3559181,1158,3559181,11708,11344
56464833,3559181,3570525,1158,3570525,12775,11344
56694833,3570525,3579033,2576,3579033,10193,8508
56924833,3579033,3588959,1158,3588959,11222,9926
57154833,3588959,3600303,1158,3600303,11437,11344
57384833,3600303,3613065,1158,3613065,13909,12762
57615833,3614483,3628663,2576,3628663,15754,14180
57848833,3628663,3644261,1158,3644261,16762,15598
58097833,3644261,3657023,1158,3657023,13960,12762
58337833,3658441,3679711,1158,3679711,21923,21270
58570833,3672621,3692473,1158,3692473,18580,19852
58872833,3692473,3710907,1158,3710907,18665,18434
59167833,3712325,3733595,1158,3733595,21592,21270
59455833,3730759,3747775,1158,3747775,16876,17016
59778833,3752029,3769045,1158,3769045,17499,17016
