timestamp,cWnd0,cWnd1
611833,5672,5672
611833,20407,1500
829833,20407,1500
1052833,19658,1500
1361833,14807,1500
1689833,11019,1500
1946833,10852,1500
2185833,12051,1500
2419833,20816,1500
2657833,21473,1500
2978833,26664,1500
3326833,31069,1500
3738833,35864,1500
4222833,36319,1500
4802833,55463,1500
5397833,55243,1500
6290833,45315,1500
7196833,43503,1500
7921833,30303,1500
8636833,25807,1500
9089833,24835,1500
9516833,15138,1500
9901833,16653,1500
10168833,21995,1500
10430833,25831,1500
10757833,23335,1500
11156833,31008,1500
11543833,24640,1500
12026833,24302,1500
12442833,31166,1500
12848833,22936,1500
13336833,34058,1500
13755833,22354,1500
14310833,30960,1500
14760833,57966,1500
15256833,57140,1500
16048833,53464,1500
16999833,46456,1500
17842833,36049,1500
18536833,40883,1500
19155833,42814,1500
19820833,38177,1500
20533833,32121,1500
21115833,36344,1500
21649833,41387,1500
22241833,29705,1500
22925833,45440,1500
23497833,37587,1500
24251833,37018,1500
24877833,40025,1500
25497833,39967,1500
26163833,22273,1500
26830833,16791,1500
27115833,9584,1500
27382833,8518,1500
27629833,10062,1500
27865833,17350,1500
28098833,12914,1500
28396833,16474,1500
28656833,27831,1500
28917833,23058,1500
29292833,24428,1500
29690833,20621,1500
30093833,22327,1500
30440833,19619,1500
30795833,23102,1500
31114833,23056,1500
31484833,27627,1500
31863833,25338,1500
32303833,29035,1500
32717833,37633,1500
33186833,36289,1500
33784833,25634,1500
34380833,29224,1500
34841833,24937,1500
35315833,22456,1500
35709833,26037,1500
36072833,23448,1500
36491833,22842,1500
36877833,17661,1500
37258833,13275,1500
37538833,14955,1500
37783833,13366,1500
38026833,13017,1500
38260833,10191,1500
38492833,17406,1500
38723833,19219,1500
39000833,15055,1500
39301833,17632,1500
39560833,22712,1500
39839833,27170,1500
40188833,24676,1500
40615833,25666,1500
41027833,17732,1500
41454833,11643,1500
41733833,6310,1500
41980833,5684,1500
42220833,5387,1500
42455833,8185,1500
42688833,6285,1500
42921833,9094,1500
43153833,12665,1500
43388833,8821,1500
43634833,11064,1500
43872833,14577,1500
44105833,22807,1500
44361833,28508,1500
44690833,38380,1500
45117833,27565,1500
45698833,44157,1500
46206833,59490,1500
46927833,83652,1500
47872833,81822,1500
49220833,43229,1500
50579833,34851,1500
51154833,38159,1500
51725833,43840,1500
52342833,76704,1500
53051833,63452,1500
54193833,65500,1500
55267833,57021,1500
56363833,36384,1500
57119833,34656,1500
57702833,34842,1500
58274833,33325,1500
58845833,40485,1500
59394833,44587,1500
