timestamp,unAck0,unAck1
611833,5672,5672
611833,5672,5672
829833,19852,5672
1052833,18434,1418
1361833,14180,1418
1689833,9926,1418
1946833,9926,1418
2185833,11344,1418
2419833,19852,1418
2657833,21270,1418
2978833,25524,1418
3326833,29778,1418
3738833,35450,1418
4222833,35450,0
4802833,55302,1418
5397833,52466,1418
6290833,43958,1418
7196833,42540,1418
7921833,29778,1418
8636833,25524,1418
9089833,24106,1418
9516833,14180,1418
9901833,15598,1418
10168833,21270,1418
10430833,25524,0
10757833,22688,1418
11156833,29778,1418
11543833,24106,1418
12026833,24106,1418
12442833,29778,1418
12848833,22688,1418
13336833,34032,1418
13755833,21270,1418
14310833,29778,1418
14760833,56720,1418
15256833,55302,1418
16048833,52466,1418
16999833,43958,1418
17842833,35450,1418
18536833,39704,1418
19155833,42540,1418
19820833,36868,1418
20533833,31196,1418
21115833,35450,1418
21649833,41122,0
22241833,28360,1418
22925833,45376,1418
23497833,36868,1418
24251833,36868,1418
24877833,38286,1418
25497833,38286,1418
26163833,21270,1418
26830833,15598,1418
27115833,8508,1418
27382833,8508,1418
27629833,9926,1418
27865833,17016,1418
28098833,12762,1418
28396833,15598,1418
28656833,26942,1418
28917833,22688,1418
29292833,24106,1418
29690833,19852,1418
30093833,21270,1418
30440833,17016,1418
30795833,22688,1418
31114833,22688,1418
31484833,26942,1418
31863833,24106,1418
32303833,26942,1418
32717833,36868,1418
33186833,35450,1418
33784833,25524,1418
34380833,28360,1418
34841833,24106,1418
35315833,21270,1418
35709833,25524,0
36072833,22688,1418
36491833,22688,1418
36877833,17016,1418
37258833,12762,1418
37538833,14180,1418
37783833,12762,1418
38026833,12762,1418
38260833,9926,1418
38492833,15598,1418
38723833,18434,1418
39000833,14180,1418
39301833,17016,1418
39560833,22688,1418
39839833,26942,1418
40188833,24106,1418
40615833,24106,1418
41027833,17016,1418
41454833,11344,1418
41733833,5672,1418
41980833,5672,1418
42220833,4254,1418
42455833,7090,1418
42688833,5672,1418
42921833,8508,1418
43153833,11344,1418
43388833,8508,1418
43634833,9926,1418
43872833,14180,1418
44105833,22688,1418
44361833,28360,1418
44690833,38286,1418
45117833,26942,1418
45698833,43958,1418
46206833,58138,1418
46927833,82244,1418
47872833,80826,1418
49220833,42540,1418
50579833,34032,1418
51154833,36868,1418
51725833,42540,1418
52342833,76572,1418
53051833,62392,0
54193833,65228,1418
55267833,56720,1418
56363833,35450,1418
57119833,34032,1418
57702833,34032,1418
58274833,32614,1418
58845833,39704,1418
59394833,43958,1418
