timestamp,rWnd0,rWnd1
611833,1073725440,1073725440
611833,1073725440,1073725440
829833,1073725440,1073725440
1052833,1073725440,1073725440
1361833,1073725440,1073725440
1689833,1073725440,1073725440
1946833,1073725440,1073725440
2185833,1073725440,1073725440
2419833,1073725440,1073725440
2657833,1073725440,1073725440
2978833,1073725440,1073725440
3326833,1073725440,1073725440
3738833,1073725440,1073725440
4222833,1073725440,1073725440
4802833,1073725440,1073725440
5397833,1073725440,1073725440
6290833,1073725440,1073725440
7196833,1073725440,1073725440
7921833,1073725440,1073725440
8636833,1073725440,1073725440
9089833,1073725440,1073725440
9516833,1073725440,1073725440
9901833,1073725440,1073725440
10168833,1073725440,1073725440
10430833,1073725440,1073725440
10757833,1073725440,1073725440
11156833,1073725440,1073725440
11543833,1073725440,1073725440
12026833,1073725440,1073725440
12442833,1073725440,1073725440
12848833,1073725440,1073725440
13336833,1073725440,1073725440
13755833,1073725440,1073725440
14310833,1073725440,1073725440
14760833,1073725440,1073725440
15256833,1073725440,1073725440
16048833,1073725440,1073725440
16999833,1073725440,1073725440
17842833,1073725440,1073725440
18536833,1073725440,1073725440
19155833,1073725440,1073725440
19820833,1073725440,1073725440
20533833,1073725440,1073725440
21115833,1073725440,1073725440
21649833,1073725440,1073725440
22241833,1073725440,1073725440
22925833,1073725440,1073725440
23497833,1073725440,1073725440
24251833,1073725440,1073725440
24877833,1073725440,1073725440
25497833,1073725440,1073725440
26163833,1073725440,1073725440
26830833,1073725440,1073725440
27115833,1073725440,1073725440
27382833,1073725440,1073725440
27629833,1073725440,1073725440
27865833,1073725440,1073725440
28098833,1073725440,1073725440
28396833,1073725440,1073725440
28656833,1073725440,1073725440
28917833,1073725440,1073725440
29292833,1073725440,1073725440
29690833,1073725440,1073725440
30093833,1073725440,1073725440
30440833,1073725440,1073725440
30795833,1073725440,1073725440
31114833,1073725440,1073725440
31484833,1073725440,1073725440
31863833,1073725440,1073725440
32303833,1073725440,1073725440
32717833,1073725440,1073725440
33186833,1073725440,1073725440
33784833,1073725440,1073725440
34380833,1073725440,1073725440
34841833,1073725440,1073725440
35315833,1073725440,1073725440
35709833,1073725440,1073725440
36072833,1073725440,1073725440
36491833,1073725440,1073725440
36877833,1073725440,1073725440
37258833,1073725440,1073725440
37538833,1073725440,1073725440
37783833,1073725440,1073725440
38026833,1073725440,1073725440
38260833,1073725440,1073725440
38492833,1073725440,1073725440
38723833,1073725440,1073725440
39000833,1073725440,1073725440
39301833,1073725440,1073725440
39560833,1073725440,1073725440
39839833,1073725440,1073725440
40188833,1073725440,1073725440
40615833,1073725440,1073725440
41027833,1073725440,1073725440
41454833,1073725440,1073725440
41733833,1073725440,1073725440
41980833,1073725440,1073725440
42220833,1073725440,1073725440
42455833,1073725440,1073725440
42688833,1073725440,1073725440
42921833,1073725440,1073725440
43153833,1073725440,1073725440
43388833,1073725440,1073725440
43634833,1073725440,1073725440
43872833,1073725440,1073725440
44105833,1073725440,1073725440
44361833,1073725440,1073725440
44690833,1073725440,1073725440
45117833,1073725440,1073725440
45698833,1073725440,1073725440
46206833,1073725440,1073725440
46927833,1073725440,1073725440
47872833,1073725440,1073725440
49220833,1073725440,1073725440
50579833,1073725440,1073725440
51154833,1073725440,1073725440
51725833,1073725440,1073725440
52342833,1073725440,1073725440
53051833,1073725440,1073725440
54193833,1073725440,1073725440
55267833,1073725440,1073725440
56363833,1073725440,1073725440
57119833,1073725440,1073725440
57702833,1073725440,1073725440
58274833,1073725440,1073725440
58845833,1073725440,1073725440
59394833,1073725440,1073725440
