timestamp,availableTxBuffer0,availableTxBuffer1
611833,246472,246472
611833,246472,246472
829833,232292,246472
1052833,233710,250726
1361833,237964,250726
1689833,242218,250726
1946833,242218,250726
2185833,240800,250726
2419833,232292,250726
2657833,230874,250726
2978833,226620,250726
3326833,222366,250726
3738833,216694,250726
4222833,216694,252144
4802833,196842,250726
5397833,199678,250726
6290833,208186,250726
7196833,209604,250726
7921833,222366,250726
8636833,226620,250726
9089833,228038,250726
9516833,237964,250726
9901833,236546,250726
10168833,230874,250726
10430833,226620,252144
10757833,229456,250726
11156833,222366,250726
11543833,228038,250726
12026833,228038,250726
12442833,222366,250726
12848833,229456,250726
13336833,218112,250726
13755833,230874,250726
14310833,222366,250726
14760833,195424,250726
15256833,196842,250726
16048833,199678,250726
16999833,208186,250726
17842833,216694,250726
18536833,212440,250726
19155833,209604,250726
19820833,215276,250726
20533833,220948,250726
21115833,216694,250726
21649833,211022,252144
22241833,223784,250726
22925833,206768,250726
23497833,215276,250726
24251833,215276,250726
24877833,213858,250726
25497833,213858,250726
26163833,230874,250726
26830833,236546,250726
27115833,243636,250726
27382833,243636,250726
27629833,242218,250726
27865833,235128,250726
28098833,239382,250726
28396833,236546,250726
28656833,225202,250726
28917833,229456,250726
29292833,228038,250726
29690833,232292,250726
30093833,230874,250726
30440833,235128,250726
30795833,229456,250726
31114833,229456,250726
31484833,225202,250726
31863833,228038,250726
32303833,225202,250726
32717833,215276,250726
33186833,216694,250726
33784833,226620,250726
34380833,223784,250726
34841833,228038,250726
35315833,230874,250726
35709833,226620,252144
36072833,229456,250726
36491833,229456,250726
36877833,235128,250726
37258833,239382,250726
37538833,237964,250726
37783833,239382,250726
38026833,239382,250726
38260833,242218,250726
38492833,236546,250726
38723833,233710,250726
39000833,237964,250726
39301833,235128,250726
39560833,229456,250726
39839833,225202,250726
40188833,228038,250726
40615833,228038,250726
41027833,235128,250726
41454833,240800,250726
41733833,246472,250726
41980833,246472,250726
42220833,247890,250726
42455833,245054,250726
42688833,246472,250726
42921833,243636,250726
43153833,240800,250726
43388833,243636,250726
43634833,242218,250726
43872833,237964,250726
44105833,229456,250726
44361833,223784,250726
44690833,213858,250726
45117833,225202,250726
45698833,208186,250726
46206833,194006,250726
46927833,169900,250726
47872833,171318,250726
49220833,209604,250726
50579833,218112,250726
51154833,215276,250726
51725833,209604,250726
52342833,175572,250726
53051833,189752,252144
54193833,186916,250726
55267833,195424,250726
56363833,216694,250726
57119833,218112,250726
57702833,218112,250726
58274833,219530,250726
58845833,212440,250726
59394833,208186,250726
