timestamp,rtt0,rtt1
611833,218,184
611833,218,184
829833,223,184
1052833,309,219
1361833,328,221
1689833,257,223
1946833,239,224
2185833,234,225
2419833,238,225
2657833,321,226
2978833,348,226
3326833,412,227
3738833,484,227
4222833,580,228
4802833,595,229
5397833,893,229
6290833,906,229
7196833,725,230
7921833,715,230
8636833,453,230
9089833,427,230
9516833,385,230
9901833,267,230
10168833,262,230
10430833,327,230
10757833,399,230
11156833,387,230
11543833,483,230
12026833,416,230
12442833,406,230
12848833,488,230
13336833,419,230
13755833,555,230
14310833,450,230
14760833,496,230
15256833,792,230
16048833,951,230
16999833,843,230
17842833,694,230
18536833,619,230
19155833,665,230
19820833,713,230
20533833,582,230
21115833,534,230
21649833,592,230
22241833,684,230
22925833,572,230
23497833,754,230
24251833,626,230
24877833,620,230
25497833,666,230
26163833,667,230
26830833,285,230
27115833,267,230
27382833,247,230
27629833,236,230
27865833,233,230
28098833,298,230
28396833,260,230
28656833,261,230
28917833,375,230
29292833,398,230
29690833,403,230
30093833,347,230
30440833,355,230
30795833,319,230
31114833,370,230
31484833,379,230
31863833,440,230
32303833,414,230
32717833,469,230
33186833,598,230
33784833,596,230
34380833,461,230
34841833,474,230
35315833,394,230
35709833,363,230
36072833,419,230
36491833,386,230
36877833,381,230
37258833,280,230
37538833,245,230
37783833,243,230
38026833,234,230
38260833,232,230
38492833,231,230
38723833,277,230
39000833,301,230
39301833,259,230
39560833,279,230
39839833,349,230
40188833,427,230
40615833,412,230
41027833,427,230
41454833,279,230
41733833,247,230
41980833,240,230
42220833,235,230
42455833,233,230
42688833,233,230
42921833,232,230
43153833,235,230
43388833,246,230
43634833,238,230
43872833,233,230
44105833,256,230
44361833,329,230
44690833,427,230
45117833,581,230
45698833,508,230
46206833,721,230
46927833,945,230
47872833,1348,230
49220833,1359,230
50579833,575,230
51154833,571,230
51725833,617,230
52342833,709,230
53051833,1142,230
54193833,1074,230
55267833,1096,230
56363833,756,230
57119833,583,230
57702833,572,230
58274833,571,230
58845833,549,230
59394833,660,230
