timestamp,lastAckedSeq,highTxMark,availableTxBuffer,nextTxSeq,totalCwnd,unAckMeta
611833,5673,17017,1158,17017,11344,11344
611833,5673,17017,1158,17017,21907,11344
829833,11345,36869,1158,36869,21907,25524
1052833,29779,49631,1158,49631,21158,19852
1361833,49631,65229,1158,65229,16307,15598
1689833,68065,79409,1158,79409,12519,11344
1946833,80827,92171,1158,92171,12352,11344
2185833,93589,106351,1158,106351,13551,12762
2419833,106351,127621,1158,127621,22316,21270
2657833,120531,144637,1158,144637,22973,24106
2978833,141801,168743,1158,168743,28164,26942
3326833,164489,197103,1158,197103,32569,32614
3738833,190013,228299,1158,228299,37364,38286
4222833,221209,259495,1158,259495,37819,38286
4802833,259495,319051,1158,319051,56963,59556
5397833,297781,354501,3994,354501,56743,56720
6290833,355919,404131,1158,404131,46815,48212
7196833,415475,462269,1158,462269,45003,46794
7921833,463687,496301,1158,496301,31803,32614
8636833,510481,538841,1158,538841,27307,28360
9089833,540259,567201,1158,567201,26335,26942
9516833,570037,585635,1158,585635,16638,15598
9901833,594143,611159,1158,611159,18153,17016
10168833,611159,633847,1158,633847,23495,22688
10430833,628175,655117,1158,655117,27331,26942
10757833,649445,674969,1158,674969,24835,25524
11156833,676387,709001,1158,709001,32508,32614
11543833,700493,727435,1158,727435,26140,26942
12026833,731689,758631,1158,758631,25802,26942
12442833,760049,792663,1158,792663,32666,32614
12848833,786991,812515,2576,812515,24436,25524
13336833,818187,855055,1158,855055,35558,36868
13755833,845129,869235,1158,869235,23854,24106
14310833,881997,914611,1158,914611,32460,32614
14760833,911775,971331,1158,971331,59466,59556
15256833,941553,1002527,2576,1002527,58640,60974
16048833,992601,1050739,1158,1050739,54964,58138
16999833,1056411,1104623,2576,1104623,47956,48212
17842833,1111713,1151417,1158,1151417,37549,39704
18536833,1157089,1199629,1158,1199629,42383,42540
19155833,1196793,1243587,1158,1243587,44314,46794
19820833,1240751,1281873,1158,1281873,39677,41122
20533833,1288963,1322995,1158,1322995,33621,34032
21115833,1325831,1364117,1158,1364117,37844,38286
21649833,1359863,1403821,1158,1403821,42887,43958
22241833,1398149,1430763,1158,1430763,31205,32614
22925833,1443525,1493155,1158,1493155,46940,49630
23497833,1480393,1521515,1158,1521515,39087,41122
24251833,1530023,1569727,1158,1569727,38518,39704
24877833,1571145,1613685,2576,1613685,41525,42540
25497833,1612267,1654807,2576,1654807,41467,42540
26163833,1656225,1678913,1158,1678913,23773,22688
26830833,1700183,1717199,1158,1717199,18291,17016
27115833,1717199,1727125,1158,1727125,11084,9926
27382833,1728543,1738469,1158,1738469,10018,9926
27629833,1739887,1751231,1158,1751231,11562,11344
27865833,1751231,1769665,1158,1769665,18850,18434
28098833,1765411,1781009,1158,1781009,14414,15598
28396833,1785263,1802279,1158,1802279,17974,17016
28656833,1802279,1830639,1158,1830639,29331,28360
28917833,1817877,1843401,1158,1843401,24558,25524
29292833,1841983,1868925,1158,1868925,25928,26942
29690833,1868925,1890195,1158,1890195,22121,21270
30093833,1894449,1918555,1158,1918555,23827,24106
30440833,1918555,1936989,2576,1936989,21119,18434
30795833,1939825,1965349,1158,1965349,24602,25524
31114833,1962513,1986619,1158,1986619,24556,24106
31484833,1985201,2014979,1158,2014979,29127,29778
31863833,2009307,2036249,1158,2036249,26838,26942
32303833,2039085,2068863,2576,2068863,30535,29778
32717833,2066027,2105731,1158,2105731,39133,39704
33186833,2095805,2135509,1158,2135509,37789,39704
33784833,2136927,2163869,2576,2163869,27134,26942
34380833,2175213,2206409,1158,2206409,30724,31196
34841833,2204991,2231933,1158,2231933,26437,26942
35315833,2236187,2260293,1158,2260293,23956,24106
35709833,2261711,2288653,1158,2288653,27537,26942
36072833,2284399,2309923,1158,2309923,24948,25524
36491833,2312759,2338283,1158,2338283,24342,25524
36877833,2338283,2356717,1158,2356717,19161,18434
37258833,2362389,2376569,1158,2376569,14775,14180
37538833,2379405,2395003,1158,2395003,16455,15598
37783833,2395003,2409183,1158,2409183,14866,14180
38026833,2409183,2423363,1158,2423363,14517,14180
38260833,2423363,2434707,1158,2434707,11691,11344
38492833,2436125,2453141,2576,2453141,18906,17016
38723833,2450305,2470157,1158,2470157,20719,19852
39000833,2468739,2484337,1158,2484337,16555,15598
39301833,2487173,2507025,1158,2507025,19132,19852
39560833,2504189,2529713,1158,2529713,24212,25524
39839833,2522623,2552401,1158,2552401,28670,29778
40188833,2545311,2572253,1158,2572253,26176,26942
40615833,2573671,2600613,2576,2600613,27166,26942
41027833,2602031,2620465,1158,2620465,19232,18434
41454833,2627555,2640317,1158,2640317,13143,12762
41733833,2640317,2647407,1158,2647407,7810,7090
41980833,2647407,2654497,1158,2654497,7184,7090
42220833,2654497,2660169,1158,2660169,6887,5672
42455833,2661587,2670095,1158,2670095,9685,8508
42688833,2670095,2677185,1158,2677185,7785,7090
42921833,2677185,2687111,1158,2687111,10594,9926
43153833,2687111,2699873,1158,2699873,14165,12762
43388833,2699873,2709799,1158,2709799,10321,9926
43634833,2711217,2722561,1158,2722561,12564,11344
43872833,2722561,2738159,1158,2738159,16077,15598
44105833,2738159,2762265,1158,2762265,24307,24106
44361833,2752339,2783535,1158,2783535,30008,31196
44690833,2773609,2814731,1158,2814731,39880,41122
45117833,2801969,2831747,1158,2831747,29065,29778
45698833,2838837,2887049,1158,2887049,45657,48212
46206833,2872869,2935261,1158,2935261,60990,62392
46927833,2918245,3006161,1158,3006161,85152,87916
47872833,2976383,3065717,1158,3065717,83322,89334
49220833,3068553,3115347,1158,3115347,44729,46794
50579833,3159305,3196173,1158,3196173,36351,36868
51154833,3196173,3237295,1158,3237295,39659,41122
51725833,3233041,3279835,1158,3279835,45340,46794
52342833,3274163,3354989,1158,3354989,78204,80826
53051833,3315285,3384767,1158,3384767,64952,69482
54193833,3391857,3462757,1158,3462757,67000,70900
55267833,3461339,3525149,1158,3525149,58521,63810
56363833,3536493,3574779,1158,3574779,37884,38286
57119833,3586123,3624409,1158,3624409,36156,38286
57702833,3624409,3661277,1158,3661277,36342,36868
58274833,3661277,3696727,1158,3696727,34825,35450
58845833,3698145,3742103,1158,3742103,41985,43958
59394833,3733595,3781807,1158,3781807,46087,48212
