timestamp,cWnd0,cWnd1
611833,5672,5672
611833,31178,1500
829833,31178,1500
1052833,36614,1500
1361833,34714,1500
1879833,41097,1500
2451833,30214,1500
3111833,29046,1500
3603833,37221,1500
4080833,39673,1500
4685833,48114,1500
5326833,32674,1500
6104833,40926,1500
6732833,42696,1500
7398833,49602,1500
8111833,39147,1500
8918833,27523,1500
9448833,39815,1500
9918833,44329,1500
10566833,33797,1500
11297833,55137,1500
11911833,33510,1500
12803833,21083,1500
13176833,20646,1500
13514833,22138,1500
13847833,26813,1500
14200833,24740,1500
14613833,15375,1500
15020833,13682,1500
15271833,17219,1500
15507833,16278,1500
15781833,26768,1500
16047833,22164,1500
16418833,35324,1500
16791833,22657,1500
17316833,20470,1500
17688833,25315,1500
18031833,21826,1500
18425833,29033,1500
18793833,25875,1500
19252833,21279,1500
19677833,23091,1500
20046833,21034,1500
20425833,25154,1500
20767833,28090,1500
21162833,52789,1500
21604833,48739,1500
22287833,53046,1500
23111833,61389,1500
23991833,93961,1500
25013833,91606,1500
26561833,100812,1500
28088833,102647,1500
29781833,99788,1500
31498833,84974,1500
33106833,61261,1500
34246833,57222,1500
35241833,53289,1500
36178833,31134,1500
36970833,26185,1500
37416833,20750,1500
37834833,22054,1500
38183833,26343,1500
38538833,18948,1500
38953833,21180,1500
39287833,20265,1500
39620833,17291,1500
39953833,18861,1500
40248833,16869,1500
40554833,15459,1500
40818833,13940,1500
41062833,14120,1500
41296833,21369,1500
41527833,26704,1500
41838833,39068,1500
42227833,25668,1500
42779833,44631,1500
43278833,42065,1500
43994833,33497,1500
44670833,33298,1500
45220833,20598,1500
45768833,27374,1500
46179833,27327,1500
46627833,29232,1500
47079833,37569,1500
47553833,34903,1500
48154833,32269,1500
48722833,29067,1500
49236833,26626,1500
49708833,18436,1500
50111833,20436,1500
50438833,23566,1500
50770833,39719,1500
51142833,35330,1500
51690833,24149,1500
52278833,30427,1500
52741833,27668,1500
53238833,36860,1500
53699833,28656,1500
54281833,34774,1500
54795833,33291,1500
55363833,28542,1500
55903833,21424,1500
56343833,20349,1500
56697833,34332,1500
57034833,12990,1500
57539833,15051,1500
57849833,21040,1500
58111833,15201,1500
58427833,11855,1500
58688833,18014,1500
58931833,27616,1500
59227833,33237,1500
59611833,18824,1500
