timestamp,rtt0,rtt1
611833,218,184
611833,218,184
829833,223,184
1052833,309,219
1361833,518,221
1879833,572,224
2451833,660,225
3111833,492,227
3603833,477,227
4080833,605,228
4685833,641,228
5326833,778,229
6104833,628,229
6732833,666,229
7398833,713,229
8111833,807,230
8918833,530,230
9448833,470,230
9918833,648,230
10566833,731,230
11297833,614,230
11911833,892,230
12803833,373,230
13176833,338,230
13514833,333,230
13847833,353,230
14200833,413,230
14613833,407,230
15020833,251,230
15271833,236,230
15507833,274,230
15781833,266,230
16047833,371,230
16418833,373,230
16791833,525,230
17316833,372,230
17688833,343,230
18031833,394,230
18425833,368,230
18793833,459,230
19252833,425,230
19677833,369,230
20046833,379,230
20425833,342,230
20767833,395,230
21162833,442,230
21604833,683,230
22287833,824,230
23111833,880,230
23991833,1022,230
25013833,1548,230
26561833,1527,230
28088833,1693,230
29781833,1717,230
31498833,1608,230
33106833,1140,230
34246833,995,230
35241833,937,230
36178833,792,230
36970833,446,230
37416833,418,230
37834833,349,230
38183833,355,230
38538833,415,230
38953833,334,230
39287833,333,230
39620833,333,230
39953833,295,230
40248833,306,230
40554833,264,230
40818833,244,230
41062833,234,230
41296833,231,230
41527833,311,230
41838833,389,230
42227833,552,230
42779833,499,230
43278833,716,230
43994833,676,230
44670833,550,230
45220833,548,230
45768833,411,230
46179833,448,230
46627833,452,230
47079833,474,230
47553833,601,230
48154833,568,230
48722833,514,230
49236833,472,230
49708833,403,230
50111833,327,230
50438833,332,230
50770833,372,230
51142833,548,230
51690833,588,230
52278833,463,230
52741833,497,230
53238833,461,230
53699833,582,230
54281833,514,230
54795833,568,230
55363833,540,230
55903833,440,230
56343833,354,230
56697833,337,230
57034833,505,230
57539833,310,230
57849833,262,230
58111833,316,230
58427833,261,230
58688833,243,230
58931833,296,230
59227833,384,230
59611833,502,230
