timestamp,availableTxBuffer0,availableTxBuffer1
611833,246472,246472
611833,246472,246472
829833,222366,246472
1052833,216694,250726
1361833,218112,250726
1879833,212440,250726
2451833,222366,250726
3111833,223784,250726
3603833,215276,250726
4080833,213858,250726
4685833,205350,250726
5326833,219530,250726
6104833,212440,250726
6732833,209604,250726
7398833,203932,250726
8111833,213858,250726
8918833,225202,250726
9448833,212440,250726
9918833,208186,250726
10566833,219530,250726
11297833,198260,250726
11911833,219530,250726
12803833,232292,250726
13176833,232292,250726
13514833,230874,250726
13847833,226620,250726
14200833,228038,250726
14613833,237964,250726
15020833,239382,250726
15271833,235128,250726
15507833,236546,250726
15781833,226620,250726
16047833,230874,250726
16418833,219530,252144
16791833,230874,250726
17316833,232292,250726
17688833,228038,250726
18031833,230874,250726
18425833,223784,250726
18793833,226620,250726
19252833,230874,250726
19677833,229456,250726
20046833,233710,250726
20425833,228038,250726
20767833,225202,250726
21162833,199678,250726
21604833,203932,250726
22287833,199678,250726
23111833,191170,250726
23991833,158556,250726
25013833,161392,250726
26561833,151466,250726
28088833,150048,250726
29781833,152884,252144
31498833,168482,250726
33106833,191170,250726
34246833,195424,250726
35241833,199678,250726
36178833,222366,250726
36970833,226620,250726
37416833,232292,250726
37834833,230874,250726
38183833,226620,250726
38538833,233710,250726
38953833,232292,250726
39287833,233710,250726
39620833,235128,250726
39953833,233710,250726
40248833,236546,250726
40554833,237964,250726
40818833,239382,250726
41062833,240800,250726
41296833,230874,250726
41527833,226620,250726
41838833,213858,250726
42227833,226620,250726
42779833,208186,250726
43278833,211022,250726
43994833,219530,250726
44670833,219530,250726
45220833,232292,250726
45768833,225202,250726
46179833,225202,250726
46627833,223784,250726
47079833,215276,250726
47553833,218112,250726
48154833,220948,250726
48722833,223784,250726
49236833,226620,250726
49708833,233710,250726
50111833,232292,250726
50438833,229456,250726
50770833,213858,250726
51142833,218112,250726
51690833,228038,250726
52278833,222366,250726
52741833,225202,250726
53238833,216694,250726
53699833,223784,250726
54281833,218112,250726
54795833,219530,250726
55363833,223784,250726
55903833,232292,250726
56343833,232292,250726
56697833,218112,250726
57034833,237964,250726
57539833,237964,250726
57849833,232292,250726
58111833,237964,250726
58427833,242218,252144
58688833,235128,250726
58931833,225202,250726
59227833,219530,250726
59611833,233710,252144
