timestamp,unAck0,unAck1
611833,5672,5672
611833,5672,5672
829833,29778,5672
1052833,35450,1418
1361833,34032,1418
1879833,39704,1418
2451833,29778,1418
3111833,28360,1418
3603833,36868,1418
4080833,38286,1418
4685833,46794,1418
5326833,32614,1418
6104833,39704,1418
6732833,42540,1418
7398833,48212,1418
8111833,38286,1418
8918833,26942,1418
9448833,39704,1418
9918833,43958,1418
10566833,32614,1418
11297833,53884,1418
11911833,32614,1418
12803833,19852,1418
13176833,19852,1418
13514833,21270,1418
13847833,25524,1418
14200833,24106,1418
14613833,14180,1418
15020833,12762,1418
15271833,17016,1418
15507833,15598,1418
15781833,25524,1418
16047833,21270,1418
16418833,32614,0
16791833,21270,1418
17316833,19852,1418
17688833,24106,1418
18031833,21270,1418
18425833,28360,1418
18793833,25524,1418
19252833,21270,1418
19677833,22688,1418
20046833,18434,1418
20425833,24106,1418
20767833,26942,1418
21162833,52466,1418
21604833,48212,1418
22287833,52466,1418
23111833,60974,1418
23991833,93588,1418
25013833,90752,1418
26561833,100678,1418
28088833,102096,1418
29781833,99260,0
31498833,83662,1418
33106833,60974,1418
34246833,56720,1418
35241833,52466,1418
36178833,29778,1418
36970833,25524,1418
37416833,19852,1418
37834833,21270,1418
38183833,25524,1418
38538833,18434,1418
38953833,19852,1418
39287833,18434,1418
39620833,17016,1418
39953833,18434,1418
40248833,15598,1418
40554833,14180,1418
40818833,12762,1418
41062833,11344,1418
41296833,21270,1418
41527833,25524,1418
41838833,38286,1418
42227833,25524,1418
42779833,43958,1418
43278833,41122,1418
43994833,32614,1418
44670833,32614,1418
45220833,19852,1418
45768833,26942,1418
46179833,26942,1418
46627833,28360,1418
47079833,36868,1418
47553833,34032,1418
48154833,31196,1418
48722833,28360,1418
49236833,25524,1418
49708833,18434,1418
50111833,19852,1418
50438833,22688,1418
50770833,38286,1418
51142833,34032,1418
51690833,24106,1418
52278833,29778,1418
52741833,26942,1418
53238833,35450,1418
53699833,28360,1418
54281833,34032,1418
54795833,32614,1418
55363833,28360,1418
55903833,19852,1418
56343833,19852,1418
56697833,34032,1418
57034833,14180,1418
57539833,14180,1418
57849833,19852,1418
58111833,14180,1418
58427833,9926,0
58688833,17016,1418
58931833,26942,1418
59227833,32614,1418
59611833,18434,0
