timestamp,rWnd0,rWnd1
611833,1073725440,1073725440
611833,1073725440,1073725440
829833,1073725440,1073725440
1052833,1073725440,1073725440
1361833,1073725440,1073725440
1879833,1073725440,1073725440
2451833,1073725440,1073725440
3111833,1073725440,1073725440
3603833,1073725440,1073725440
4080833,1073725440,1073725440
4685833,1073725440,1073725440
5326833,1073725440,1073725440
6104833,1073725440,1073725440
6732833,1073725440,1073725440
7398833,1073725440,1073725440
8111833,1073725440,1073725440
8918833,1073725440,1073725440
9448833,1073725440,1073725440
9918833,1073725440,1073725440
10566833,1073725440,1073725440
11297833,1073725440,1073725440
11911833,1073725440,1073725440
12803833,1073725440,1073725440
13176833,1073725440,1073725440
13514833,1073725440,1073725440
13847833,1073725440,1073725440
14200833,1073725440,1073725440
14613833,1073725440,1073725440
15020833,1073725440,1073725440
15271833,1073725440,1073725440
15507833,1073725440,1073725440
15781833,1073725440,1073725440
16047833,1073725440,1073725440
16418833,1073725440,1073725440
16791833,1073725440,1073725440
17316833,1073725440,1073725440
17688833,1073725440,1073725440
18031833,1073725440,1073725440
18425833,1073725440,1073725440
18793833,1073725440,1073725440
19252833,1073725440,1073725440
19677833,1073725440,1073725440
20046833,1073725440,1073725440
20425833,1073725440,1073725440
20767833,1073725440,1073725440
21162833,1073725440,1073725440
21604833,1073725440,1073725440
22287833,1073725440,1073725440
23111833,1073725440,1073725440
23991833,1073725440,1073725440
25013833,1073725440,1073725440
26561833,1073725440,1073725440
28088833,1073725440,1073725440
29781833,1073725440,1073725440
31498833,1073725440,1073725440
33106833,1073725440,1073725440
34246833,1073725440,1073725440
35241833,1073725440,1073725440
36178833,1073725440,1073725440
36970833,1073725440,1073725440
37416833,1073725440,1073725440
37834833,1073725440,1073725440
38183833,1073725440,1073725440
38538833,1073725440,1073725440
38953833,1073725440,1073725440
39287833,1073725440,1073725440
39620833,1073725440,1073725440
39953833,1073725440,1073725440
40248833,1073725440,1073725440
40554833,1073725440,1073725440
40818833,1073725440,1073725440
41062833,1073725440,1073725440
41296833,1073725440,1073725440
41527833,1073725440,1073725440
41838833,1073725440,1073725440
42227833,1073725440,1073725440
42779833,1073725440,1073725440
43278833,1073725440,1073725440
43994833,1073725440,1073725440
44670833,1073725440,1073725440
45220833,1073725440,1073725440
45768833,1073725440,1073725440
46179833,1073725440,1073725440
46627833,1073725440,1073725440
47079833,1073725440,1073725440
47553833,1073725440,1073725440
48154833,1073725440,1073725440
48722833,1073725440,1073725440
49236833,1073725440,1073725440
49708833,1073725440,1073725440
50111833,1073725440,1073725440
50438833,1073725440,1073725440
50770833,1073725440,1073725440
51142833,1073725440,1073725440
51690833,1073725440,1073725440
52278833,1073725440,1073725440
52741833,1073725440,1073725440
53238833,1073725440,1073725440
53699833,1073725440,1073725440
54281833,1073725440,1073725440
54795833,1073725440,1073725440
55363833,1073725440,1073725440
55903833,1073725440,1073725440
56343833,1073725440,1073725440
56697833,1073725440,1073725440
57034833,1073725440,1073725440
57539833,1073725440,1073725440
57849833,1073725440,1073725440
58111833,1073725440,1073725440
58427833,1073725440,1073725440
58688833,1073725440,1073725440
58931833,1073725440,1073725440
59227833,1073725440,1073725440
59611833,1073725440,1073725440
