timestamp,lastAckedSeq,highTxMark,availableTxBuffer,nextTxSeq,totalCwnd,unAckMeta
611833,5673,17017,1158,17017,11344,11344
611833,5673,17017,1158,17017,32678,11344
829833,11345,46795,1158,46795,32678,35450
1052833,29779,66647,1158,66647,38114,36868
1361833,48213,85081,1158,85081,36214,36868
1879833,82245,126203,1158,126203,42597,43958
2451833,119113,153145,1158,153145,31714,34032
3111833,164489,195685,1158,195685,30546,31196
3603833,195685,235389,1158,235389,38721,39704
4080833,225463,268003,1158,268003,41173,42540
4685833,266585,316215,1158,316215,49614,49630
5326833,306289,343157,1158,343157,34174,36868
6104833,357337,401295,1158,401295,42426,43958
6732833,398459,445253,1158,445253,44196,46794
7398833,442417,494883,1158,494883,51102,52466
8111833,487793,531751,1158,531751,40647,43958
8918833,543095,572873,1158,572873,29023,29778
9448833,577127,619667,1158,619667,41315,42540
9918833,606905,655117,1158,655117,45829,48212
10566833,649445,686313,1158,686313,35297,36868
11297833,696239,754377,1158,754377,56637,58138
11911833,735943,774229,1158,774229,35010,38286
12803833,798335,819605,1158,819605,22583,21270
13176833,821023,843711,1158,843711,22146,22688
13514833,843711,866399,1158,866399,23638,22688
13847833,864981,893341,1158,893341,28313,28360
14200833,887669,914611,1158,914611,26240,26942
14613833,916029,931627,1158,931627,16875,15598
15020833,942971,957151,1158,957151,15182,14180
15271833,957151,975585,1158,975585,18719,18434
15507833,971331,989765,1158,989765,17778,18434
15781833,991183,1018125,1158,1018125,28268,26942
16047833,1006781,1030887,1158,1030887,23664,24106
16418833,1032305,1066337,2576,1066337,36824,34032
16791833,1054993,1079099,1158,1079099,24157,24106
17316833,1090443,1111713,1158,1111713,21970,21270
17688833,1114549,1141491,1158,1141491,26815,26942
18031833,1137237,1159925,1158,1159925,23326,22688
18425833,1162761,1193957,1158,1193957,30533,31196
18793833,1185449,1213809,1158,1213809,27375,28360
19252833,1216645,1239333,1158,1239333,22779,22688
19677833,1245005,1269111,1158,1269111,24591,24106
20046833,1269111,1290381,2576,1290381,22534,21270
20425833,1293217,1318741,1158,1318741,26654,25524
20767833,1315905,1345683,1158,1345683,29590,29778
21162833,1340011,1395313,1158,1395313,54289,55302
21604833,1368371,1420837,1158,1420837,50239,52466
22287833,1412329,1469049,1158,1469049,54546,56720
23111833,1466213,1532859,1158,1532859,62889,66646
23991833,1522933,1622193,1158,1622193,95461,99260
25013833,1586743,1687421,1158,1687421,93106,100678
26561833,1687421,1796607,1158,1796607,102312,109186
28088833,1785263,1897285,1158,1897285,104147,112022
29781833,1895867,2005053,1158,2005053,101288,109186
31498833,2010725,2102895,1158,2102895,86474,92170
33106833,2118493,2185139,1158,2185139,62761,66646
34246833,2192229,2254621,1158,2254621,58722,62392
35241833,2258875,2315595,1158,2315595,54789,56720
36178833,2321267,2353881,1158,2353881,32634,32614
36970833,2373733,2402093,1158,2402093,27685,28360
37416833,2403511,2424781,1158,2424781,22250,21270
37834833,2431871,2454559,1158,2454559,23554,22688
38183833,2453141,2481501,1158,2481501,27843,28360
38538833,2475829,2497099,1158,2497099,20448,21270
38953833,2505607,2526877,2576,2526877,22680,21270
39287833,2526877,2546729,2576,2546729,21765,19852
39620833,2546729,2566581,1158,2566581,18791,19852
39953833,2569417,2589269,1158,2589269,20361,19852
40248833,2589269,2606285,1158,2606285,18369,17016
40554833,2610539,2626137,1158,2626137,16959,15598
40818833,2626137,2640317,1158,2640317,15440,14180
41062833,2641735,2654497,2576,2654497,15620,12762
41296833,2655915,2678603,1158,2678603,22869,22688
41527833,2668677,2697037,1158,2697037,28204,28360
41838833,2688529,2729651,1158,2729651,40568,41122
42227833,2714053,2743831,1158,2743831,27168,29778
42779833,2750921,2797715,1158,2797715,46131,46794
43278833,2782117,2827493,1158,2827493,43565,45376
43994833,2830329,2865779,1158,2865779,34997,35450
44670833,2874287,2909737,1158,2909737,34798,35450
45220833,2911155,2932425,1158,2932425,22098,21270
45768833,2946605,2974965,1158,2974965,28874,28360
46179833,2972129,3001907,1158,3001907,28827,29778
46627833,3001907,3033103,1158,3033103,30732,31196
47079833,3031685,3071389,1158,3071389,39069,39704
47553833,3061463,3099749,1158,3099749,36403,38286
48154833,3101167,3135199,1158,3135199,33769,34032
48722833,3139453,3170649,1158,3170649,30567,31196
49236833,3172067,3200427,1158,3200427,28126,28360
49708833,3204681,3224533,1158,3224533,19936,19852
50111833,3230205,3252893,1158,3252893,21936,22688
50438833,3252893,3276999,1158,3276999,25066,24106
50770833,3274163,3313867,2576,3313867,41219,39704
51142833,3295433,3333719,1158,3333719,36830,38286
51690833,3332301,3359243,1158,3359243,25649,26942
52278833,3372005,3404619,1158,3404619,31927,32614
52741833,3401783,3431561,1158,3431561,29168,29778
53238833,3434397,3472683,1158,3472683,38360,38286
53699833,3462757,3495371,1158,3495371,30156,32614
54281833,3502461,3539329,1158,3539329,36274,36868
54795833,3535075,3570525,1158,3570525,34791,35450
55363833,3573361,3604557,1158,3604557,30042,31196
55903833,3608811,3631499,2576,3631499,22924,22688
56343833,3637171,3659859,1158,3659859,21849,22688
56697833,3661277,3696727,1158,3696727,35832,35450
57034833,3681129,3699563,1158,3699563,14490,18434
57539833,3716579,3732177,1158,3732177,16551,15598
57849833,3736431,3757701,1158,3757701,22540,21270
58111833,3753447,3769045,1158,3769045,16701,15598
58427833,3773299,3783225,3994,3783225,13355,9926
58688833,3786061,3805913,1158,3805913,19514,19852
58931833,3801659,3831437,1158,3831437,29116,29778
59227833,3820093,3855543,1158,3855543,34737,35450
59611833,3844199,3865469,1158,3865469,20324,21270
