timestamp,availableTxBuffer0,availableTxBuffer1
611833,246472,246472
611833,246472,246472
829833,222366,246472
1052833,235128,250726
1361833,237964,250726
1845833,239382,250726
2097833,240800,250726
2334833,236546,250726
2566833,233710,252144
2836833,220948,250726
3149833,222366,250726
3586833,218112,250726
4085833,215276,250726
4648833,209604,250726
5263833,201096,250726
5971833,215276,250726
6821833,222366,250726
7357833,223784,250726
7856833,233710,250726
8312833,230874,250726
8656833,230874,250726
9011833,229456,252144
9367833,230874,250726
9744833,228038,250726
10104833,223784,250726
10502833,216694,250726
10965833,218112,250726
11538833,229456,250726
12110833,232292,252144
12467833,226620,250726
12803833,235128,250726
13214833,228038,250726
13560833,223784,250726
13955833,219530,250726
14418833,222366,250726
14954833,215276,250726
15459833,228038,250726
16070833,232292,250726
16440833,225202,250726
16782833,232292,250726
17214833,235128,250726
17546833,228038,250726
17844833,216694,252144
18223833,216694,250726
18737833,222366,250726
19328833,216694,250726
19855833,226620,250726
20447833,230874,250726
20840833,229456,250726
21204833,235128,250726
21582833,229456,250726
21899833,226620,252144
22268833,225202,250726
22685833,228038,250726
23133833,228038,250726
23542833,233710,250726
23947833,225202,250726
24286833,235128,252144
24719833,239382,250726
25001833,236546,250726
25251833,233710,250726
25511833,240800,250726
25805833,242218,250726
26062833,237964,250726
26303833,239382,250726
26554833,228038,250726
26790833,223784,250726
27124833,220948,252144
27552833,219530,250726
28060833,211022,250726
28604833,216694,250726
29281833,229456,250726
29792833,236546,250726
30122833,239382,250726
30388833,233710,250726
30631833,237964,250726
30931833,243636,250726
31194833,240800,250726
31439833,240800,250726
31675833,235128,250726
31907833,232292,250726
32198833,239382,250726
32518833,235128,250726
32786833,240800,250726
33067833,243636,250726
33317833,236546,250726
33555833,242218,250726
33837833,229456,250726
34089833,222366,250726
34441833,216694,250726
34890833,205350,250726
35459833,212440,250726
36227833,233710,250726
36737833,228038,250726
37120833,223784,250726
37522833,236546,250726
37987833,242218,250726
38258833,236546,252144
38504833,232292,252144
38766833,233710,250726
39075833,223784,250726
39386833,213858,250726
39811833,220948,250726
40383833,215276,250726
40925833,205350,250726
41540833,171318,250726
42313833,194006,250726
43526833,206768,250726
44356833,216694,250726
45064833,198260,250726
45688833,202514,250726
46579833,211022,250726
47368833,209604,250726
48070833,213858,250726
48785833,206768,250726
49441833,191170,250726
50200833,179826,252144
51208833,211022,250726
52419833,223784,250726
52910833,229456,250726
53375833,218112,250726
53776833,228038,250726
54325833,223784,250726
54779833,216694,250726
55253833,211022,250726
55834833,232292,250726
56514833,235128,250726
56820833,233710,250726
57111833,239382,250726
57416833,243636,250726
57672833,232292,250726
57914833,219530,250726
58250833,228038,250726
58698833,226620,250726
59139833,233710,250726
59590833,233710,250726
59910833,226620,250726
