timestamp,rWnd0,rWnd1
611833,1073725440,1073725440
611833,1073725440,1073725440
829833,1073725440,1073725440
1052833,1073725440,1073725440
1361833,1073725440,1073725440
1845833,1073725440,1073725440
2097833,1073725440,1073725440
2334833,1073725440,1073725440
2566833,1073725440,1073725440
2836833,1073725440,1073725440
3149833,1073725440,1073725440
3586833,1073725440,1073725440
4085833,1073725440,1073725440
4648833,1073725440,1073725440
5263833,1073725440,1073725440
5971833,1073725440,1073725440
6821833,1073725440,1073725440
7357833,1073725440,1073725440
7856833,1073725440,1073725440
8312833,1073725440,1073725440
8656833,1073725440,1073725440
9011833,1073725440,1073725440
9367833,1073725440,1073725440
9744833,1073725440,1073725440
10104833,1073725440,1073725440
10502833,1073725440,1073725440
10965833,1073725440,1073725440
11538833,1073725440,1073725440
12110833,1073725440,1073725440
12467833,1073725440,1073725440
12803833,1073725440,1073725440
13214833,1073725440,1073725440
13560833,1073725440,1073725440
13955833,1073725440,1073725440
14418833,1073725440,1073725440
14954833,1073725440,1073725440
15459833,1073725440,1073725440
16070833,1073725440,1073725440
16440833,1073725440,1073725440
16782833,1073725440,1073725440
17214833,1073725440,1073725440
17546833,1073725440,1073725440
17844833,1073725440,1073725440
18223833,1073725440,1073725440
18737833,1073725440,1073725440
19328833,1073725440,1073725440
19855833,1073725440,1073725440
20447833,1073725440,1073725440
20840833,1073725440,1073725440
21204833,1073725440,1073725440
21582833,1073725440,1073725440
21899833,1073725440,1073725440
22268833,1073725440,1073725440
22685833,1073725440,1073725440
23133833,1073725440,1073725440
23542833,1073725440,1073725440
23947833,1073725440,1073725440
24286833,1073725440,1073725440
24719833,1073725440,1073725440
25001833,1073725440,1073725440
25251833,1073725440,1073725440
25511833,1073725440,1073725440
25805833,1073725440,1073725440
26062833,1073725440,1073725440
26303833,1073725440,1073725440
26554833,1073725440,1073725440
26790833,1073725440,1073725440
27124833,1073725440,1073725440
27552833,1073725440,1073725440
28060833,1073725440,1073725440
28604833,1073725440,1073725440
29281833,1073725440,1073725440
29792833,1073725440,1073725440
30122833,1073725440,1073725440
30388833,1073725440,1073725440
30631833,1073725440,1073725440
30931833,1073725440,1073725440
31194833,1073725440,1073725440
31439833,1073725440,1073725440
31675833,1073725440,1073725440
31907833,1073725440,1073725440
32198833,1073725440,1073725440
32518833,1073725440,1073725440
32786833,1073725440,1073725440
33067833,1073725440,1073725440
33317833,1073725440,1073725440
33555833,1073725440,1073725440
33837833,1073725440,1073725440
34089833,1073725440,1073725440
34441833,1073725440,1073725440
34890833,1073725440,1073725440
35459833,1073725440,1073725440
36227833,1073725440,1073725440
36737833,1073725440,1073725440
37120833,1073725440,1073725440
37522833,1073725440,1073725440
37987833,1073725440,1073725440
38258833,1073725440,1073725440
38504833,1073725440,1073725440
38766833,1073725440,1073725440
39075833,1073725440,1073725440
39386833,1073725440,1073725440
39811833,1073725440,1073725440
40383833,1073725440,1073725440
40925833,1073725440,1073725440
41540833,1073725440,1073725440
42313833,1073725440,1073725440
43526833,1073725440,1073725440
44356833,1073725440,1073725440
45064833,1073725440,1073725440
45688833,1073725440,1073725440
46579833,1073725440,1073725440
47368833,1073725440,1073725440
48070833,1073725440,1073725440
48785833,1073725440,1073725440
49441833,1073725440,1073725440
50200833,1073725440,1073725440
51208833,1073725440,1073725440
52419833,1073725440,1073725440
52910833,1073725440,1073725440
53375833,1073725440,1073725440
53776833,1073725440,1073725440
54325833,1073725440,1073725440
54779833,1073725440,1073725440
55253833,1073725440,1073725440
55834833,1073725440,1073725440
56514833,1073725440,1073725440
56820833,1073725440,1073725440
57111833,1073725440,1073725440
57416833,1073725440,1073725440
57672833,1073725440,1073725440
57914833,1073725440,1073725440
58250833,1073725440,1073725440
58698833,1073725440,1073725440
59139833,1073725440,1073725440
59590833,1073725440,1073725440
59910833,1073725440,1073725440
