timestamp,cWnd0,cWnd1
611833,5672,5672
611833,30495,1500
829833,30495,1500
1052833,18081,1500
1361833,14378,1500
1845833,12927,1500
2097833,12006,1500
2334833,15986,1500
2566833,20955,1500
2836833,32132,1500
3149833,30020,1500
3586833,35144,1500
4085833,37890,1500
4648833,43920,1500
5263833,52140,1500
5971833,37593,1500
6821833,30255,1500
7357833,29717,1500
7856833,19253,1500
8312833,22382,1500
8656833,22421,1500
9011833,23542,1500
9367833,22221,1500
9744833,25160,1500
10104833,28941,1500
10502833,35629,1500
10965833,35115,1500
11538833,23851,1500
12110833,20164,1500
12467833,26799,1500
12803833,17049,1500
13214833,25036,1500
13560833,29645,1500
13955833,33007,1500
14418833,31173,1500
14954833,38067,1500
15459833,24340,1500
16070833,21229,1500
16440833,27798,1500
16782833,21068,1500
17214833,17043,1500
17546833,25449,1500
17844833,36629,1500
18223833,36303,1500
18737833,30943,1500
19328833,36652,1500
19855833,25926,1500
20447833,22465,1500
20840833,23019,1500
21204833,17439,1500
21582833,23234,1500
21899833,26069,1500
22268833,28355,1500
22685833,24933,1500
23133833,24730,1500
23542833,19660,1500
23947833,27242,1500
24286833,18002,1500
24719833,14046,1500
25001833,16763,1500
25251833,19634,1500
25511833,12393,1500
25805833,10536,1500
26062833,15594,1500
26303833,13039,1500
26554833,24338,1500
26790833,28698,1500
27124833,31866,1500
27552833,32810,1500
28060833,41674,1500
28604833,36546,1500
29281833,22788,1500
29792833,15746,1500
30122833,13203,1500
30388833,18585,1500
30631833,15583,1500
30931833,9610,1500
31194833,11510,1500
31439833,12543,1500
31675833,17413,1500
31907833,20825,1500
32198833,15298,1500
32518833,18287,1500
32786833,12533,1500
33067833,9086,1500
33317833,16612,1500
33555833,10827,1500
33837833,23918,1500
34089833,30905,1500
34441833,35841,1500
34890833,48503,1500
35459833,40495,1500
36227833,19952,1500
36737833,24910,1500
37120833,29258,1500
37522833,16682,1500
37987833,12003,1500
38258833,15829,1500
38504833,20588,1500
38766833,18718,1500
39075833,29037,1500
39386833,38533,1500
39811833,31704,1500
40383833,38131,1500
40925833,47704,1500
41540833,81486,1500
42313833,58812,1500
43526833,45505,1500
44356833,36160,1500
45064833,54522,1500
45688833,50111,1500
46579833,41163,1500
47368833,42838,1500
48070833,39404,1500
48785833,45978,1500
49441833,62024,1500
50200833,73374,1500
51208833,42293,1500
52419833,29560,1500
52910833,23789,1500
53375833,34065,1500
53776833,25495,1500
54325833,29061,1500
54779833,36428,1500
55253833,41866,1500
55834833,21241,1500
56514833,18007,1500
56820833,18467,1500
57111833,13787,1500
57416833,9793,1500
57672833,19943,1500
57914833,32936,1500
58250833,25333,1500
58698833,27208,1500
59139833,19789,1500
59590833,19594,1500
59910833,25797,1500
