timestamp,rtt0,rtt1
611833,218,184
611833,218,184
829833,223,184
1052833,309,219
1361833,484,221
1845833,252,223
2097833,237,225
2334833,232,225
2566833,270,226
2836833,313,226
3149833,437,227
3586833,499,227
4085833,563,228
4648833,615,229
5263833,708,229
5971833,850,229
6821833,536,229
7357833,499,230
7856833,456,230
8312833,344,230
8656833,355,230
9011833,356,230
9367833,377,230
9744833,360,230
10104833,398,230
10502833,463,230
10965833,573,230
11538833,572,230
12110833,357,230
12467833,336,230
12803833,411,230
13214833,346,230
13560833,395,230
13955833,463,230
14418833,536,230
14954833,505,230
15459833,611,230
16070833,370,230
16440833,342,230
16782833,432,230
17214833,332,230
17546833,298,230
17844833,379,230
18223833,514,230
18737833,591,230
19328833,527,230
19855833,592,230
20447833,393,230
20840833,364,230
21204833,378,230
21582833,317,230
21899833,369,230
22268833,417,230
22685833,448,230
23133833,409,230
23542833,405,230
23947833,339,230
24286833,433,230
24719833,282,230
25001833,250,230
25251833,260,230
25511833,294,230
25805833,257,230
26062833,241,230
26303833,251,230
26554833,236,230
26790833,334,230
27124833,428,230
27552833,508,230
28060833,544,230
28604833,677,230
29281833,511,230
29792833,330,230
30122833,266,230
30388833,243,230
30631833,300,230
30931833,263,230
31194833,245,230
31439833,236,230
31675833,232,230
31907833,291,230
32198833,320,230
32518833,268,230
32786833,281,230
33067833,250,230
33317833,238,230
33555833,282,230
33837833,252,230
34089833,352,230
34441833,449,230
34890833,569,230
35459833,768,230
36227833,510,230
36737833,383,230
37120833,402,230
37522833,465,230
37987833,271,230
38258833,246,230
38504833,262,230
38766833,309,230
39075833,311,230
39386833,425,230
39811833,572,230
40383833,542,230
40925833,615,230
41540833,773,230
42313833,1213,230
43526833,830,230
44356833,708,230
45064833,624,230
45688833,891,230
46579833,789,230
47368833,702,230
48070833,715,230
48785833,656,230
49441833,759,230
50200833,1008,230
51208833,1211,230
52419833,491,230
52910833,465,230
53375833,401,230
53776833,549,230
54325833,454,230
54779833,474,230
55253833,581,230
55834833,680,230
56514833,306,230
56820833,291,230
57111833,305,230
57416833,256,230
57672833,242,230
57914833,336,230
58250833,448,230
58698833,441,230
59139833,451,230
59590833,320,230
59910833,311,230
