timestamp,unAck0,unAck1
611833,5672,5672
611833,5672,5672
829833,29778,5672
1052833,17016,1418
1361833,14180,1418
1845833,12762,1418
2097833,11344,1418
2334833,15598,1418
2566833,18434,0
2836833,31196,1418
3149833,29778,1418
3586833,34032,1418
4085833,36868,1418
4648833,42540,1418
5263833,51048,1418
5971833,36868,1418
6821833,29778,1418
7357833,28360,1418
7856833,18434,1418
8312833,21270,1418
8656833,21270,1418
9011833,22688,0
9367833,21270,1418
9744833,24106,1418
10104833,28360,1418
10502833,35450,1418
10965833,34032,1418
11538833,22688,1418
12110833,19852,0
12467833,25524,1418
12803833,17016,1418
13214833,24106,1418
13560833,28360,1418
13955833,32614,1418
14418833,29778,1418
14954833,36868,1418
15459833,24106,1418
16070833,19852,1418
16440833,26942,1418
16782833,19852,1418
17214833,17016,1418
17546833,24106,1418
17844833,35450,0
18223833,35450,1418
18737833,29778,1418
19328833,35450,1418
19855833,25524,1418
20447833,21270,1418
20840833,22688,1418
21204833,17016,1418
21582833,22688,1418
21899833,25524,0
22268833,26942,1418
22685833,24106,1418
23133833,24106,1418
23542833,18434,1418
23947833,26942,1418
24286833,17016,0
24719833,12762,1418
25001833,15598,1418
25251833,18434,1418
25511833,11344,1418
25805833,9926,1418
26062833,14180,1418
26303833,12762,1418
26554833,24106,1418
26790833,28360,1418
27124833,31196,0
27552833,32614,1418
28060833,41122,1418
28604833,35450,1418
29281833,22688,1418
29792833,15598,1418
30122833,12762,1418
30388833,18434,1418
30631833,14180,1418
30931833,8508,1418
31194833,11344,1418
31439833,11344,1418
31675833,17016,1418
31907833,19852,1418
32198833,12762,1418
32518833,17016,1418
32786833,11344,1418
33067833,8508,1418
33317833,15598,1418
33555833,9926,1418
33837833,22688,1418
34089833,29778,1418
34441833,35450,1418
34890833,46794,1418
35459833,39704,1418
36227833,18434,1418
36737833,24106,1418
37120833,28360,1418
37522833,15598,1418
37987833,9926,1418
38258833,15598,0
38504833,19852,0
38766833,18434,1418
39075833,28360,1418
39386833,38286,1418
39811833,31196,1418
40383833,36868,1418
40925833,46794,1418
41540833,80826,1418
42313833,58138,1418
43526833,45376,1418
44356833,35450,1418
45064833,53884,1418
45688833,49630,1418
46579833,41122,1418
47368833,42540,1418
48070833,38286,1418
48785833,45376,1418
49441833,60974,1418
50200833,72318,0
51208833,41122,1418
52419833,28360,1418
52910833,22688,1418
53375833,34032,1418
53776833,24106,1418
54325833,28360,1418
54779833,35450,1418
55253833,41122,1418
55834833,19852,1418
56514833,17016,1418
56820833,18434,1418
57111833,12762,1418
57416833,8508,1418
57672833,19852,1418
57914833,32614,1418
58250833,24106,1418
58698833,25524,1418
59139833,18434,1418
59590833,18434,1418
59910833,25524,1418
