timestamp,lastAckedSeq,highTxMark,availableTxBuffer,nextTxSeq,totalCwnd,unAckMeta
611833,5673,17017,1158,17017,11344,11344
611833,5673,17017,1158,17017,31995,11344
829833,11345,46795,1158,46795,31995,35450
1052833,29779,48213,1158,48213,19581,18434
1361833,49631,65229,1158,65229,15878,15598
1845833,79409,93589,1158,93589,14427,14180
2097833,95007,107769,1158,107769,13506,12762
2334833,109187,126203,1158,126203,17486,17016
2566833,124785,143219,3994,143219,22455,18434
2836833,140383,174415,1158,174415,33632,34032
3149833,160235,192849,1158,192849,31520,32614
3586833,188595,225463,1158,225463,36644,36868
4085833,219791,260913,1158,260913,39390,41122
4648833,258077,303453,1158,303453,45420,45376
5263833,296363,351665,1158,351665,53640,55302
5971833,341739,384279,1158,384279,39093,42540
6821833,399877,432491,1158,432491,31755,32614
7357833,435327,466523,1158,466523,31217,31196
7856833,467941,489211,1158,489211,20753,21270
8312833,497719,521825,1158,521825,23882,24106
8656833,521825,544513,2576,544513,23921,22688
9011833,543095,567201,1158,567201,25042,24106
9367833,565783,589889,1158,589889,23721,24106
9744833,591307,618249,1158,618249,26660,26942
10104833,613995,645191,1158,645191,30441,31196
10502833,640937,679223,1158,679223,37129,38286
10965833,669297,707583,1158,707583,36615,38286
11538833,707583,733107,1158,733107,25351,25524
12110833,745869,767139,1158,767139,21664,21270
12467833,768557,796917,1158,796917,28299,28360
12803833,791245,809679,1158,809679,18549,18434
13214833,818187,845129,1158,845129,26536,26942
13560833,840875,872071,1158,872071,31145,31196
13955833,866399,901849,1158,901849,34507,35450
14418833,896177,928791,1158,928791,32673,32614
14954833,930209,969913,1158,969913,39567,39704
15459833,964241,992601,1158,992601,25840,28360
16070833,1005363,1026633,1158,1026633,22729,21270
16440833,1029469,1059247,1158,1059247,29298,29778
16782833,1050739,1073427,1158,1073427,22568,22688
17214833,1080517,1098951,1158,1098951,18543,18434
17546833,1101787,1127311,1158,1127311,26949,25524
17844833,1120221,1157089,1158,1157089,38129,36868
18223833,1144327,1182613,1158,1182613,37803,38286
18737833,1178359,1210973,1158,1210973,32443,32614
19328833,1216645,1256349,1158,1256349,38152,39704
19855833,1250677,1280455,1158,1280455,27426,29778
20447833,1291799,1314487,1158,1314487,23965,22688
20840833,1315905,1341429,1158,1341429,24519,25524
21204833,1340011,1359863,1158,1359863,18939,19852
21582833,1365535,1389641,1158,1389641,24734,24106
21899833,1385387,1412329,1158,1412329,27569,26942
22268833,1409493,1439271,1158,1439271,29855,29778
22685833,1436435,1463377,1158,1463377,26433,26942
23133833,1466213,1493155,1158,1493155,26230,26942
23542833,1493155,1513007,1158,1513007,21160,19852
23947833,1518679,1548457,1158,1548457,28742,29778
24286833,1541367,1559801,1158,1559801,19502,18434
24719833,1569727,1583907,1158,1583907,15546,14180
25001833,1586743,1605177,1158,1605177,18263,18434
25251833,1602341,1623611,1158,1623611,21134,21270
25511833,1619357,1633537,1158,1633537,13893,14180
25805833,1634955,1646299,1158,1646299,12036,11344
26062833,1649135,1664733,1158,1664733,17094,15598
26303833,1664733,1678913,1158,1678913,14539,14180
26554833,1678913,1704437,1158,1704437,25838,25524
26790833,1693093,1724289,1158,1724289,30198,31196
27124833,1714363,1748395,1158,1748395,33366,34032
27552833,1742723,1778173,1158,1778173,34310,35450
28060833,1776755,1820713,1158,1820713,43174,43958
28604833,1810787,1850491,1158,1850491,38046,39704
29281833,1857581,1883105,1158,1883105,24288,25524
29792833,1891613,1908629,1158,1908629,17246,17016
30122833,1911465,1925645,1158,1925645,14703,14180
30388833,1928481,1948333,1158,1948333,20085,19852
30631833,1944079,1959677,1158,1959677,17083,15598
30931833,1961095,1971021,1158,1971021,11110,9926
31194833,1973857,1986619,1158,1986619,13010,12762
31439833,1986619,1999381,1158,1999381,14043,12762
31675833,2000799,2019233,1158,2019233,18913,18434
31907833,2014979,2036249,1158,2036249,22325,21270
32198833,2034831,2049011,3994,2049011,16798,14180
32518833,2054683,2073117,1158,2073117,19787,18434
32786833,2071699,2084461,1158,2084461,14033,12762
33067833,2085879,2095805,1158,2095805,10586,9926
33317833,2097223,2114239,1158,2114239,18112,17016
33555833,2112821,2124165,1158,2124165,12327,11344
33837833,2127001,2151107,1158,2151107,25418,24106
34089833,2142599,2175213,1158,2175213,32405,32614
34441833,2165287,2203573,1158,2203573,37341,38286
34890833,2195065,2244695,2576,2244695,50003,49630
35459833,2229097,2274473,1158,2274473,41995,45376
36227833,2284399,2304251,3994,2304251,21452,19852
36737833,2315595,2342537,1158,2342537,26410,26942
37120833,2341119,2372315,1158,2372315,30758,31196
37522833,2366643,2385077,1158,2385077,18182,18434
37987833,2396421,2407765,2576,2407765,13503,11344
38258833,2410601,2427617,1158,2427617,17329,17016
38504833,2426199,2447469,1158,2447469,22088,21270
38766833,2443215,2464485,1158,2464485,20218,21270
39075833,2464485,2494263,1158,2494263,30537,29778
39386833,2482919,2524041,1158,2524041,40033,41122
39811833,2509861,2545311,1158,2545311,33204,35450
40383833,2548147,2587851,1158,2587851,39631,39704
40925833,2583597,2634645,1158,2634645,49204,51048
41540833,2623301,2708381,1158,2708381,82986,85080
42313833,2670095,2735323,1158,2735323,60312,65228
43526833,2752339,2803387,1158,2803387,47005,51048
44356833,2809059,2847345,2576,2847345,37660,38286
45064833,2853017,2911155,1158,2911155,56022,58138
45688833,2892721,2948023,1158,2948023,51611,55302
46579833,2952277,2997653,1158,2997653,42663,45376
47368833,3004743,3051537,1158,3051537,44338,46794
48070833,3050119,3092659,1158,3092659,40904,42540
48785833,3096913,3146543,1158,3146543,47478,49630
49441833,3139453,3204681,1158,3204681,63524,65228
50200833,3186247,3264237,1158,3264237,74874,77990
51208833,3252893,3301105,1158,3301105,43793,48212
52419833,3335137,3366333,1158,3366333,31060,31196
52910833,3367751,3393275,1158,3393275,25289,25524
53375833,3397529,3434397,1158,3434397,35565,36868
53776833,3423053,3449995,1158,3449995,26995,26942
54325833,3459921,3491117,1158,3491117,30561,31196
54779833,3489699,3527985,1158,3527985,37928,38286
55253833,3519477,3564853,1158,3564853,43366,45376
55834833,3556345,3580451,1158,3580451,22741,24106
56514833,3604557,3622991,1158,3622991,19507,18434
56820833,3624409,3644261,1158,3644261,19967,19852
57111833,3642843,3657023,1158,3657023,15287,14180
57416833,3658441,3668367,1158,3668367,11293,9926
57672833,3671203,3692473,1158,3692473,21443,21270
57914833,3685383,3720833,1158,3720833,34436,35450
58250833,3706653,3733595,1158,3733595,26833,26942
58698833,3736431,3764791,2576,3764791,28708,28360
59139833,3766209,3786061,1158,3786061,21289,19852
59590833,3795987,3815839,1158,3815839,21094,19852
59910833,3815839,3842781,1158,3842781,27297,26942
