timestamp,rtt0,rtt1
611833,218,184
611833,218,184
829833,223,184
1052833,309,219
1361833,465,221
1826833,546,223
2372833,812,225
3184833,644,227
3828833,623,228
4451833,665,228
5116833,736,229
5852833,547,229
6399833,570,229
6969833,639,229
7608833,602,230
8210833,665,230
8875833,846,230
9721833,571,230
10292833,571,230
10863833,480,230
11343833,476,230
11819833,541,230
12360833,674,230
13034833,485,230
13519833,429,230
13948833,557,230
14505833,634,230
15139833,732,230
15871833,715,230
16586833,714,230
17300833,784,230
18084833,259,230
18343833,243,230
18586833,234,230
18820833,232,230
19052833,231,230
19283833,231,230
19514833,231,230
19745833,230,230
19975833,230,230
20205833,230,230
20435833,258,230
20693833,307,230
21000833,361,230
21361833,299,230
21660833,364,230
22024833,344,230
22368833,482,230
22850833,419,230
23269833,470,230
23739833,410,230
24149833,349,230
24498833,355,230
24853833,319,230
25172833,331,230
25503833,421,230
25924833,394,230
26318833,466,230
26784833,430,230
27214833,408,230
27622833,547,230
28169833,570,230
28739833,639,230
29378833,547,230
29925833,316,230
30241833,273,230
30514833,247,230
30761833,236,230
30997833,262,230
31259833,260,230
31519833,243,230
31762833,235,230
31997833,232,230
32229833,232,230
32461833,267,230
32728833,263,230
32991833,315,230
33306833,394,230
33700833,442,230
34142833,513,230
34655833,387,230
35042833,402,230
35444833,445,230
35889833,302,230
36191833,288,230
36479833,285,230
36764833,322,230
37086833,280,230
37366833,247,230
37613833,238,230
37851833,234,230
38085833,232,230
38317833,231,230
38548833,230,230
38778833,230,230
39008833,232,230
39240833,235,230
39475833,233,230
39708833,231,230
39939833,244,230
40183833,235,230
40418833,233,230
40651833,231,230
40882833,231,230
41113833,232,230
41345833,242,230
41587833,243,230
41830833,245,230
42075833,288,230
42363833,383,230
42746833,500,230
43246833,653,230
43899833,512,230
44411833,500,230
44911833,416,230
45327833,384,230
45711833,372,230
46083833,317,230
46400833,310,230
46710833,248,230
46958833,235,230
47193833,232,230
47425833,230,230
47655833,231,230
47886833,230,230
48116833,301,230
48417833,260,230
48677833,240,230
48917833,257,230
49174833,308,230
49482833,274,230
49756833,288,230
50044833,270,230
50314833,317,230
50631833,347,230
50978833,293,230
51271833,249,230
51520833,239,230
51759833,261,230
52020833,240,230
52260833,233,230
52493833,266,230
52759833,296,230
53055833,289,230
53344833,263,230
53607833,244,230
53851833,322,230
54173833,406,230
54579833,429,230
55008833,449,230
55457833,409,230
55866833,310,230
56176833,328,230
56504833,257,230
56761833,239,230
57000833,233,230
57233833,234,230
57467833,231,230
57698833,231,230
57929833,230,230
58159833,230,230
58389833,232,230
58621833,238,230
58859833,246,230
59105833,236,230
59341833,238,230
59579833,237,230
59816833,270,230
