timestamp,cWnd0,cWnd1
611833,5672,5672
611833,26887,1500
829833,26887,1500
1052833,34213,1500
1361833,33256,1500
1826833,52605,1500
2372833,39085,1500
3184833,37751,1500
3828833,39816,1500
4451833,44336,1500
5116833,28775,1500
5852833,34790,1500
6399833,39493,1500
6969833,35782,1500
7608833,40888,1500
8210833,51555,1500
8875833,31971,1500
9721833,35225,1500
10292833,28943,1500
10863833,29435,1500
11343833,33548,1500
11819833,41810,1500
12360833,33263,1500
13034833,24159,1500
13519833,34434,1500
13948833,39403,1500
14505833,44243,1500
15139833,42791,1500
15871833,43410,1500
16586833,47396,1500
17300833,23754,1500
18084833,15056,1500
18343833,13224,1500
18586833,12272,1500
18820833,10854,1500
19052833,10787,1500
19283833,5982,1500
19514833,6687,1500
19745833,7811,1500
19975833,7009,1500
20205833,15518,1500
20435833,20690,1500
20693833,23444,1500
21000833,15335,1500
21361833,23975,1500
21660833,20963,1500
22024833,32421,1500
22368833,22143,1500
22850833,28574,1500
23269833,26614,1500
23739833,20196,1500
24149833,22238,1500
24498833,19288,1500
24853833,20634,1500
25172833,26984,1500
25503833,23842,1500
25924833,29566,1500
26318833,26853,1500
26784833,25499,1500
27214833,34431,1500
27622833,35164,1500
28169833,39496,1500
28739833,35503,1500
29378833,23260,1500
29925833,16702,1500
30241833,8833,1500
30514833,10977,1500
30761833,15456,1500
30997833,16106,1500
31259833,14281,1500
31519833,11531,1500
31762833,9387,1500
31997833,11753,1500
32229833,16968,1500
32461833,15692,1500
32728833,20956,1500
32991833,26492,1500
33306833,27097,1500
33700833,31888,1500
34142833,21248,1500
34655833,24143,1500
35042833,27568,1500
35444833,17239,1500
35889833,18214,1500
36191833,17901,1500
36479833,20012,1500
36764833,16590,1500
37086833,12173,1500
37366833,7819,1500
37613833,8837,1500
37851833,9529,1500
38085833,8323,1500
38317833,7486,1500
38548833,5488,1500
38778833,7572,1500
39008833,8862,1500
39240833,6570,1500
39475833,5516,1500
39708833,10805,1500
39939833,10935,1500
40183833,9155,1500
40418833,9060,1500
40651833,6840,1500
40882833,8933,1500
41113833,12185,1500
41345833,13352,1500
41587833,14511,1500
41830833,19632,1500
42075833,28084,1500
42363833,33889,1500
42746833,41566,1500
43246833,30524,1500
43899833,29879,1500
44411833,26829,1500
44911833,23444,1500
45327833,23318,1500
45711833,19765,1500
46083833,18702,1500
46400833,15151,1500
46710833,13257,1500
46958833,13252,1500
47193833,13995,1500
47425833,12166,1500
47655833,12636,1500
47886833,19918,1500
48116833,14148,1500
48417833,13166,1500
48677833,16664,1500
48917833,20322,1500
49174833,11729,1500
49482833,17609,1500
49756833,16896,1500
50044833,20191,1500
50314833,21396,1500
50631833,17809,1500
50978833,11664,1500
51271833,9817,1500
51520833,12905,1500
51759833,13246,1500
52020833,10146,1500
52260833,16041,1500
52493833,18472,1500
52759833,17823,1500
53055833,16874,1500
53344833,14382,1500
53607833,21749,1500
53851833,27796,1500
54173833,26621,1500
54579833,27038,1500
55008833,25878,1500
55457833,16004,1500
55866833,20203,1500
56176833,14866,1500
56504833,11456,1500
56761833,10030,1500
57000833,12230,1500
57233833,12045,1500
57467833,11217,1500
57698833,9327,1500
57929833,9450,1500
58159833,11972,1500
58389833,13716,1500
58621833,14729,1500
58859833,11948,1500
59105833,14555,1500
59341833,14594,1500
59579833,18299,1500
59816833,23775,1500
