timestamp,unAck0,unAck1
611833,5672,5672
611833,5672,5672
829833,25524,5672
1052833,34032,1418
1361833,32614,1418
1826833,52466,1418
2372833,38286,1418
3184833,36868,1418
3828833,39704,1418
4451833,43958,1418
5116833,26942,1418
5852833,34032,1418
6399833,38286,0
6969833,35450,1418
7608833,39704,1418
8210833,51048,1418
8875833,31196,1418
9721833,34032,1418
10292833,28360,1418
10863833,28360,1418
11343833,32614,1418
11819833,41122,1418
12360833,32614,1418
13034833,24106,1418
13519833,34032,1418
13948833,36868,1418
14505833,43958,1418
15139833,42540,1418
15871833,42540,1418
16586833,46794,1418
17300833,22688,1418
18084833,14180,1418
18343833,12762,1418
18586833,11344,1418
18820833,9926,1418
19052833,9926,1418
19283833,5672,1418
19514833,5672,1418
19745833,5672,1418
19975833,5672,1418
20205833,14180,1418
20435833,19852,1418
20693833,22688,1418
21000833,14180,1418
21361833,22688,1418
21660833,19852,1418
22024833,31196,1418
22368833,21270,1418
22850833,28360,1418
23269833,25524,1418
23739833,19852,1418
24149833,21270,1418
24498833,18434,1418
24853833,19852,1418
25172833,25524,1418
25503833,22688,1418
25924833,28360,1418
26318833,25524,1418
26784833,24106,1418
27214833,34032,1418
27622833,34032,1418
28169833,38286,1418
28739833,35450,1418
29378833,22688,1418
29925833,15598,1418
30241833,8508,1418
30514833,9926,1418
30761833,14180,1418
30997833,15598,1418
31259833,14180,1418
31519833,11344,1418
31762833,8508,1418
31997833,11344,1418
32229833,15598,1418
32461833,15598,1418
32728833,19852,1418
32991833,25524,1418
33306833,26942,1418
33700833,31196,1418
34142833,19852,1418
34655833,24106,1418
35042833,25524,1418
35444833,17016,1418
35889833,17016,1418
36191833,17016,1418
36479833,19852,1418
36764833,15598,1418
37086833,11344,1418
37366833,7090,1418
37613833,8508,1418
37851833,8508,1418
38085833,7090,1418
38317833,7090,1418
38548833,4254,1418
38778833,7090,1418
39008833,8508,1418
39240833,5672,1418
39475833,4254,1418
39708833,9926,1418
39939833,9926,1418
40183833,8508,1418
40418833,8508,1418
40651833,5672,1418
40882833,8508,1418
41113833,11344,1418
41345833,12762,1418
41587833,14180,1418
41830833,18434,1418
42075833,26942,1418
42363833,32614,1418
42746833,41122,1418
43246833,29778,1418
43899833,29778,1418
44411833,25524,1418
44911833,22688,1418
45327833,22688,1418
45711833,17016,1418
46083833,18434,1418
46400833,14180,1418
46710833,12762,1418
46958833,12762,1418
47193833,12762,1418
47425833,11344,1418
47655833,11344,1418
47886833,19852,1418
48116833,12762,1418
48417833,12762,1418
48677833,15598,1418
48917833,19852,1418
49174833,11344,1418
49482833,17016,1418
49756833,15598,1418
50044833,19852,1418
50314833,21270,1418
50631833,17016,1418
50978833,11344,1418
51271833,8508,1418
51520833,12762,1418
51759833,12762,1418
52020833,9926,1418
52260833,15598,1418
52493833,18434,1418
52759833,17016,1418
53055833,15598,1418
53344833,14180,1418
53607833,21270,1418
53851833,26942,1418
54173833,25524,1418
54579833,26942,1418
55008833,25524,1418
55457833,15598,1418
55866833,19852,1418
56176833,14180,1418
56504833,11344,1418
56761833,9926,1418
57000833,11344,1418
57233833,11344,1418
57467833,9926,1418
57698833,8508,1418
57929833,8508,1418
58159833,11344,1418
58389833,12762,1418
58621833,14180,1418
58859833,11344,1418
59105833,14180,1418
59341833,14180,1418
59579833,17016,1418
59816833,22688,1418
