timestamp,availableTxBuffer0,availableTxBuffer1
611833,246472,246472
611833,246472,246472
829833,226620,246472
1052833,218112,250726
1361833,219530,250726
1826833,199678,250726
2372833,213858,250726
3184833,215276,250726
3828833,212440,250726
4451833,208186,250726
5116833,225202,250726
5852833,218112,250726
6399833,213858,252144
6969833,216694,250726
7608833,212440,250726
8210833,201096,250726
8875833,220948,250726
9721833,218112,250726
10292833,223784,250726
10863833,223784,250726
11343833,219530,250726
11819833,211022,250726
12360833,219530,250726
13034833,228038,250726
13519833,218112,250726
13948833,215276,250726
14505833,208186,250726
15139833,209604,250726
15871833,209604,250726
16586833,205350,250726
17300833,229456,250726
18084833,237964,250726
18343833,239382,250726
18586833,240800,250726
18820833,242218,250726
19052833,242218,250726
19283833,246472,250726
19514833,246472,250726
19745833,246472,250726
19975833,246472,250726
20205833,237964,250726
20435833,232292,250726
20693833,229456,250726
21000833,237964,250726
21361833,229456,250726
21660833,232292,250726
22024833,220948,250726
22368833,230874,250726
22850833,223784,250726
23269833,226620,250726
23739833,232292,250726
24149833,230874,250726
24498833,233710,250726
24853833,232292,250726
25172833,226620,250726
25503833,229456,250726
25924833,223784,250726
26318833,226620,250726
26784833,228038,250726
27214833,218112,250726
27622833,218112,250726
28169833,213858,250726
28739833,216694,250726
29378833,229456,250726
29925833,236546,250726
30241833,243636,250726
30514833,242218,250726
30761833,237964,250726
30997833,236546,250726
31259833,237964,250726
31519833,240800,250726
31762833,243636,250726
31997833,240800,250726
32229833,236546,250726
32461833,236546,250726
32728833,232292,250726
32991833,226620,250726
33306833,225202,250726
33700833,220948,250726
34142833,232292,250726
34655833,228038,250726
35042833,226620,250726
35444833,235128,250726
35889833,235128,250726
36191833,235128,250726
36479833,232292,250726
36764833,236546,250726
37086833,240800,250726
37366833,245054,250726
37613833,243636,250726
37851833,243636,250726
38085833,245054,250726
38317833,245054,250726
38548833,247890,250726
38778833,245054,250726
39008833,243636,250726
39240833,246472,250726
39475833,247890,250726
39708833,242218,250726
39939833,242218,250726
40183833,243636,250726
40418833,243636,250726
40651833,246472,250726
40882833,243636,250726
41113833,240800,250726
41345833,239382,250726
41587833,237964,250726
41830833,233710,250726
42075833,225202,250726
42363833,219530,250726
42746833,211022,250726
43246833,222366,250726
43899833,222366,250726
44411833,226620,250726
44911833,229456,250726
45327833,229456,250726
45711833,235128,250726
46083833,233710,250726
46400833,237964,250726
46710833,239382,250726
46958833,239382,250726
47193833,239382,250726
47425833,240800,250726
47655833,240800,250726
47886833,232292,250726
48116833,239382,250726
48417833,239382,250726
48677833,236546,250726
48917833,232292,250726
49174833,240800,250726
49482833,235128,250726
49756833,236546,250726
50044833,232292,250726
50314833,230874,250726
50631833,235128,250726
50978833,240800,250726
51271833,243636,250726
51520833,239382,250726
51759833,239382,250726
52020833,242218,250726
52260833,236546,250726
52493833,233710,250726
52759833,235128,250726
53055833,236546,250726
53344833,237964,250726
53607833,230874,250726
53851833,225202,250726
54173833,226620,250726
54579833,225202,250726
55008833,226620,250726
55457833,236546,250726
55866833,232292,250726
56176833,237964,250726
56504833,240800,250726
56761833,242218,250726
57000833,240800,250726
57233833,240800,250726
57467833,242218,250726
57698833,243636,250726
57929833,243636,250726
58159833,240800,250726
58389833,239382,250726
58621833,237964,250726
58859833,240800,250726
59105833,237964,250726
59341833,237964,250726
59579833,235128,250726
59816833,229456,250726
