timestamp,rWnd0,rWnd1
611833,1073725440,1073725440
611833,1073725440,1073725440
829833,1073725440,1073725440
1052833,1073725440,1073725440
1361833,1073725440,1073725440
1826833,1073725440,1073725440
2372833,1073725440,1073725440
3184833,1073725440,1073725440
3828833,1073725440,1073725440
4451833,1073725440,1073725440
5116833,1073725440,1073725440
5852833,1073725440,1073725440
6399833,1073725440,1073725440
6969833,1073725440,1073725440
7608833,1073725440,1073725440
8210833,1073725440,1073725440
8875833,1073725440,1073725440
9721833,1073725440,1073725440
10292833,1073725440,1073725440
10863833,1073725440,1073725440
11343833,1073725440,1073725440
11819833,1073725440,1073725440
12360833,1073725440,1073725440
13034833,1073725440,1073725440
13519833,1073725440,1073725440
13948833,1073725440,1073725440
14505833,1073725440,1073725440
15139833,1073725440,1073725440
15871833,1073725440,1073725440
16586833,1073725440,1073725440
17300833,1073725440,1073725440
18084833,1073725440,1073725440
18343833,1073725440,1073725440
18586833,1073725440,1073725440
18820833,1073725440,1073725440
19052833,1073725440,1073725440
19283833,1073725440,1073725440
19514833,1073725440,1073725440
19745833,1073725440,1073725440
19975833,1073725440,1073725440
20205833,1073725440,1073725440
20435833,1073725440,1073725440
20693833,1073725440,1073725440
21000833,1073725440,1073725440
21361833,1073725440,1073725440
21660833,1073725440,1073725440
22024833,1073725440,1073725440
22368833,1073725440,1073725440
22850833,1073725440,1073725440
23269833,1073725440,1073725440
23739833,1073725440,1073725440
24149833,1073725440,1073725440
24498833,1073725440,1073725440
24853833,1073725440,1073725440
25172833,1073725440,1073725440
25503833,1073725440,1073725440
25924833,1073725440,1073725440
26318833,1073725440,1073725440
26784833,1073725440,1073725440
27214833,1073725440,1073725440
27622833,1073725440,1073725440
28169833,1073725440,1073725440
28739833,1073725440,1073725440
29378833,1073725440,1073725440
29925833,1073725440,1073725440
30241833,1073725440,1073725440
30514833,1073725440,1073725440
30761833,1073725440,1073725440
30997833,1073725440,1073725440
31259833,1073725440,1073725440
31519833,1073725440,1073725440
31762833,1073725440,1073725440
31997833,1073725440,1073725440
32229833,1073725440,1073725440
32461833,1073725440,1073725440
32728833,1073725440,1073725440
32991833,1073725440,1073725440
33306833,1073725440,1073725440
33700833,1073725440,1073725440
34142833,1073725440,1073725440
34655833,1073725440,1073725440
35042833,1073725440,1073725440
35444833,1073725440,1073725440
35889833,1073725440,1073725440
36191833,1073725440,1073725440
36479833,1073725440,1073725440
36764833,1073725440,1073725440
37086833,1073725440,1073725440
37366833,1073725440,1073725440
37613833,1073725440,1073725440
37851833,1073725440,1073725440
38085833,1073725440,1073725440
38317833,1073725440,1073725440
38548833,1073725440,1073725440
38778833,1073725440,1073725440
39008833,1073725440,1073725440
39240833,1073725440,1073725440
39475833,1073725440,1073725440
39708833,1073725440,1073725440
39939833,1073725440,1073725440
40183833,1073725440,1073725440
40418833,1073725440,1073725440
40651833,1073725440,1073725440
40882833,1073725440,1073725440
41113833,1073725440,1073725440
41345833,1073725440,1073725440
41587833,1073725440,1073725440
41830833,1073725440,1073725440
42075833,1073725440,1073725440
42363833,1073725440,1073725440
42746833,1073725440,1073725440
43246833,1073725440,1073725440
43899833,1073725440,1073725440
44411833,1073725440,1073725440
44911833,1073725440,1073725440
45327833,1073725440,1073725440
45711833,1073725440,1073725440
46083833,1073725440,1073725440
46400833,1073725440,1073725440
46710833,1073725440,1073725440
46958833,1073725440,1073725440
47193833,1073725440,1073725440
47425833,1073725440,1073725440
47655833,1073725440,1073725440
47886833,1073725440,1073725440
48116833,1073725440,1073725440
48417833,1073725440,1073725440
48677833,1073725440,1073725440
48917833,1073725440,1073725440
49174833,1073725440,1073725440
49482833,1073725440,1073725440
49756833,1073725440,1073725440
50044833,1073725440,1073725440
50314833,1073725440,1073725440
50631833,1073725440,1073725440
50978833,1073725440,1073725440
51271833,1073725440,1073725440
51520833,1073725440,1073725440
51759833,1073725440,1073725440
52020833,1073725440,1073725440
52260833,1073725440,1073725440
52493833,1073725440,1073725440
52759833,1073725440,1073725440
53055833,1073725440,1073725440
53344833,1073725440,1073725440
53607833,1073725440,1073725440
53851833,1073725440,1073725440
54173833,1073725440,1073725440
54579833,1073725440,1073725440
55008833,1073725440,1073725440
55457833,1073725440,1073725440
55866833,1073725440,1073725440
56176833,1073725440,1073725440
56504833,1073725440,1073725440
56761833,1073725440,1073725440
57000833,1073725440,1073725440
57233833,1073725440,1073725440
57467833,1073725440,1073725440
57698833,1073725440,1073725440
57929833,1073725440,1073725440
58159833,1073725440,1073725440
58389833,1073725440,1073725440
58621833,1073725440,1073725440
58859833,1073725440,1073725440
59105833,1073725440,1073725440
59341833,1073725440,1073725440
59579833,1073725440,1073725440
59816833,1073725440,1073725440
