timestamp,lastAckedSeq,highTxMark,availableTxBuffer,nextTxSeq,totalCwnd,unAckMeta
611833,5673,17017,1158,17017,11344,11344
611833,5673,17017,1158,17017,28387,11344
829833,11345,42541,1158,42541,28387,31196
1052833,29779,65229,1158,65229,35713,35450
1361833,48213,83663,1158,83663,34756,35450
1826833,79409,134711,1158,134711,54105,55302
2372833,113441,157399,1158,157399,40585,43958
3184833,167325,208447,1158,208447,39251,41122
3828833,209865,253823,1158,253823,41316,43958
4451833,250987,297781,1158,297781,45836,46794
5116833,293527,324723,2576,324723,30275,31196
5852833,341739,378607,1158,378607,36290,36868
6399833,377189,418311,1158,418311,40993,41122
6969833,414057,453761,1158,453761,37282,39704
7608833,456597,500555,1158,500555,42388,43958
8210833,494883,550185,1158,550185,53055,55302
8875833,537423,574291,1158,574291,33471,36868
9721833,594143,631011,1158,631011,36725,36868
10292833,632429,663625,1158,663625,30443,31196
10863833,669297,700493,1158,700493,30935,31196
11343833,700493,735943,1158,735943,35048,35450
11819833,731689,775647,1158,775647,43310,43958
12360833,767139,802589,1158,802589,34763,35450
13034833,812515,838039,1158,838039,25659,25524
13519833,843711,880579,1158,880579,35934,36868
13948833,872071,911775,2576,911775,40903,39704
14505833,907521,954315,1158,954315,45743,46794
15139833,947225,994019,1158,994019,44291,46794
15871833,995437,1042231,1158,1042231,44910,46794
16586833,1042231,1093279,1158,1093279,48896,51048
17300833,1089025,1115967,1158,1115967,25254,26942
18084833,1142909,1158507,1158,1158507,16556,15598
18343833,1159925,1174105,1158,1174105,14724,14180
18586833,1174105,1186867,1158,1186867,13772,12762
18820833,1186867,1198211,1158,1198211,12354,11344
19052833,1198211,1209555,1158,1209555,12287,11344
19283833,1209555,1216645,1158,1216645,7482,7090
19514833,1216645,1223735,1158,1223735,8187,7090
19745833,1225153,1232243,2576,1232243,9311,7090
19975833,1232243,1239333,1158,1239333,8509,7090
20205833,1239333,1254931,1158,1254931,17018,15598
20435833,1254931,1276201,1158,1276201,22190,21270
20693833,1270529,1296053,1158,1296053,24944,25524
21000833,1290381,1307397,1158,1307397,16835,17016
21361833,1314487,1338593,1158,1338593,25475,24106
21660833,1332921,1355609,1158,1355609,22463,22688
22024833,1358445,1391059,1158,1391059,33921,32614
22368833,1378297,1403821,1158,1403821,23643,25524
22850833,1410911,1442107,1158,1442107,30074,31196
23269833,1437853,1466213,1158,1466213,28114,28360
23739833,1470467,1491737,1158,1491737,21696,21270
24149833,1497409,1520097,1158,1520097,23738,22688
24498833,1518679,1539949,1158,1539949,20788,21270
24853833,1542785,1564055,1158,1564055,22134,21270
25172833,1564055,1590997,2576,1590997,28484,26942
25503833,1583907,1609431,1158,1609431,25342,25524
25924833,1612267,1643463,1158,1643463,31066,31196
26318833,1637791,1666151,1158,1666151,28353,28360
26784833,1667569,1694511,1158,1694511,26999,26942
27214833,1695929,1732797,1158,1732797,35931,36868
27622833,1721453,1759739,1158,1759739,36664,38286
28169833,1758321,1799443,1158,1799443,40996,41122
28739833,1795189,1833475,1158,1833475,37003,38286
29378833,1837729,1863253,1158,1863253,24760,25524
29925833,1874597,1891613,1158,1891613,18202,17016
30241833,1893031,1902957,1158,1902957,10333,9926
30514833,1904375,1915719,1158,1915719,12477,11344
30761833,1917137,1932735,1158,1932735,16956,15598
30997833,1932735,1949751,1158,1949751,17606,17016
31259833,1949751,1965349,1158,1965349,15781,15598
31519833,1965349,1978111,1158,1978111,13031,12762
31762833,1978111,1988037,1158,1988037,10887,9926
31997833,1989455,2002217,1158,2002217,13253,12762
32229833,2002217,2019233,1158,2019233,18468,17016
32461833,2016397,2033413,1158,2033413,17192,17016
32728833,2034831,2056101,1158,2056101,22456,21270
32991833,2051847,2078789,1158,2078789,27992,26942
33306833,2071699,2101477,1158,2101477,28597,29778
33700833,2095805,2129837,1158,2129837,33388,34032
34142833,2125583,2148271,1158,2148271,22748,22688
34655833,2159615,2185139,1158,2185139,25643,25524
35042833,2185139,2213499,2576,2213499,29068,28360
35444833,2210663,2230515,1158,2230515,18739,19852
35889833,2240441,2258875,1158,2258875,19714,18434
36191833,2261711,2280145,2576,2280145,19401,18434
36479833,2280145,2301415,1158,2301415,21512,21270
36764833,2298579,2315595,1158,2315595,18090,17016
37086833,2315595,2328357,1158,2328357,13673,12762
37366833,2329775,2338283,1158,2338283,9319,8508
37613833,2339701,2349627,1158,2349627,10337,9926
37851833,2349627,2359553,1158,2359553,11029,9926
38085833,2359553,2368061,1158,2368061,9823,8508
38317833,2368061,2376569,1158,2376569,8986,8508
38548833,2376569,2382241,1158,2382241,6988,5672
38778833,2382241,2390749,1158,2390749,9072,8508
39008833,2390749,2400675,1158,2400675,10362,9926
39240833,2400675,2407765,1158,2407765,8070,7090
39475833,2407765,2413437,1158,2413437,7016,5672
39708833,2414855,2426199,1158,2426199,12305,11344
39939833,2426199,2437543,1158,2437543,12435,11344
40183833,2437543,2447469,1158,2447469,10655,9926
40418833,2447469,2457395,1158,2457395,10560,9926
40651833,2457395,2464485,1158,2464485,8340,7090
40882833,2464485,2474411,1158,2474411,10433,9926
41113833,2474411,2487173,1158,2487173,13685,12762
41345833,2487173,2501353,1158,2501353,14852,14180
41587833,2502771,2518369,1158,2518369,16011,15598
41830833,2518369,2538221,1158,2538221,21132,19852
42075833,2533967,2562327,1158,2562327,29584,28360
42363833,2550983,2586433,1158,2586433,35389,35450
42746833,2575089,2620465,1158,2620465,43066,45376
43246833,2607703,2641735,1158,2641735,32024,34032
43899833,2653079,2685693,1158,2685693,31379,32614
44411833,2685693,2714053,1158,2714053,28329,28360
44911833,2718307,2743831,1158,2743831,24944,25524
45327833,2745249,2770773,1158,2770773,24818,25524
45711833,2772191,2790625,2576,2790625,21265,18434
46083833,2794879,2816149,1158,2816149,20202,21270
46400833,2816149,2831747,1158,2831747,16651,15598
46710833,2836001,2850181,1158,2850181,14757,14180
46958833,2850181,2864361,1158,2864361,14752,14180
47193833,2864361,2878541,1158,2878541,15495,14180
47425833,2878541,2891303,1158,2891303,13666,12762
47655833,2891303,2904065,1158,2904065,14136,12762
47886833,2904065,2925335,1158,2925335,21418,21270
48116833,2919663,2933843,1158,2933843,15648,14180
48417833,2939515,2953695,1158,2953695,14666,14180
48677833,2955113,2972129,1158,2972129,18164,17016
48917833,2970711,2991981,1158,2991981,21822,21270
49174833,2987727,3000489,1158,3000489,13229,12762
49482833,3004743,3023177,1158,3023177,19109,18434
49756833,3023177,3040193,1158,3040193,18396,17016
50044833,3041611,3064299,1158,3064299,21691,22688
50314833,3058627,3082733,1158,3082733,22896,24106
50631833,3079897,3098331,1158,3098331,19309,18434
50978833,3101167,3113929,1158,3113929,13164,12762
51271833,3115347,3125273,1158,3125273,11317,9926
51520833,3125273,3139453,1158,3139453,14405,14180
51759833,3140871,3155051,1158,3155051,14746,14180
52020833,3155051,3166395,1158,3166395,11646,11344
52260833,3167813,3184829,1158,3184829,17541,17016
52493833,3183411,3203263,1158,3203263,19972,19852
52759833,3200427,3218861,1158,3218861,19323,18434
53055833,3218861,3235877,1158,3235877,18374,17016
53344833,3238713,3254311,1158,3254311,15882,15598
53607833,3255729,3278417,1158,3278417,23249,22688
53851833,3271327,3301105,1158,3301105,29296,29778
54173833,3291179,3319539,1158,3319539,28121,28360
54579833,3318121,3347899,1158,3347899,28538,29778
55008833,3346481,3374841,1158,3374841,27378,28360
55457833,3376259,3393275,1158,3393275,17504,17016
55866833,3403201,3424471,1158,3424471,21703,21270
56176833,3423053,3438651,1158,3438651,16366,15598
56504833,3442905,3455667,1158,3455667,12956,12762
56761833,3455667,3467011,1158,3467011,11530,11344
57000833,3468429,3481191,1158,3481191,13730,12762
57233833,3481191,3493953,1158,3493953,13545,12762
57467833,3493953,3505297,1158,3505297,12717,11344
57698833,3505297,3515223,1158,3515223,10827,9926
57929833,3515223,3525149,1158,3525149,10950,9926
58159833,3525149,3537911,1158,3537911,13472,12762
58389833,3537911,3552091,1158,3552091,15216,14180
58621833,3552091,3567689,1158,3567689,16229,15598
58859833,3567689,3580451,1158,3580451,13448,12762
59105833,3580451,3596049,1158,3596049,16055,15598
59341833,3596049,3611647,1158,3611647,16094,15598
59579833,3611647,3630081,1158,3630081,19799,18434
59816833,3627245,3651351,1158,3651351,25275,24106
