timestamp,availableTxBuffer0,availableTxBuffer1
611833,246472,246472
611833,246472,246472
829833,247890,246472
1052833,249308,250726
1277833,247890,250726
1503833,242218,250726
1731833,243636,250726
1980833,247890,250726
2219833,245054,250726
2454833,243636,250726
2688833,242218,250726
2923833,246472,250726
3161833,246472,250726
3396833,247890,250726
3629833,247890,250726
3861833,247890,250726
4092833,247890,250726
4322833,246472,250726
4552833,246472,250726
4782833,245054,250726
5012833,245054,250726
5244833,243636,250726
5475833,242218,250726
5713833,240800,250726
5955833,243636,250726
6189833,240800,250726
6421833,243636,250726
6654833,242218,250726
6885833,242218,250726
7116833,240800,250726
7346833,239382,250726
7577833,237964,250726
7817833,239382,250726
8062833,239382,250726
8297833,242218,250726
8529833,242218,250726
8760833,245054,250726
8990833,246472,250726
9220833,247890,250726
9450833,247890,250726
9680833,247890,250726
9910833,247890,250726
10140833,249308,250726
10370833,247890,250726
10600833,247890,250726
10830833,249308,250726
11060833,247890,250726
11290833,247890,250726
11521833,247890,250726
11752833,247890,250726
11982833,246472,250726
12212833,247890,250726
12445833,246472,250726
12677833,245054,250726
12909833,242218,250726
13145833,242218,250726
13393833,242218,250726
13629833,243636,250726
13862833,246472,250726
14093833,246472,250726
14323833,247890,250726
14553833,246472,250726
14783833,243636,250726
15014833,243636,250726
15252833,245054,250726
15485833,243636,250726
15717833,242218,250726
15948833,242218,250726
16184833,242218,250726
16416833,239382,250726
16647833,232292,250726
16891833,226620,250726
17202833,229456,250726
17591833,233710,250726
17978833,226620,250726
18309833,235128,250726
18721833,235128,250726
19029833,232292,250726
19319833,232292,250726
19642833,230874,250726
19973833,239382,250726
20325833,243636,250726
20592833,247890,250726
20839833,245054,250726
21079833,246472,250726
21315833,240800,250726
21548833,239382,250726
21798833,242218,250726
22044833,236546,250726
22279833,225202,250726
22542833,209604,250726
22903833,218112,250726
23402833,226620,250726
24023833,233710,250726
24381833,240800,250726
24698833,247890,250726
24958833,243636,250726
25207833,245054,250726
25456833,245054,250726
25696833,246472,250726
25931833,246472,250726
26164833,247890,250726
26396833,246472,250726
26627833,247890,250726
26858833,246472,250726
27088833,247890,250726
27320833,249308,250726
27552833,246472,250726
27783833,246472,250726
28019833,245054,250726
28252833,247890,250726
28484833,247890,250726
28715833,245054,250726
28946833,236546,250726
29181833,239382,250726
29480833,236546,252144
29736833,233710,250726
29996833,232292,250726
30291833,228038,250726
30614833,236546,250726
30999833,233710,250726
31303833,240800,250726
31611833,240800,250726
31865833,245054,250726
32103833,242218,250726
32337833,242218,250726
32570833,235128,250726
32801833,233710,250726
33102833,243636,250726
33408833,245054,250726
33677833,246472,250726
33927833,247890,250726
34169833,247890,250726
34407833,247890,250726
34642833,247890,250726
34875833,249308,250726
35107833,249308,250726
35339833,247890,250726
35570833,252144,250726
35801833,250726,250726
36032833,250726,250726
36265833,247890,250726
36497833,245054,250726
36733833,245054,250726
36982833,247890,250726
37222833,249308,250726
37458833,247890,250726
37692833,247890,250726
37925833,247890,250726
38157833,247890,250726
38388833,247890,250726
38619833,249308,250726
38849833,249308,250726
39079833,247890,250726
39309833,249308,250726
39541833,247890,250726
39772833,246472,250726
40005833,245054,250726
40240833,243636,250726
40478833,245054,250726
40719833,243636,250726
40955833,243636,250726
41188833,245054,250726
41419833,247890,250726
41650833,247890,250726
41880833,247890,250726
42110833,247890,250726
42340833,246472,250726
42570833,247890,250726
42802833,243636,250726
43033833,243636,250726
43274833,242218,250726
43509833,243636,250726
43747833,245054,250726
43981833,243636,250726
44213833,242218,250726
44446833,245054,250726
44677833,243636,250726
44907833,245054,250726
45138833,245054,250726
45368833,237964,250726
45598833,235128,250726
45856833,225202,250726
46132833,229456,250726
46509833,237964,250726
46905833,236546,250726
47172833,242218,250726
47434833,239382,250726
47677833,240800,250726
47913833,236546,250726
48145833,235128,250726
48399833,233710,250726
48675833,240800,250726
48976833,245054,250726
49234833,245054,250726
49479833,246472,250726
49717833,245054,250726
49951833,249308,250726
50183833,247890,250726
50414833,246472,250726
50646833,247890,250726
50881833,250726,250726
51114833,249308,250726
51347833,249308,250726
51580833,250726,250726
51812833,249308,250726
52044833,247890,250726
52276833,247890,250726
52510833,247890,250726
52743833,247890,250726
52975833,247890,250726
53206833,247890,250726
53437833,249308,250726
53667833,247890,250726
53897833,246472,250726
54130833,247890,250726
54366833,245054,250726
54599833,245054,250726
54837833,249308,250726
55071833,246472,250726
55304833,245054,250726
55540833,245054,250726
55778833,245054,250726
56012833,246472,250726
56244833,246472,250726
56475833,247890,250726
56706833,249308,250726
56936833,246472,250726
57166833,246472,250726
57402833,245054,250726
57635833,249308,250726
57872833,250726,250726
58108833,247890,250726
58343833,247890,250726
58581833,247890,250726
58816833,243636,250726
59049833,237964,250726
59297833,242218,250726
59574833,240800,250726
59821833,236546,250726
