timestamp,cWnd0,cWnd1
611833,5672,5672
611833,4354,1500
829833,4354,1500
1052833,3864,1500
1277833,4550,1500
1503833,10060,1500
1731833,8630,1500
1980833,5575,1500
2219833,7809,1500
2454833,9562,1500
2688833,11199,1500
2923833,6748,1500
3161833,6846,1500
3396833,4369,1500
3629833,4385,1500
3861833,6418,1500
4092833,6227,1500
4322833,6439,1500
4552833,6737,1500
4782833,8029,1500
5012833,8431,1500
5244833,11183,1500
5475833,11447,1500
5713833,12533,1500
5955833,8987,1500
6189833,11389,1500
6421833,8745,1500
6654833,11197,1500
6885833,10611,1500
7116833,12473,1500
7346833,13354,1500
7577833,15538,1500
7817833,13775,1500
8062833,14134,1500
8297833,10324,1500
8529833,11328,1500
8760833,8491,1500
8990833,6072,1500
9220833,5282,1500
9450833,4444,1500
9680833,5208,1500
9910833,5048,1500
10140833,3483,1500
10370833,4646,1500
10600833,5649,1500
10830833,3968,1500
11060833,4593,1500
11290833,4324,1500
11521833,4464,1500
11752833,5671,1500
11982833,5999,1500
12212833,5000,1500
12445833,5827,1500
12677833,7203,1500
12909833,11244,1500
13145833,10858,1500
13393833,10167,1500
13629833,8702,1500
13862833,6025,1500
14093833,5806,1500
14323833,5437,1500
14553833,6586,1500
14783833,9820,1500
15014833,9099,1500
15252833,7786,1500
15485833,9475,1500
15717833,10044,1500
15948833,9960,1500
16184833,10968,1500
16416833,14026,1500
16647833,19926,1500
16891833,26423,1500
17202833,24015,1500
17591833,19544,1500
17978833,25534,1500
18309833,17658,1500
18721833,18080,1500
19029833,20858,1500
19319833,20887,1500
19642833,21610,1500
19973833,13856,1500
20325833,9804,1500
20592833,5493,1500
20839833,7180,1500
21079833,7187,1500
21315833,12397,1500
21548833,13514,1500
21798833,11235,1500
22044833,16336,1500
22279833,28034,1500
22542833,42726,1500
22903833,35411,1500
23402833,26734,1500
24023833,19334,1500
24381833,12354,1500
24698833,5659,1500
24958833,8657,1500
25207833,7438,1500
25456833,7221,1500
25696833,6041,1500
25931833,5732,1500
26164833,5418,1500
26396833,6717,1500
26627833,4322,1500
26858833,6112,1500
27088833,4458,1500
27320833,3330,1500
27552833,7577,1500
27783833,7317,1500
28019833,8276,1500
28252833,4301,1500
28484833,4486,1500
28715833,7614,1500
28946833,16499,1500
29181833,13093,1500
29480833,16538,1500
29736833,19715,1500
29996833,21230,1500
30291833,24236,1500
30614833,16433,1500
30999833,18598,1500
31303833,11924,1500
31611833,11870,1500
31865833,8323,1500
32103833,10418,1500
32337833,10207,1500
32570833,18406,1500
32801833,18859,1500
33102833,9710,1500
33408833,8194,1500
33677833,6950,1500
33927833,5254,1500
34169833,4410,1500
34407833,4948,1500
34642833,4498,1500
34875833,3545,1500
35107833,3579,1500
35339833,4564,1500
35570833,2438,1500
35801833,3430,1500
36032833,4013,1500
36265833,4300,1500
36497833,7739,1500
36733833,7305,1500
36982833,4423,1500
37222833,2954,1500
37458833,4457,1500
37692833,5256,1500
37925833,4619,1500
38157833,4829,1500
38388833,4451,1500
38619833,4239,1500
38849833,3758,1500
39079833,5342,1500
39309833,3686,1500
39541833,5384,1500
39772833,6111,1500
40005833,7360,1500
40240833,8965,1500
40478833,7527,1500
40719833,8915,1500
40955833,9147,1500
41188833,7759,1500
41419833,5297,1500
41650833,5030,1500
41880833,4276,1500
42110833,4272,1500
42340833,6107,1500
42570833,4441,1500
42802833,8576,1500
43033833,9687,1500
43274833,10196,1500
43509833,9527,1500
43747833,7819,1500
43981833,10326,1500
44213833,10084,1500
44446833,7318,1500
44677833,11200,1500
44907833,8361,1500
45138833,9596,1500
45368833,14546,1500
45598833,17426,1500
45856833,27321,1500
46132833,23382,1500
46509833,15462,1500
46905833,15978,1500
47172833,11270,1500
47434833,13354,1500
47677833,12418,1500
47913833,16067,1500
48145833,17150,1500
48399833,18473,1500
48675833,12033,1500
48976833,8011,1500
49234833,7189,1500
49479833,6267,1500
49717833,7301,1500
49951833,3764,1500
50183833,4404,1500
50414833,6668,1500
50646833,4686,1500
50881833,2671,1500
51114833,3235,1500
51347833,4185,1500
51580833,2689,1500
51812833,3378,1500
52044833,4933,1500
52276833,4718,1500
52510833,5066,1500
52743833,5587,1500
52975833,4941,1500
53206833,4886,1500
53437833,3900,1500
53667833,5339,1500
53897833,6933,1500
54130833,5407,1500
54366833,7107,1500
54599833,8458,1500
54837833,4216,1500
55071833,6303,1500
55304833,8386,1500
55540833,8470,1500
55778833,7587,1500
56012833,6479,1500
56244833,6716,1500
56475833,4816,1500
56706833,4079,1500
56936833,6409,1500
57166833,6989,1500
57402833,7210,1500
57635833,4068,1500
57872833,2526,1500
58108833,4323,1500
58343833,4733,1500
58581833,5617,1500
58816833,8663,1500
59049833,14730,1500
59297833,9934,1500
59574833,12743,1500
59821833,15908,1500
