timestamp,rWnd0,rWnd1
611833,1073725440,1073725440
611833,1073725440,1073725440
829833,1073725440,1073725440
1052833,1073725440,1073725440
1277833,1073725440,1073725440
1503833,1073725440,1073725440
1731833,1073725440,1073725440
1980833,1073725440,1073725440
2219833,1073725440,1073725440
2454833,1073725440,1073725440
2688833,1073725440,1073725440
2923833,1073725440,1073725440
3161833,1073725440,1073725440
3396833,1073725440,1073725440
3629833,1073725440,1073725440
3861833,1073725440,1073725440
4092833,1073725440,1073725440
4322833,1073725440,1073725440
4552833,1073725440,1073725440
4782833,1073725440,1073725440
5012833,1073725440,1073725440
5244833,1073725440,1073725440
5475833,1073725440,1073725440
5713833,1073725440,1073725440
5955833,1073725440,1073725440
6189833,1073725440,1073725440
6421833,1073725440,1073725440
6654833,1073725440,1073725440
6885833,1073725440,1073725440
7116833,1073725440,1073725440
7346833,1073725440,1073725440
7577833,1073725440,1073725440
7817833,1073725440,1073725440
8062833,1073725440,1073725440
8297833,1073725440,1073725440
8529833,1073725440,1073725440
8760833,1073725440,1073725440
8990833,1073725440,1073725440
9220833,1073725440,1073725440
9450833,1073725440,1073725440
9680833,1073725440,1073725440
9910833,1073725440,1073725440
10140833,1073725440,1073725440
10370833,1073725440,1073725440
10600833,1073725440,1073725440
10830833,1073725440,1073725440
11060833,1073725440,1073725440
11290833,1073725440,1073725440
11521833,1073725440,1073725440
11752833,1073725440,1073725440
11982833,1073725440,1073725440
12212833,1073725440,1073725440
12445833,1073725440,1073725440
12677833,1073725440,1073725440
12909833,1073725440,1073725440
13145833,1073725440,1073725440
13393833,1073725440,1073725440
13629833,1073725440,1073725440
13862833,1073725440,1073725440
14093833,1073725440,1073725440
14323833,1073725440,1073725440
14553833,1073725440,1073725440
14783833,1073725440,1073725440
15014833,1073725440,1073725440
15252833,1073725440,1073725440
15485833,1073725440,1073725440
15717833,1073725440,1073725440
15948833,1073725440,1073725440
16184833,1073725440,1073725440
16416833,1073725440,1073725440
16647833,1073725440,1073725440
16891833,1073725440,1073725440
17202833,1073725440,1073725440
17591833,1073725440,1073725440
17978833,1073725440,1073725440
18309833,1073725440,1073725440
18721833,1073725440,1073725440
19029833,1073725440,1073725440
19319833,1073725440,1073725440
19642833,1073725440,1073725440
19973833,1073725440,1073725440
20325833,1073725440,1073725440
20592833,1073725440,1073725440
20839833,1073725440,1073725440
21079833,1073725440,1073725440
21315833,1073725440,1073725440
21548833,1073725440,1073725440
21798833,1073725440,1073725440
22044833,1073725440,1073725440
22279833,1073725440,1073725440
22542833,1073725440,1073725440
22903833,1073725440,1073725440
23402833,1073725440,1073725440
24023833,1073725440,1073725440
24381833,1073725440,1073725440
24698833,1073725440,1073725440
24958833,1073725440,1073725440
25207833,1073725440,1073725440
25456833,1073725440,1073725440
25696833,1073725440,1073725440
25931833,1073725440,1073725440
26164833,1073725440,1073725440
26396833,1073725440,1073725440
26627833,1073725440,1073725440
26858833,1073725440,1073725440
27088833,1073725440,1073725440
27320833,1073725440,1073725440
27552833,1073725440,1073725440
27783833,1073725440,1073725440
28019833,1073725440,1073725440
28252833,1073725440,1073725440
28484833,1073725440,1073725440
28715833,1073725440,1073725440
28946833,1073725440,1073725440
29181833,1073725440,1073725440
29480833,1073725440,1073725440
29736833,1073725440,1073725440
29996833,1073725440,1073725440
30291833,1073725440,1073725440
30614833,1073725440,1073725440
30999833,1073725440,1073725440
31303833,1073725440,1073725440
31611833,1073725440,1073725440
31865833,1073725440,1073725440
32103833,1073725440,1073725440
32337833,1073725440,1073725440
32570833,1073725440,1073725440
32801833,1073725440,1073725440
33102833,1073725440,1073725440
33408833,1073725440,1073725440
33677833,1073725440,1073725440
33927833,1073725440,1073725440
34169833,1073725440,1073725440
34407833,1073725440,1073725440
34642833,1073725440,1073725440
34875833,1073725440,1073725440
35107833,1073725440,1073725440
35339833,1073725440,1073725440
35570833,1073725440,1073725440
35801833,1073725440,1073725440
36032833,1073725440,1073725440
36265833,1073725440,1073725440
36497833,1073725440,1073725440
36733833,1073725440,1073725440
36982833,1073725440,1073725440
37222833,1073725440,1073725440
37458833,1073725440,1073725440
37692833,1073725440,1073725440
37925833,1073725440,1073725440
38157833,1073725440,1073725440
38388833,1073725440,1073725440
38619833,1073725440,1073725440
38849833,1073725440,1073725440
39079833,1073725440,1073725440
39309833,1073725440,1073725440
39541833,1073725440,1073725440
39772833,1073725440,1073725440
40005833,1073725440,1073725440
40240833,1073725440,1073725440
40478833,1073725440,1073725440
40719833,1073725440,1073725440
40955833,1073725440,1073725440
41188833,1073725440,1073725440
41419833,1073725440,1073725440
41650833,1073725440,1073725440
41880833,1073725440,1073725440
42110833,1073725440,1073725440
42340833,1073725440,1073725440
42570833,1073725440,1073725440
42802833,1073725440,1073725440
43033833,1073725440,1073725440
43274833,1073725440,1073725440
43509833,1073725440,1073725440
43747833,1073725440,1073725440
43981833,1073725440,1073725440
44213833,1073725440,1073725440
44446833,1073725440,1073725440
44677833,1073725440,1073725440
44907833,1073725440,1073725440
45138833,1073725440,1073725440
45368833,1073725440,1073725440
45598833,1073725440,1073725440
45856833,1073725440,1073725440
46132833,1073725440,1073725440
46509833,1073725440,1073725440
46905833,1073725440,1073725440
47172833,1073725440,1073725440
47434833,1073725440,1073725440
47677833,1073725440,1073725440
47913833,1073725440,1073725440
48145833,1073725440,1073725440
48399833,1073725440,1073725440
48675833,1073725440,1073725440
48976833,1073725440,1073725440
49234833,1073725440,1073725440
49479833,1073725440,1073725440
49717833,1073725440,1073725440
49951833,1073725440,1073725440
50183833,1073725440,1073725440
50414833,1073725440,1073725440
50646833,1073725440,1073725440
50881833,1073725440,1073725440
51114833,1073725440,1073725440
51347833,1073725440,1073725440
51580833,1073725440,1073725440
51812833,1073725440,1073725440
52044833,1073725440,1073725440
52276833,1073725440,1073725440
52510833,1073725440,1073725440
52743833,1073725440,1073725440
52975833,1073725440,1073725440
53206833,1073725440,1073725440
53437833,1073725440,1073725440
53667833,1073725440,1073725440
53897833,1073725440,1073725440
54130833,1073725440,1073725440
54366833,1073725440,1073725440
54599833,1073725440,1073725440
54837833,1073725440,1073725440
55071833,1073725440,1073725440
55304833,1073725440,1073725440
55540833,1073725440,1073725440
55778833,1073725440,1073725440
56012833,1073725440,1073725440
56244833,1073725440,1073725440
56475833,1073725440,1073725440
56706833,1073725440,1073725440
56936833,1073725440,1073725440
57166833,1073725440,1073725440
57402833,1073725440,1073725440
57635833,1073725440,1073725440
57872833,1073725440,1073725440
58108833,1073725440,1073725440
58343833,1073725440,1073725440
58581833,1073725440,1073725440
58816833,1073725440,1073725440
59049833,1073725440,1073725440
59297833,1073725440,1073725440
59574833,1073725440,1073725440
59821833,1073725440,1073725440
