timestamp,rtt0,rtt1
611833,218,184
611833,218,184
829833,223,184
1052833,225,219
1277833,226,221
1503833,228,222
1731833,249,223
1980833,239,224
2219833,235,225
2454833,234,225
2688833,235,226
2923833,238,226
3161833,235,227
3396833,233,227
3629833,232,228
3861833,231,228
4092833,230,228
4322833,230,228
4552833,230,228
4782833,230,229
5012833,232,229
5244833,231,229
5475833,238,229
5713833,242,229
5955833,234,229
6189833,232,229
6421833,233,229
6654833,231,230
6885833,231,230
7116833,230,230
7346833,231,230
7577833,240,230
7817833,245,230
8062833,235,230
8297833,232,230
8529833,231,230
8760833,230,230
8990833,230,230
9220833,230,230
9450833,230,230
9680833,230,230
9910833,230,230
10140833,230,230
10370833,230,230
10600833,230,230
10830833,230,230
11060833,230,230
11290833,231,230
11521833,231,230
11752833,230,230
11982833,230,230
12212833,233,230
12445833,232,230
12677833,232,230
12909833,236,230
13145833,248,230
13393833,236,230
13629833,233,230
13862833,231,230
14093833,230,230
14323833,230,230
14553833,230,230
14783833,231,230
15014833,238,230
15252833,233,230
15485833,232,230
15717833,231,230
15948833,236,230
16184833,232,230
16416833,231,230
16647833,244,230
16891833,311,230
17202833,389,230
17591833,387,230
17978833,331,230
18309833,412,230
18721833,308,230
19029833,290,230
19319833,323,230
19642833,331,230
19973833,352,230
20325833,267,230
20592833,247,230
20839833,240,230
21079833,236,230
21315833,233,230
21548833,250,230
21798833,246,230
22044833,235,230
22279833,263,230
22542833,361,230
22903833,499,230
23402833,621,230
24023833,358,230
24381833,317,230
24698833,260,230
24958833,249,230
25207833,249,230
25456833,240,230
25696833,235,230
25931833,233,230
26164833,232,230
26396833,231,230
26627833,231,230
26858833,230,230
27088833,232,230
27320833,232,230
27552833,231,230
27783833,236,230
28019833,233,230
28252833,232,230
28484833,231,230
28715833,231,230
28946833,235,230
29181833,299,230
29480833,256,230
29736833,260,230
29996833,295,230
30291833,323,230
30614833,385,230
30999833,304,230
31303833,308,230
31611833,254,230
31865833,238,230
32103833,234,230
32337833,233,230
32570833,231,230
32801833,301,230
33102833,306,230
33408833,269,230
33677833,250,230
33927833,242,230
34169833,238,230
34407833,235,230
34642833,233,230
34875833,232,230
35107833,232,230
35339833,231,230
35570833,231,230
35801833,231,230
36032833,233,230
36265833,232,230
36497833,236,230
36733833,249,230
36982833,240,230
37222833,236,230
37458833,234,230
37692833,233,230
37925833,232,230
38157833,231,230
38388833,231,230
38619833,230,230
38849833,230,230
39079833,230,230
39309833,232,230
39541833,231,230
39772833,233,230
40005833,235,230
40240833,238,230
40478833,241,230
40719833,236,230
40955833,233,230
41188833,231,230
41419833,231,230
41650833,230,230
41880833,230,230
42110833,230,230
42340833,230,230
42570833,232,230
42802833,231,230
43033833,241,230
43274833,235,230
43509833,238,230
43747833,234,230
43981833,232,230
44213833,233,230
44446833,231,230
44677833,230,230
44907833,231,230
45138833,230,230
45368833,230,230
45598833,258,230
45856833,276,230
46132833,377,230
46509833,396,230
46905833,267,230
47172833,262,230
47434833,243,230
47677833,236,230
47913833,232,230
48145833,254,230
48399833,276,230
48675833,301,230
48976833,258,230
49234833,245,230
49479833,238,230
49717833,234,230
49951833,232,230
50183833,231,230
50414833,232,230
50646833,235,230
50881833,233,230
51114833,233,230
51347833,233,230
51580833,232,230
51812833,232,230
52044833,232,230
52276833,234,230
52510833,233,230
52743833,232,230
52975833,231,230
53206833,231,230
53437833,230,230
53667833,230,230
53897833,233,230
54130833,236,230
54366833,233,230
54599833,238,230
54837833,234,230
55071833,233,230
55304833,236,230
55540833,238,230
55778833,234,230
56012833,232,230
56244833,231,230
56475833,231,230
56706833,230,230
56936833,230,230
57166833,236,230
57402833,233,230
57635833,237,230
57872833,236,230
58108833,235,230
58343833,238,230
58581833,235,230
58816833,233,230
59049833,248,230
59297833,277,230
59574833,247,230
59821833,235,230
