timestamp,unAck0,unAck1
611833,5672,5672
611833,5672,5672
829833,4254,5672
1052833,2836,1418
1277833,4254,1418
1503833,9926,1418
1731833,8508,1418
1980833,4254,1418
2219833,7090,1418
2454833,8508,1418
2688833,9926,1418
2923833,5672,1418
3161833,5672,1418
3396833,4254,1418
3629833,4254,1418
3861833,4254,1418
4092833,4254,1418
4322833,5672,1418
4552833,5672,1418
4782833,7090,1418
5012833,7090,1418
5244833,8508,1418
5475833,9926,1418
5713833,11344,1418
5955833,8508,1418
6189833,11344,1418
6421833,8508,1418
6654833,9926,1418
6885833,9926,1418
7116833,11344,1418
7346833,12762,1418
7577833,14180,1418
7817833,12762,1418
8062833,12762,1418
8297833,9926,1418
8529833,9926,1418
8760833,7090,1418
8990833,5672,1418
9220833,4254,1418
9450833,4254,1418
9680833,4254,1418
9910833,4254,1418
10140833,2836,1418
10370833,4254,1418
10600833,4254,1418
10830833,2836,1418
11060833,4254,1418
11290833,4254,1418
11521833,4254,1418
11752833,4254,1418
11982833,5672,1418
12212833,4254,1418
12445833,5672,1418
12677833,7090,1418
12909833,9926,1418
13145833,9926,1418
13393833,9926,1418
13629833,8508,1418
13862833,5672,1418
14093833,5672,1418
14323833,4254,1418
14553833,5672,1418
14783833,8508,1418
15014833,8508,1418
15252833,7090,1418
15485833,8508,1418
15717833,9926,1418
15948833,9926,1418
16184833,9926,1418
16416833,12762,1418
16647833,19852,1418
16891833,25524,1418
17202833,22688,1418
17591833,18434,1418
17978833,25524,1418
18309833,17016,1418
18721833,17016,1418
19029833,19852,1418
19319833,19852,1418
19642833,21270,1418
19973833,12762,1418
20325833,8508,1418
20592833,4254,1418
20839833,7090,1418
21079833,5672,1418
21315833,11344,1418
21548833,12762,1418
21798833,9926,1418
22044833,15598,1418
22279833,26942,1418
22542833,42540,1418
22903833,34032,1418
23402833,25524,1418
24023833,18434,1418
24381833,11344,1418
24698833,4254,1418
24958833,8508,1418
25207833,7090,1418
25456833,7090,1418
25696833,5672,1418
25931833,5672,1418
26164833,4254,1418
26396833,5672,1418
26627833,4254,1418
26858833,5672,1418
27088833,4254,1418
27320833,2836,1418
27552833,5672,1418
27783833,5672,1418
28019833,7090,1418
28252833,4254,1418
28484833,4254,1418
28715833,7090,1418
28946833,15598,1418
29181833,12762,1418
29480833,15598,0
29736833,18434,1418
29996833,19852,1418
30291833,24106,1418
30614833,15598,1418
30999833,18434,1418
31303833,11344,1418
31611833,11344,1418
31865833,7090,1418
32103833,9926,1418
32337833,9926,1418
32570833,17016,1418
32801833,18434,1418
33102833,8508,1418
33408833,7090,1418
33677833,5672,1418
33927833,4254,1418
34169833,4254,1418
34407833,4254,1418
34642833,4254,1418
34875833,2836,1418
35107833,2836,1418
35339833,4254,1418
35570833,0,1418
35801833,1418,1418
36032833,1418,1418
36265833,4254,1418
36497833,7090,1418
36733833,7090,1418
36982833,4254,1418
37222833,2836,1418
37458833,4254,1418
37692833,4254,1418
37925833,4254,1418
38157833,4254,1418
38388833,4254,1418
38619833,2836,1418
38849833,2836,1418
39079833,4254,1418
39309833,2836,1418
39541833,4254,1418
39772833,5672,1418
40005833,7090,1418
40240833,8508,1418
40478833,7090,1418
40719833,8508,1418
40955833,8508,1418
41188833,7090,1418
41419833,4254,1418
41650833,4254,1418
41880833,4254,1418
42110833,4254,1418
42340833,5672,1418
42570833,4254,1418
42802833,8508,1418
43033833,8508,1418
43274833,9926,1418
43509833,8508,1418
43747833,7090,1418
43981833,8508,1418
44213833,9926,1418
44446833,7090,1418
44677833,8508,1418
44907833,7090,1418
45138833,7090,1418
45368833,14180,1418
45598833,17016,1418
45856833,26942,1418
46132833,22688,1418
46509833,14180,1418
46905833,15598,1418
47172833,9926,1418
47434833,12762,1418
47677833,11344,1418
47913833,15598,1418
48145833,17016,1418
48399833,18434,1418
48675833,11344,1418
48976833,7090,1418
49234833,7090,1418
49479833,5672,1418
49717833,7090,1418
49951833,2836,1418
50183833,4254,1418
50414833,5672,1418
50646833,4254,1418
50881833,1418,1418
51114833,2836,1418
51347833,2836,1418
51580833,1418,1418
51812833,2836,1418
52044833,4254,1418
52276833,4254,1418
52510833,4254,1418
52743833,4254,1418
52975833,4254,1418
53206833,4254,1418
53437833,2836,1418
53667833,4254,1418
53897833,5672,1418
54130833,4254,1418
54366833,7090,1418
54599833,7090,1418
54837833,2836,1418
55071833,5672,1418
55304833,7090,1418
55540833,7090,1418
55778833,7090,1418
56012833,5672,1418
56244833,5672,1418
56475833,4254,1418
56706833,2836,1418
56936833,5672,1418
57166833,5672,1418
57402833,7090,1418
57635833,2836,1418
57872833,1418,1418
58108833,4254,1418
58343833,4254,1418
58581833,4254,1418
58816833,8508,1418
59049833,14180,1418
59297833,9926,1418
59574833,11344,1418
59821833,15598,1418
