timestamp,lastAckedSeq,highTxMark,availableTxBuffer,nextTxSeq,totalCwnd,unAckMeta
611833,5673,17017,1158,17017,11344,11344
611833,5673,17017,1158,17017,5854,11344
829833,11345,21271,1158,21271,5854,9926
1052833,21271,25525,1158,25525,5364,4254
1277833,25525,31197,1158,31197,6050,5672
1503833,31197,42541,1158,42541,11560,11344
1731833,42541,52467,1158,52467,10130,9926
1980833,52467,58139,1158,58139,7075,5672
2219833,59557,68065,1158,68065,9309,8508
2454833,68065,77991,1158,77991,11062,9926
2688833,77991,89335,1158,89335,12699,11344
2923833,89335,96425,1158,96425,8248,7090
3161833,96425,103515,1158,103515,8346,7090
3396833,103515,109187,1158,109187,5869,5672
3629833,109187,114859,1158,114859,5885,5672
3861833,116277,121949,2576,121949,7918,5672
4092833,123367,129039,2576,129039,7727,5672
4322833,129039,136129,1158,136129,7939,7090
4552833,136129,143219,1158,143219,8237,7090
4782833,143219,151727,1158,151727,9529,8508
5012833,151727,160235,1158,160235,9931,8508
5244833,161653,171579,2576,171579,12683,9926
5475833,172997,184341,2576,184341,12947,11344
5713833,185759,198521,1158,198521,14033,12762
5955833,198521,208447,1158,208447,10487,9926
6189833,208447,221209,1158,221209,12889,12762
6421833,221209,231135,1158,231135,10245,9926
6654833,231135,242479,1158,242479,12697,11344
6885833,242479,253823,1158,253823,12111,11344
7116833,253823,266585,1158,266585,13973,12762
7346833,266585,280765,1158,280765,14854,14180
7577833,280765,296363,1158,296363,17038,15598
7817833,296363,310543,1158,310543,15275,14180
8062833,310543,324723,1158,324723,15634,14180
8297833,324723,336067,1158,336067,11824,11344
8529833,336067,347411,1158,347411,12828,11344
8760833,347411,355919,1158,355919,9991,8508
8990833,355919,363009,1158,363009,7572,7090
9220833,363009,368681,1158,368681,6782,5672
9450833,368681,374353,1158,374353,5944,5672
9680833,374353,380025,1158,380025,6708,5672
9910833,380025,385697,1158,385697,6548,5672
10140833,385697,389951,1158,389951,4983,4254
10370833,389951,395623,1158,395623,6146,5672
10600833,395623,401295,1158,401295,7149,5672
10830833,401295,405549,1158,405549,5468,4254
11060833,405549,411221,1158,411221,6093,5672
11290833,411221,416893,1158,416893,5824,5672
11521833,416893,422565,1158,422565,5964,5672
11752833,422565,428237,1158,428237,7171,5672
11982833,428237,435327,1158,435327,7499,7090
12212833,435327,440999,1158,440999,6500,5672
12445833,440999,448089,1158,448089,7327,7090
12677833,448089,456597,1158,456597,8703,8508
12909833,456597,467941,1158,467941,12744,11344
13145833,467941,479285,1158,479285,12358,11344
13393833,480703,492047,1158,492047,11667,11344
13629833,492047,501973,1158,501973,10202,9926
13862833,501973,509063,1158,509063,7525,7090
14093833,509063,516153,1158,516153,7306,7090
14323833,516153,521825,1158,521825,6937,5672
14553833,521825,528915,1158,528915,8086,7090
14783833,528915,538841,1158,538841,11320,9926
15014833,538841,548767,1158,548767,10599,9926
15252833,548767,557275,1158,557275,9286,8508
15485833,557275,567201,1158,567201,10975,9926
15717833,567201,578545,1158,578545,11544,11344
15948833,578545,589889,1158,589889,11460,11344
16184833,589889,601233,1158,601233,12468,11344
16416833,601233,615413,1158,615413,15526,14180
16647833,615413,636683,1158,636683,21426,21270
16891833,632429,659371,1158,659371,27923,26942
17202833,652281,676387,1158,676387,25515,24106
17591833,677805,697657,1158,697657,21044,19852
17978833,701911,730271,1158,730271,27034,28360
18309833,723181,743033,1158,743033,19158,19852
18721833,751541,769975,1158,769975,19580,18434
19029833,771393,792663,1158,792663,22358,21270
19319833,789827,811097,1158,811097,22387,21270
19642833,811097,835203,1158,835203,23110,24106
19973833,833785,847965,1158,847965,15356,14180
20325833,850801,860727,1158,860727,11304,9926
20592833,860727,866399,1158,866399,6993,5672
20839833,867817,876325,1158,876325,8680,8508
21079833,877743,884833,2576,884833,8687,7090
21315833,886251,899013,1158,899013,13897,12762
21548833,899013,913193,1158,913193,15014,14180
21798833,913193,924537,1158,924537,12735,11344
22044833,925955,942971,1158,942971,17836,17016
22279833,941553,969913,1158,969913,29534,28360
22542833,957151,1002527,1158,1002527,44226,45376
22903833,979839,1018125,1158,1018125,36911,38286
23402833,1012453,1042231,1158,1042231,28234,29778
24023833,1054993,1074845,1158,1074845,20834,19852
24381833,1076263,1089025,1158,1089025,13854,12762
24698833,1089025,1094697,1158,1094697,7159,5672
24958833,1097533,1107459,1158,1107459,10157,9926
25207833,1107459,1115967,1158,1115967,8938,8508
25456833,1115967,1124475,1158,1124475,8721,8508
25696833,1124475,1131565,1158,1131565,7541,7090
25931833,1131565,1138655,1158,1138655,7232,7090
26164833,1138655,1144327,1158,1144327,6918,5672
26396833,1145745,1152835,1158,1152835,8217,7090
26627833,1152835,1158507,1158,1158507,5822,5672
26858833,1158507,1165597,1158,1165597,7612,7090
27088833,1164179,1169851,1158,1169851,5958,5672
27320833,1169851,1174105,1158,1174105,4830,4254
27552833,1175523,1182613,2576,1182613,9077,7090
27783833,1184031,1191121,2576,1191121,8817,7090
28019833,1192539,1201047,1158,1201047,9776,8508
28252833,1201047,1206719,1158,1206719,5801,5672
28484833,1206719,1212391,1158,1212391,5986,5672
28715833,1212391,1220899,1158,1220899,9114,8508
28946833,1220899,1237915,1158,1237915,17999,17016
29181833,1236497,1250677,1158,1250677,14593,14180
29480833,1253513,1270529,1158,1270529,18038,17016
29736833,1270529,1291799,1158,1291799,21215,21270
29996833,1287545,1310233,1158,1310233,22730,22688
30291833,1305979,1332921,1158,1332921,25736,26942
30614833,1328667,1345683,1158,1345683,17933,17016
30999833,1354191,1374043,1158,1374043,20098,19852
31303833,1374043,1386805,1158,1386805,13424,12762
31611833,1388223,1400985,1158,1400985,13370,12762
31865833,1402403,1410911,1158,1410911,9823,8508
32103833,1412329,1423673,1158,1423673,11918,11344
32337833,1423673,1435017,1158,1435017,11707,11344
32570833,1435017,1453451,1158,1453451,19906,18434
32801833,1449197,1470467,1158,1470467,20359,21270
33102833,1469049,1478975,1158,1478975,11210,9926
33408833,1478975,1487483,1158,1487483,9694,8508
33677833,1487483,1494573,1158,1494573,8450,7090
33927833,1494573,1500245,1158,1500245,6754,5672
34169833,1500245,1505917,1158,1505917,5910,5672
34407833,1507335,1513007,1158,1513007,6448,5672
34642833,1513007,1518679,1158,1518679,5998,5672
34875833,1518679,1522933,1158,1522933,5045,4254
35107833,1522933,1527187,1158,1527187,5079,4254
35339833,1528605,1534277,1158,1534277,6064,5672
35570833,1534277,1535695,2576,1535695,3938,1418
35801833,1537113,1539949,2576,1539949,4930,2836
36032833,1541367,1544203,2576,1544203,5513,2836
36265833,1545621,1551293,1158,1551293,5800,5672
36497833,1551293,1559801,1158,1559801,9239,8508
36733833,1559801,1568309,1158,1568309,8805,8508
36982833,1568309,1573981,1158,1573981,5923,5672
37222833,1573981,1578235,1158,1578235,4454,4254
37458833,1579653,1585325,1158,1585325,5957,5672
37692833,1585325,1590997,1158,1590997,6756,5672
37925833,1590997,1596669,1158,1596669,6119,5672
38157833,1596669,1602341,1158,1602341,6329,5672
38388833,1602341,1608013,1158,1608013,5951,5672
38619833,1608013,1612267,1158,1612267,5739,4254
38849833,1612267,1616521,1158,1616521,5258,4254
39079833,1616521,1622193,1158,1622193,6842,5672
39309833,1622193,1626447,1158,1626447,5186,4254
39541833,1626447,1632119,1158,1632119,6884,5672
39772833,1632119,1639209,1158,1639209,7611,7090
40005833,1639209,1647717,1158,1647717,8860,8508
40240833,1647717,1657643,1158,1657643,10465,9926
40478833,1657643,1666151,1158,1666151,9027,8508
40719833,1667569,1677495,1158,1677495,10415,9926
40955833,1677495,1687421,1158,1687421,10647,9926
41188833,1687421,1695929,1158,1695929,9259,8508
41419833,1695929,1701601,1158,1701601,6797,5672
41650833,1701601,1707273,1158,1707273,6530,5672
41880833,1707273,1712945,1158,1712945,5776,5672
42110833,1712945,1718617,1158,1718617,5772,5672
42340833,1718617,1725707,1158,1725707,7607,7090
42570833,1725707,1731379,1158,1731379,5941,5672
42802833,1731379,1741305,1158,1741305,10076,9926
43033833,1741305,1751231,1158,1751231,11187,9926
43274833,1751231,1762575,1158,1762575,11696,11344
43509833,1762575,1772501,1158,1772501,11027,9926
43747833,1772501,1781009,1158,1781009,9319,8508
43981833,1782427,1792353,2576,1792353,11826,9926
44213833,1792353,1803697,1158,1803697,11584,11344
44446833,1803697,1812205,1158,1812205,8818,8508
44677833,1813623,1823549,2576,1823549,12700,9926
44907833,1823549,1832057,1158,1832057,9861,8508
45138833,1833475,1841983,2576,1841983,11096,8508
45368833,1841983,1857581,1158,1857581,16046,15598
45598833,1857581,1876015,1158,1876015,18926,18434
45856833,1874597,1902957,1158,1902957,28821,28360
46132833,1890195,1915719,1158,1915719,24882,25524
46509833,1917137,1932735,1158,1932735,16962,15598
46905833,1942661,1959677,1158,1959677,17478,17016
47172833,1959677,1971021,1158,1971021,12770,11344
47434833,1972439,1988037,1158,1988037,14854,15598
47677833,1988037,2000799,1158,2000799,13918,12762
47913833,2002217,2019233,1158,2019233,17567,17016
48145833,2014979,2034831,1158,2034831,18650,19852
48399833,2031995,2053265,1158,2053265,19973,21270
48675833,2051847,2064609,1158,2064609,13533,12762
48976833,2064609,2073117,1158,2073117,9511,8508
49234833,2073117,2081625,1158,2081625,8689,8508
49479833,2081625,2088715,1158,2088715,7767,7090
49717833,2090133,2098641,1158,2098641,8801,8508
49951833,2098641,2102895,1158,2102895,5264,4254
50183833,2102895,2108567,1158,2108567,5904,5672
50414833,2108567,2115657,1158,2115657,8168,7090
50646833,2115657,2121329,1158,2121329,6186,5672
50881833,2121329,2124165,1158,2124165,4171,2836
51114833,2124165,2128419,1158,2128419,4735,4254
51347833,2128419,2132673,1158,2132673,5685,4254
51580833,2132673,2135509,1158,2135509,4189,2836
51812833,2135509,2139763,1158,2139763,4878,4254
52044833,2139763,2145435,1158,2145435,6433,5672
52276833,2145435,2151107,1158,2151107,6218,5672
52510833,2151107,2156779,1158,2156779,6566,5672
52743833,2158197,2163869,1158,2163869,7087,5672
52975833,2163869,2169541,1158,2169541,6441,5672
53206833,2169541,2175213,1158,2175213,6386,5672
53437833,2175213,2179467,1158,2179467,5400,4254
53667833,2178049,2183721,1158,2183721,6839,5672
53897833,2183721,2190811,1158,2190811,8433,7090
54130833,2190811,2196483,1158,2196483,6907,5672
54366833,2197901,2206409,1158,2206409,8607,8508
54599833,2206409,2214917,1158,2214917,9958,8508
54837833,2214917,2219171,1158,2219171,5716,4254
55071833,2219171,2226261,1158,2226261,7803,7090
55304833,2226261,2234769,1158,2234769,9886,8508
55540833,2234769,2243277,1158,2243277,9970,8508
55778833,2244695,2253203,1158,2253203,9087,8508
56012833,2253203,2260293,1158,2260293,7979,7090
56244833,2260293,2267383,1158,2267383,8216,7090
56475833,2267383,2273055,1158,2273055,6316,5672
56706833,2273055,2277309,1158,2277309,5579,4254
56936833,2277309,2284399,1158,2284399,7909,7090
57166833,2284399,2291489,1158,2291489,8489,7090
57402833,2291489,2299997,1158,2299997,8710,8508
57635833,2299997,2304251,1158,2304251,5568,4254
57872833,2304251,2307087,1158,2307087,4026,2836
58108833,2307087,2312759,1158,2312759,5823,5672
58343833,2312759,2318431,1158,2318431,6233,5672
58581833,2321267,2326939,1158,2326939,7117,5672
58816833,2326939,2336865,1158,2336865,10163,9926
59049833,2336865,2352463,1158,2352463,16230,15598
59297833,2352463,2363807,1158,2363807,11434,11344
59574833,2365225,2377987,1158,2377987,14243,12762
59821833,2379405,2396421,1158,2396421,17408,17016
