timestamp,rWnd0,rWnd1
611833,1073725440,1073725440
611833,1073725440,1073725440
829833,1073725440,1073725440
1052833,1073725440,1073725440
1361833,1073725440,1073725440
1930833,1073725440,1073725440
2554833,1073725440,1073725440
3015833,1073725440,1073725440
3462833,1073725440,1073725440
3873833,1073725440,1073725440
4440833,1073725440,1073725440
5013833,1073725440,1073725440
5526833,1073725440,1073725440
6072833,1073725440,1073725440
6642833,1073725440,1073725440
7043833,1073725440,1073725440
7407833,1073725440,1073725440
7867833,1073725440,1073725440
8276833,1073725440,1073725440
8766833,1073725440,1073725440
9164833,1073725440,1073725440
9632833,1073725440,1073725440
10000833,1073725440,1073725440
10358833,1073725440,1073725440
10846833,1073725440,1073725440
11279833,1073725440,1073725440
11638833,1073725440,1073725440
12016833,1073725440,1073725440
12338833,1073725440,1073725440
12765833,1073725440,1073725440
13302833,1073725440,1073725440
13743833,1073725440,1073725440
14137833,1073725440,1073725440
14561833,1073725440,1073725440
15030833,1073725440,1073725440
15505833,1073725440,1073725440
16128833,1073725440,1073725440
16835833,1073725440,1073725440
17728833,1073725440,1073725440
18968833,1073725440,1073725440
20559833,1073725440,1073725440
21257833,1073725440,1073725440
21948833,1073725440,1073725440
22800833,1073725440,1073725440
23261833,1073725440,1073725440
23679833,1073725440,1073725440
24286833,1073725440,1073725440
24811833,1073725440,1073725440
25380833,1073725440,1073725440
25929833,1073725440,1073725440
26328833,1073725440,1073725440
26692833,1073725440,1073725440
27091833,1073725440,1073725440
27554833,1073725440,1073725440
28178833,1073725440,1073725440
28865833,1073725440,1073725440
29601833,1073725440,1073725440
30167833,1073725440,1073725440
30552833,1073725440,1073725440
30859833,1073725440,1073725440
31235833,1073725440,1073725440
31686833,1073725440,1073725440
32059833,1073725440,1073725440
32344833,1073725440,1073725440
32648833,1073725440,1073725440
32956833,1073725440,1073725440
33415833,1073725440,1073725440
33924833,1073725440,1073725440
34424833,1073725440,1073725440
34903833,1073725440,1073725440
35624833,1073725440,1073725440
36342833,1073725440,1073725440
37103833,1073725440,1073725440
37742833,1073725440,1073725440
38547833,1073725440,1073725440
39380833,1073725440,1073725440
40285833,1073725440,1073725440
41470833,1073725440,1073725440
42021833,1073725440,1073725440
42568833,1073725440,1073725440
43016833,1073725440,1073725440
43415833,1073725440,1073725440
43978833,1073725440,1073725440
44766833,1073725440,1073725440
45580833,1073725440,1073725440
46507833,1073725440,1073725440
47738833,1073725440,1073725440
49049833,1073725440,1073725440
50360833,1073725440,1073725440
50943833,1073725440,1073725440
51497833,1073725440,1073725440
51838833,1073725440,1073725440
52113833,1073725440,1073725440
52434833,1073725440,1073725440
52855833,1073725440,1073725440
53245833,1073725440,1073725440
53802833,1073725440,1073725440
54492833,1073725440,1073725440
55183833,1073725440,1073725440
55616833,1073725440,1073725440
55984833,1073725440,1073725440
56502833,1073725440,1073725440
56803833,1073725440,1073725440
57057833,1073725440,1073725440
57297833,1073725440,1073725440
57532833,1073725440,1073725440
57764833,1073725440,1073725440
57995833,1073725440,1073725440
58226833,1073725440,1073725440
58457833,1073725440,1073725440
58687833,1073725440,1073725440
58919833,1073725440,1073725440
59155833,1073725440,1073725440
59387833,1073725440,1073725440
59629833,1073725440,1073725440
59938833,1073725440,1073725440
