timestamp,cWnd0,cWnd1
611833,5672,5672
611833,36265,1500
829833,36265,1500
1052833,32469,1500
1361833,38418,1500
1930833,28005,1500
2554833,27992,1500
3015833,24872,1500
3462833,35592,1500
3873833,35269,1500
4440833,30479,1500
5013833,33577,1500
5526833,34839,1500
6072833,26816,1500
6642833,22064,1500
7043833,28755,1500
7407833,23033,1500
7867833,30173,1500
8276833,20788,1500
8766833,29215,1500
9164833,22504,1500
9632833,21306,1500
10000833,32392,1500
10358833,27581,1500
10846833,20463,1500
11279833,23457,1500
11638833,17305,1500
12016833,27333,1500
12338833,34096,1500
12765833,27904,1500
13302833,23658,1500
13743833,25812,1500
14137833,28780,1500
14561833,28560,1500
15030833,38653,1500
15505833,42663,1500
16128833,55120,1500
16835833,76558,1500
17728833,95176,1500
18968833,55368,1500
20559833,41725,1500
21257833,51955,1500
21948833,35797,1500
22800833,25220,1500
23261833,39386,1500
23679833,27673,1500
24286833,34894,1500
24811833,32619,1500
25380833,26392,1500
25929833,21952,1500
26328833,24722,1500
26692833,29595,1500
27091833,41080,1500
27554833,42204,1500
28178833,44512,1500
28865833,38506,1500
29601833,27395,1500
30167833,11604,1500
30552833,23391,1500
30859833,29047,1500
31235833,24833,1500
31686833,15039,1500
32059833,18941,1500
32344833,19009,1500
32648833,38353,1500
32956833,24347,1500
33415833,31113,1500
33924833,28918,1500
34424833,45998,1500
34903833,43519,1500
35624833,45632,1500
36342833,33342,1500
37103833,49370,1500
37742833,49794,1500
38547833,54698,1500
39380833,72171,1500
40285833,32147,1500
41470833,32871,1500
42021833,28494,1500
42568833,23494,1500
43016833,36727,1500
43415833,52527,1500
43978833,49589,1500
44766833,55585,1500
45580833,74025,1500
46507833,78552,1500
47738833,78965,1500
49049833,47823,1500
50360833,34101,1500
50943833,26255,1500
51497833,15050,1500
51838833,21004,1500
52113833,28727,1500
52434833,21862,1500
52855833,36766,1500
53245833,43678,1500
53802833,42379,1500
54492833,33287,1500
55183833,19959,1500
55616833,32781,1500
55984833,19998,1500
56502833,14964,1500
56803833,11259,1500
57057833,9016,1500
57297833,9531,1500
57532833,8295,1500
57764833,5777,1500
57995833,7251,1500
58226833,7421,1500
58457833,8523,1500
58687833,10204,1500
58919833,10420,1500
59155833,12548,1500
59387833,19480,1500
59629833,32453,1500
59938833,28991,1500
