timestamp,availableTxBuffer0,availableTxBuffer1
611833,246472,246472
611833,246472,246472
829833,216694,246472
1052833,220948,250726
1361833,213858,250726
1930833,225202,250726
2554833,225202,250726
3015833,229456,250726
3462833,216694,250726
3873833,218112,250726
4440833,222366,250726
5013833,219530,250726
5526833,218112,250726
6072833,226620,250726
6642833,230874,252144
7043833,223784,250726
7407833,230874,250726
7867833,222366,250726
8276833,232292,250726
8766833,223784,250726
9164833,230874,250726
9632833,230874,250726
10000833,220948,250726
10358833,225202,250726
10846833,232292,250726
11279833,229456,250726
11638833,235128,250726
12016833,225202,250726
12338833,218112,250726
12765833,225202,250726
13302833,229456,250726
13743833,226620,250726
14137833,223784,250726
14561833,223784,250726
15030833,213858,250726
15505833,209604,250726
16128833,198260,250726
16835833,176990,250726
17728833,157138,250726
18968833,196842,250726
20559833,211022,250726
21257833,201096,250726
21948833,216694,250726
22800833,228038,250726
23261833,213858,250726
23679833,225202,250726
24286833,218112,250726
24811833,219530,250726
25380833,226620,250726
25929833,230874,250726
26328833,228038,250726
26692833,223784,252144
27091833,212440,250726
27554833,211022,250726
28178833,208186,250726
28865833,213858,250726
29601833,225202,250726
30167833,240800,250726
30552833,229456,250726
30859833,225202,250726
31235833,228038,250726
31686833,237964,250726
32059833,233710,250726
32344833,233710,250726
32648833,213858,252144
32956833,228038,250726
33415833,222366,250726
33924833,223784,250726
34424833,206768,250726
34903833,209604,250726
35624833,206768,250726
36342833,219530,250726
37103833,203932,250726
37742833,202514,250726
38547833,198260,250726
39380833,181244,250726
40285833,220948,252144
41470833,219530,250726
42021833,223784,250726
42568833,229456,250726
43016833,216694,250726
43415833,199678,250726
43978833,203932,250726
44766833,196842,250726
45580833,178408,250726
46507833,174154,250726
47738833,174154,250726
49049833,205350,250726
50360833,218112,250726
50943833,226620,250726
51497833,237964,250726
51838833,232292,250726
52113833,223784,250726
52434833,230874,250726
52855833,216694,250726
53245833,209604,250726
53802833,211022,250726
54492833,219530,250726
55183833,232292,250726
55616833,219530,250726
55984833,232292,250726
56502833,237964,250726
56803833,242218,250726
57057833,243636,250726
57297833,243636,250726
57532833,245054,250726
57764833,246472,250726
57995833,245054,250726
58226833,246472,250726
58457833,245054,250726
58687833,242218,250726
58919833,242218,250726
59155833,240800,250726
59387833,233710,250726
59629833,220948,250726
59938833,223784,250726
