timestamp,rtt0,rtt1
611833,218,184
611833,218,184
829833,223,184
1052833,309,219
1361833,569,221
1930833,624,224
2554833,461,225
3015833,447,226
3462833,411,227
3873833,567,228
4440833,573,228
5013833,513,229
5526833,546,229
6072833,570,229
6642833,401,229
7043833,364,229
7407833,460,229
7867833,409,230
8276833,490,230
8766833,398,230
9164833,468,230
9632833,368,230
10000833,358,230
10358833,488,230
10846833,433,230
11279833,359,230
11638833,378,230
12016833,322,230
12338833,427,230
12765833,537,230
13302833,441,230
13743833,394,230
14137833,424,230
14561833,469,230
15030833,475,230
15505833,623,230
16128833,707,230
16835833,893,230
17728833,1240,230
18968833,1591,230
20559833,698,230
21257833,691,230
21948833,852,230
22800833,461,230
23261833,418,230
23679833,607,230
24286833,525,230
24811833,569,230
25380833,549,230
25929833,399,230
26328833,364,230
26692833,399,230
27091833,463,230
27554833,624,230
28178833,687,230
28865833,736,230
29601833,566,230
30167833,385,230
30552833,307,230
30859833,376,230
31235833,451,230
31686833,373,230
32059833,285,230
32344833,304,230
32648833,308,230
32956833,459,230
33415833,509,230
33924833,500,230
34424833,479,230
34903833,721,230
35624833,718,230
36342833,761,230
37103833,639,230
37742833,805,230
38547833,833,230
39380833,905,230
40285833,1185,230
41470833,551,230
42021833,547,230
42568833,448,230
43016833,399,230
43415833,563,230
43978833,788,230
44766833,814,230
45580833,927,230
46507833,1231,230
47738833,1311,230
49049833,1311,230
50360833,583,230
50943833,554,230
51497833,341,230
51838833,275,230
52113833,321,230
52434833,421,230
52855833,390,230
53245833,557,230
53802833,690,230
54492833,691,230
55183833,433,230
55616833,368,230
55984833,518,230
56502833,301,230
56803833,254,230
57057833,240,230
57297833,235,230
57532833,232,230
57764833,231,230
57995833,231,230
58226833,231,230
58457833,230,230
58687833,232,230
58919833,236,230
59155833,232,230
59387833,242,230
59629833,309,230
59938833,420,230
