timestamp,unAck0,unAck1
611833,5672,5672
611833,5672,5672
829833,35450,5672
1052833,31196,1418
1361833,38286,1418
1930833,26942,1418
2554833,26942,1418
3015833,22688,1418
3462833,35450,1418
3873833,34032,1418
4440833,29778,1418
5013833,32614,1418
5526833,34032,1418
6072833,25524,1418
6642833,21270,0
7043833,28360,1418
7407833,21270,1418
7867833,29778,1418
8276833,19852,1418
8766833,28360,1418
9164833,21270,1418
9632833,21270,1418
10000833,31196,1418
10358833,26942,1418
10846833,19852,1418
11279833,22688,1418
11638833,17016,1418
12016833,26942,1418
12338833,34032,1418
12765833,26942,1418
13302833,22688,1418
13743833,25524,1418
14137833,28360,1418
14561833,28360,1418
15030833,38286,1418
15505833,42540,1418
16128833,53884,1418
16835833,75154,1418
17728833,95006,1418
18968833,55302,1418
20559833,41122,1418
21257833,51048,1418
21948833,35450,1418
22800833,24106,1418
23261833,38286,1418
23679833,26942,1418
24286833,34032,1418
24811833,32614,1418
25380833,25524,1418
25929833,21270,1418
26328833,24106,1418
26692833,28360,0
27091833,39704,1418
27554833,41122,1418
28178833,43958,1418
28865833,38286,1418
29601833,26942,1418
30167833,11344,1418
30552833,22688,1418
30859833,26942,1418
31235833,24106,1418
31686833,14180,1418
32059833,18434,1418
32344833,18434,1418
32648833,38286,0
32956833,24106,1418
33415833,29778,1418
33924833,28360,1418
34424833,45376,1418
34903833,42540,1418
35624833,45376,1418
36342833,32614,1418
37103833,48212,1418
37742833,49630,1418
38547833,53884,1418
39380833,70900,1418
40285833,31196,0
41470833,32614,1418
42021833,28360,1418
42568833,22688,1418
43016833,35450,1418
43415833,52466,1418
43978833,48212,1418
44766833,55302,1418
45580833,73736,1418
46507833,77990,1418
47738833,77990,1418
49049833,46794,1418
50360833,34032,1418
50943833,25524,1418
51497833,14180,1418
51838833,19852,1418
52113833,28360,1418
52434833,21270,1418
52855833,35450,1418
53245833,42540,1418
53802833,41122,1418
54492833,32614,1418
55183833,19852,1418
55616833,32614,1418
55984833,19852,1418
56502833,14180,1418
56803833,9926,1418
57057833,8508,1418
57297833,8508,1418
57532833,7090,1418
57764833,5672,1418
57995833,7090,1418
58226833,5672,1418
58457833,7090,1418
58687833,9926,1418
58919833,9926,1418
59155833,11344,1418
59387833,18434,1418
59629833,31196,1418
59938833,28360,1418
