timestamp,lastAckedSeq,highTxMark,availableTxBuffer,nextTxSeq,totalCwnd,unAckMeta
611833,5673,17017,1158,17017,11344,11344
611833,5673,17017,1158,17017,37765,11344
829833,11345,52467,1158,52467,37765,41122
1052833,29779,62393,1158,62393,33969,32614
1361833,48213,89335,1158,89335,39918,41122
1930833,85081,116277,1158,116277,29505,31196
2554833,126203,155981,1158,155981,29492,29778
3015833,158817,182923,2576,182923,26372,24106
3462833,185759,224045,1158,224045,37092,38286
3873833,211283,249569,1158,249569,36769,38286
4440833,249569,282183,1158,282183,31979,32614
5013833,286437,323305,1158,323305,35077,36868
5526833,321887,358755,1158,358755,36339,36868
6072833,357337,385697,1158,385697,28316,28360
6642833,394205,416893,1158,416893,23564,22688
7043833,419729,450925,1158,450925,30255,31196
7407833,445253,469359,2576,469359,24533,24106
7867833,475031,507645,1158,507645,31673,32614
8276833,500555,523243,1158,523243,22288,22688
8766833,531751,562947,1158,562947,30715,31196
9164833,558693,582799,1158,582799,24004,24106
9632833,591307,613995,1158,613995,22806,22688
10000833,613995,648027,1158,648027,33892,34032
10358833,636683,666461,1158,666461,29081,29778
10846833,670715,691985,1158,691985,21963,21270
11279833,697657,723181,1158,723181,24957,25524
11638833,721763,740197,1158,740197,18805,18434
12016833,745869,775647,1158,775647,28833,29778
12338833,765721,802589,1158,802589,35596,36868
12765833,794081,823859,1158,823859,29404,29778
13302833,829531,853637,1158,853637,25158,24106
13743833,857891,886251,1158,886251,27312,28360
14137833,883415,914611,1158,914611,30280,31196
14561833,911775,942971,1158,942971,30060,31196
15030833,942971,984093,1158,984093,40153,41122
15505833,972749,1019543,1158,1019543,44163,46794
16128833,1012453,1070591,1158,1070591,56620,58138
16835833,1056411,1137237,1158,1137237,78058,80826
17728833,1114549,1216645,1158,1216645,96676,102096
18968833,1192539,1257767,1158,1257767,56868,65228
20559833,1301725,1347101,1158,1347101,43225,45376
21257833,1348519,1403821,1158,1403821,53455,55302
21948833,1392477,1433599,1158,1433599,37297,41122
22800833,1449197,1476139,1158,1476139,26720,26942
23261833,1480393,1521515,1158,1521515,40886,41122
23679833,1505917,1537113,1158,1537113,29173,31196
24286833,1547039,1583907,1158,1583907,36394,36868
24811833,1581071,1617939,1158,1617939,34119,36868
25380833,1617939,1646299,1158,1646299,27892,28360
25929833,1654807,1677495,1158,1677495,23452,22688
26328833,1680331,1707273,1158,1707273,26222,26942
26692833,1704437,1734215,1158,1734215,31095,29778
27091833,1729961,1772501,1158,1772501,42580,42540
27554833,1758321,1803697,1158,1803697,43704,45376
28178833,1800861,1849073,1158,1849073,46012,48212
28865833,1843401,1887359,1158,1887359,40006,43958
29601833,1894449,1924227,1158,1924227,28895,29778
30167833,1929899,1942661,1158,1942661,13104,12762
30552833,1952587,1978111,1158,1978111,24891,25524
30859833,1972439,2002217,2576,2002217,30547,29778
31235833,1996545,2023487,1158,2023487,26333,26942
31686833,2026323,2041921,1158,2041921,16539,15598
32059833,2051847,2071699,1158,2071699,20441,19852
32344833,2070281,2090133,1158,2090133,20509,19852
32648833,2088715,2128419,1158,2128419,39853,39704
32956833,2107149,2135509,1158,2135509,25847,28360
33415833,2139763,2172377,1158,2172377,32613,32614
33924833,2172377,2203573,1158,2203573,30418,31196
34424833,2204991,2253203,1158,2253203,47498,48212
34903833,2234769,2281563,1158,2281563,45019,46794
35624833,2281563,2331193,1158,2331193,47132,49630
36342833,2328357,2365225,1158,2365225,34842,36868
37103833,2377987,2430453,1158,2430453,50870,52466
37742833,2419109,2474411,1158,2474411,51294,55302
38547833,2472993,2531131,1158,2531131,56198,58138
39380833,2525459,2602031,1158,2602031,73671,76572
40285833,2582179,2620465,1158,2620465,33647,38286
41470833,2664423,2699873,1158,2699873,34371,35450
42021833,2701291,2732487,1158,2732487,29994,31196
42568833,2736741,2762265,1158,2762265,24994,25524
43016833,2766519,2804805,1158,2804805,38227,38286
43415833,2790625,2847345,1158,2847345,54027,56720
43978833,2826075,2879959,1158,2879959,51089,53884
44766833,2878541,2938097,1158,2938097,57085,59556
45580833,2931007,3010415,1158,3010415,75525,79408
46507833,2989145,3075643,1158,3075643,80052,86498
47738833,3069971,3156469,1158,3156469,80465,86498
49049833,3155051,3208935,1158,3208935,49323,53884
50360833,3244385,3282671,1158,3282671,35601,38286
50943833,3284089,3312449,1158,3312449,27755,28360
51497833,3320957,3336555,1158,3336555,16550,15598
51838833,3342227,3364915,1158,3364915,22504,22688
52113833,3362079,3391857,1158,3391857,30227,29778
52434833,3380513,3404619,1158,3404619,23362,24106
52855833,3408873,3447159,1158,3447159,38266,38286
53245833,3432979,3479773,1158,3479773,45178,46794
53802833,3469847,3515223,1158,3515223,43879,45376
54492833,3513805,3550673,1158,3550673,34787,36868
55183833,3560599,3583287,1158,3583287,21459,22688
55616833,3590377,3625827,1158,3625827,34281,35450
55984833,3613065,3635753,1158,3635753,21498,22688
56502833,3648515,3664113,1158,3664113,16464,15598
56803833,3665531,3676875,1158,3676875,12759,11344
57057833,3676875,3686801,1158,3686801,10516,9926
57297833,3686801,3696727,1158,3696727,11031,9926
57532833,3696727,3705235,1158,3705235,9795,8508
57764833,3705235,3712325,1158,3712325,7277,7090
57995833,3713743,3722251,1158,3722251,8751,8508
58226833,3722251,3729341,2576,3729341,8921,7090
58457833,3730759,3739267,2576,3739267,10023,8508
58687833,3739267,3750611,1158,3750611,11704,11344
58919833,3750611,3761955,1158,3761955,11920,11344
59155833,3763373,3776135,1158,3776135,14048,12762
59387833,3776135,3795987,1158,3795987,20980,19852
59629833,3790315,3824347,1158,3824347,33953,34032
59938833,3810167,3841363,1158,3841363,30491,31196
