timestamp,unAck0,unAck1
611833,5672,5672
611833,5672,5672
829833,24106,5672
1052833,12762,1418
1361833,19852,1418
1713833,18434,1418
2075833,17016,1418
2385833,12762,1418
2667833,11344,1418
2911833,12762,1418
3146833,14180,1418
3389833,14180,1418
3636833,18434,1418
3875833,25524,1418
4163833,25524,1418
4536833,31196,1418
4958833,45376,1418
5464833,18434,1418
6176833,19852,1418
6541833,26942,1418
6881833,51048,1418
7313833,46794,1418
7933833,43958,1418
8735833,17016,1418
9325833,18434,1418
9641833,25524,1418
9951833,18434,1418
10352833,15598,1418
10669833,11344,1418
10937833,24106,1418
11181833,29778,1418
11546833,21270,1418
12004833,12762,1418
12344833,18434,1418
12619833,18434,1418
12924833,9926,1418
13232833,14180,1418
13494833,15598,0
13737833,17016,0
13994833,19852,1418
14287833,38286,1418
14611833,63810,1418
15081833,39704,1418
15763833,26942,1418
16684833,12762,1418
16938833,21270,1418
17175833,15598,1418
17489833,17016,1418
17779833,21270,1418
18065833,12762,1418
18405833,15598,1418
18683833,19852,1418
18949833,18434,1418
19265833,15598,1418
19577833,19852,1418
19852833,22688,1418
20172833,29778,1418
20538833,26942,1418
21003833,22688,1418
21451833,25524,1418
21848833,45376,1418
22272833,51048,1418
22923833,73736,1418
23755833,56720,1418
24953833,48212,1418
25804833,63810,1418
26618833,59556,1418
27685833,48212,1418
28624833,53884,1418
29467833,62392,0
30372833,53884,1418
31442833,38286,1418
32189833,45376,1418
32863833,31196,1418
33646833,25524,1418
34120833,22688,1418
34565833,21270,1418
34942833,19852,1418
35298833,19852,1418
35634833,15598,1418
35967833,18434,1418
36251833,14180,1418
36555833,18434,1418
36815833,21270,1418
37112833,18434,1418
37454833,15598,1418
37764833,18434,1418
38039833,21270,1418
38341833,15598,1418
38684833,19852,1418
38981833,25524,1418
39306833,19852,1418
39709833,29778,1418
40071833,11344,1418
40549833,17016,1418
40895833,25524,1418
41201833,15598,1418
41617833,11344,1418
41909833,11344,1418
42160833,9926,1418
42399833,9926,1418
42632833,12762,1418
42863833,17016,1418
43099833,15598,1418
43378833,17016,1418
43646833,14180,1418
43927833,17016,1418
44178833,29778,1418
44455833,28360,0
44842833,22688,1418
45315833,29778,1418
45724833,32614,1418
46214833,31196,1418
46755833,22688,1418
47262833,22688,1418
47650833,17016,1418
48031833,11344,1418
48318833,22688,1418
48572833,24106,1418
48934833,31196,1418
49329833,28360,1418
49828833,19852,1418
50290833,15598,1418
50598833,9926,1418
50865833,17016,1418
51109833,14180,1418
51408833,14180,1418
51659833,12762,1418
51900833,21270,1418
52134833,22688,1418
52442833,21270,1418
52804833,19852,1418
53159833,18434,1418
53495833,17016,1418
53805833,26942,1418
54094833,41122,1418
54501833,39704,1418
55065833,22688,1418
55732833,25524,1418
56162833,36868,1418
56590833,31196,1418
57178833,42540,1418
57722833,49630,1418
58426833,99260,1418
59272833,79408,1418
