timestamp,rtt0,rtt1
611833,218,184
611833,218,184
829833,223,184
1052833,309,219
1361833,352,221
1713833,362,223
2075833,310,224
2385833,282,225
2667833,244,226
2911833,235,226
3146833,243,227
3389833,247,227
3636833,239,228
3875833,288,228
4163833,373,228
4536833,422,229
4958833,506,229
5464833,712,229
6176833,365,229
6541833,340,229
6881833,432,229
7313833,620,230
7933833,802,230
8735833,590,230
9325833,316,230
9641833,310,230
9951833,401,230
10352833,317,230
10669833,268,230
10937833,244,230
11181833,365,230
11546833,458,230
12004833,340,230
12344833,275,230
12619833,305,230
12924833,308,230
13232833,262,230
13494833,243,230
13737833,257,230
13994833,293,230
14287833,324,230
14611833,470,230
15081833,682,230
15763833,921,230
16684833,254,230
16938833,237,230
17175833,314,230
17489833,290,230
17779833,286,230
18065833,340,230
18405833,278,230
18683833,266,230
18949833,316,230
19265833,312,230
19577833,275,230
19852833,320,230
20172833,366,230
20538833,465,230
21003833,448,230
21451833,397,230
21848833,424,230
22272833,651,230
22923833,832,230
23755833,1198,230
24953833,851,230
25804833,814,230
26618833,1067,230
27685833,939,230
28624833,843,230
29467833,905,230
30372833,1070,230
31442833,747,230
32189833,674,230
32863833,783,230
33646833,474,230
34120833,445,230
34565833,377,230
34942833,356,230
35298833,336,230
35634833,333,230
35967833,284,230
36251833,304,230
36555833,260,230
36815833,297,230
37112833,342,230
37454833,310,230
37764833,275,230
38039833,302,230
38341833,343,230
38684833,297,230
38981833,325,230
39306833,403,230
39709833,362,230
40071833,478,230
40549833,346,230
40895833,306,230
41201833,416,230
41617833,292,230
41909833,251,230
42160833,239,230
42399833,233,230
42632833,231,230
42863833,236,230
43099833,279,230
43378833,268,230
43646833,281,230
43927833,251,230
44178833,277,230
44455833,387,230
44842833,473,230
45315833,409,230
45724833,490,230
46214833,541,230
46755833,507,230
47262833,388,230
47650833,381,230
48031833,287,230
48318833,254,230
48572833,362,230
48934833,395,230
49329833,499,230
49828833,462,230
50290833,308,230
50598833,267,230
50865833,244,230
51109833,299,230
51408833,251,230
51659833,241,230
51900833,234,230
52134833,308,230
52442833,362,230
52804833,355,230
53159833,336,230
53495833,310,230
53805833,289,230
54094833,407,230
54501833,564,230
55065833,667,230
55732833,430,230
56162833,428,230
56590833,588,230
57178833,544,230
57722833,704,230
58426833,846,230
59272833,1363,230
