timestamp,cWnd0,cWnd1
611833,5672,5672
611833,24835,1500
829833,24835,1500
1052833,13901,1500
1361833,22094,1500
1713833,19260,1500
2075833,18030,1500
2385833,12798,1500
2667833,12676,1500
2911833,12984,1500
3146833,15137,1500
3389833,15304,1500
3636833,19076,1500
3875833,25574,1500
4163833,26611,1500
4536833,32472,1500
4958833,46075,1500
5464833,18871,1500
6176833,20507,1500
6541833,28177,1500
6881833,52137,1500
7313833,47038,1500
7933833,44845,1500
8735833,17072,1500
9325833,18732,1500
9641833,25960,1500
9951833,18817,1500
10352833,16270,1500
10669833,12342,1500
10937833,24273,1500
11181833,30395,1500
11546833,21980,1500
12004833,13126,1500
12344833,19092,1500
12619833,18836,1500
12924833,10654,1500
13232833,14651,1500
13494833,15699,1500
13737833,18958,1500
13994833,20314,1500
14287833,38346,1500
14611833,64069,1500
15081833,40863,1500
15763833,27883,1500
16684833,13669,1500
16938833,21547,1500
17175833,16955,1500
17489833,17614,1500
17779833,21623,1500
18065833,13630,1500
18405833,16658,1500
18683833,20082,1500
18949833,18828,1500
19265833,16342,1500
19577833,20399,1500
19852833,23270,1500
20172833,31109,1500
20538833,28289,1500
21003833,23447,1500
21451833,26877,1500
21848833,46667,1500
22272833,52238,1500
22923833,74495,1500
23755833,57349,1500
24953833,49474,1500
25804833,64922,1500
26618833,59902,1500
27685833,49367,1500
28624833,54010,1500
29467833,64910,1500
30372833,54491,1500
31442833,38838,1500
32189833,48014,1500
32863833,32274,1500
33646833,28198,1500
34120833,23269,1500
34565833,21646,1500
34942833,20551,1500
35298833,19975,1500
35634833,16612,1500
35967833,18526,1500
36251833,15432,1500
36555833,19631,1500
36815833,21931,1500
37112833,18659,1500
37454833,16487,1500
37764833,18508,1500
38039833,22052,1500
38341833,16587,1500
38684833,19991,1500
38981833,26583,1500
39306833,20215,1500
39709833,30505,1500
40071833,12453,1500
40549833,18035,1500
40895833,26948,1500
41201833,15755,1500
41617833,12175,1500
41909833,13988,1500
42160833,11214,1500
42399833,10473,1500
42632833,13595,1500
42863833,18009,1500
43099833,16159,1500
43378833,18042,1500
43646833,15516,1500
43927833,17392,1500
44178833,30442,1500
44455833,29569,1500
44842833,23150,1500
45315833,29873,1500
45724833,33046,1500
46214833,31537,1500
46755833,23797,1500
47262833,23662,1500
47650833,17079,1500
48031833,12606,1500
48318833,23991,1500
48572833,24911,1500
48934833,32479,1500
49329833,29168,1500
49828833,20860,1500
50290833,16554,1500
50598833,12755,1500
50865833,17169,1500
51109833,15584,1500
51408833,14768,1500
51659833,13039,1500
51900833,22370,1500
52134833,23421,1500
52442833,21796,1500
52804833,20813,1500
53159833,18781,1500
53495833,17869,1500
53805833,27630,1500
54094833,42388,1500
54501833,40527,1500
55065833,22803,1500
55732833,26055,1500
56162833,37541,1500
56590833,32200,1500
57178833,43495,1500
57722833,51462,1500
58426833,100551,1500
59272833,80466,1500
