timestamp,availableTxBuffer0,availableTxBuffer1
611833,246472,246472
611833,246472,246472
829833,228038,246472
1052833,239382,250726
1361833,232292,250726
1713833,233710,250726
2075833,235128,250726
2385833,239382,250726
2667833,240800,250726
2911833,239382,250726
3146833,237964,250726
3389833,237964,250726
3636833,233710,250726
3875833,226620,250726
4163833,226620,250726
4536833,220948,250726
4958833,206768,250726
5464833,233710,250726
6176833,232292,250726
6541833,225202,250726
6881833,201096,250726
7313833,205350,250726
7933833,208186,250726
8735833,235128,250726
9325833,233710,250726
9641833,226620,250726
9951833,233710,250726
10352833,236546,250726
10669833,240800,250726
10937833,228038,250726
11181833,222366,250726
11546833,230874,250726
12004833,239382,250726
12344833,233710,250726
12619833,233710,250726
12924833,242218,250726
13232833,237964,250726
13494833,236546,252144
13737833,235128,252144
13994833,232292,250726
14287833,213858,250726
14611833,188334,250726
15081833,212440,250726
15763833,225202,250726
16684833,239382,250726
16938833,230874,250726
17175833,236546,250726
17489833,235128,250726
17779833,230874,250726
18065833,239382,250726
18405833,236546,250726
18683833,232292,250726
18949833,233710,250726
19265833,236546,250726
19577833,232292,250726
19852833,229456,250726
20172833,222366,250726
20538833,225202,250726
21003833,229456,250726
21451833,226620,250726
21848833,206768,250726
22272833,201096,250726
22923833,178408,250726
23755833,195424,250726
24953833,203932,250726
25804833,188334,250726
26618833,192588,250726
27685833,203932,250726
28624833,198260,250726
29467833,189752,252144
30372833,198260,250726
31442833,213858,250726
32189833,206768,250726
32863833,220948,250726
33646833,226620,250726
34120833,229456,250726
34565833,230874,250726
34942833,232292,250726
35298833,232292,250726
35634833,236546,250726
35967833,233710,250726
36251833,237964,250726
36555833,233710,250726
36815833,230874,250726
37112833,233710,250726
37454833,236546,250726
37764833,233710,250726
38039833,230874,250726
38341833,236546,250726
38684833,232292,250726
38981833,226620,250726
39306833,232292,250726
39709833,222366,250726
40071833,240800,250726
40549833,235128,250726
40895833,226620,250726
41201833,236546,250726
41617833,240800,250726
41909833,240800,250726
42160833,242218,250726
42399833,242218,250726
42632833,239382,250726
42863833,235128,250726
43099833,236546,250726
43378833,235128,250726
43646833,237964,250726
43927833,235128,250726
44178833,222366,250726
44455833,223784,252144
44842833,229456,250726
45315833,222366,250726
45724833,219530,250726
46214833,220948,250726
46755833,229456,250726
47262833,229456,250726
47650833,235128,250726
48031833,240800,250726
48318833,229456,250726
48572833,228038,250726
48934833,220948,250726
49329833,223784,250726
49828833,232292,250726
50290833,236546,250726
50598833,242218,250726
50865833,235128,250726
51109833,237964,250726
51408833,237964,250726
51659833,239382,250726
51900833,230874,250726
52134833,229456,250726
52442833,230874,250726
52804833,232292,250726
53159833,233710,250726
53495833,235128,250726
53805833,225202,250726
54094833,211022,250726
54501833,212440,250726
55065833,229456,250726
55732833,226620,250726
56162833,215276,250726
56590833,220948,250726
57178833,209604,250726
57722833,202514,250726
58426833,152884,250726
59272833,172736,250726
