timestamp,rWnd0,rWnd1
611833,1073725440,1073725440
611833,1073725440,1073725440
829833,1073725440,1073725440
1052833,1073725440,1073725440
1361833,1073725440,1073725440
1713833,1073725440,1073725440
2075833,1073725440,1073725440
2385833,1073725440,1073725440
2667833,1073725440,1073725440
2911833,1073725440,1073725440
3146833,1073725440,1073725440
3389833,1073725440,1073725440
3636833,1073725440,1073725440
3875833,1073725440,1073725440
4163833,1073725440,1073725440
4536833,1073725440,1073725440
4958833,1073725440,1073725440
5464833,1073725440,1073725440
6176833,1073725440,1073725440
6541833,1073725440,1073725440
6881833,1073725440,1073725440
7313833,1073725440,1073725440
7933833,1073725440,1073725440
8735833,1073725440,1073725440
9325833,1073725440,1073725440
9641833,1073725440,1073725440
9951833,1073725440,1073725440
10352833,1073725440,1073725440
10669833,1073725440,1073725440
10937833,1073725440,1073725440
11181833,1073725440,1073725440
11546833,1073725440,1073725440
12004833,1073725440,1073725440
12344833,1073725440,1073725440
12619833,1073725440,1073725440
12924833,1073725440,1073725440
13232833,1073725440,1073725440
13494833,1073725440,1073725440
13737833,1073725440,1073725440
13994833,1073725440,1073725440
14287833,1073725440,1073725440
14611833,1073725440,1073725440
15081833,1073725440,1073725440
15763833,1073725440,1073725440
16684833,1073725440,1073725440
16938833,1073725440,1073725440
17175833,1073725440,1073725440
17489833,1073725440,1073725440
17779833,1073725440,1073725440
18065833,1073725440,1073725440
18405833,1073725440,1073725440
18683833,1073725440,1073725440
18949833,1073725440,1073725440
19265833,1073725440,1073725440
19577833,1073725440,1073725440
19852833,1073725440,1073725440
20172833,1073725440,1073725440
20538833,1073725440,1073725440
21003833,1073725440,1073725440
21451833,1073725440,1073725440
21848833,1073725440,1073725440
22272833,1073725440,1073725440
22923833,1073725440,1073725440
23755833,1073725440,1073725440
24953833,1073725440,1073725440
25804833,1073725440,1073725440
26618833,1073725440,1073725440
27685833,1073725440,1073725440
28624833,1073725440,1073725440
29467833,1073725440,1073725440
30372833,1073725440,1073725440
31442833,1073725440,1073725440
32189833,1073725440,1073725440
32863833,1073725440,1073725440
33646833,1073725440,1073725440
34120833,1073725440,1073725440
34565833,1073725440,1073725440
34942833,1073725440,1073725440
35298833,1073725440,1073725440
35634833,1073725440,1073725440
35967833,1073725440,1073725440
36251833,1073725440,1073725440
36555833,1073725440,1073725440
36815833,1073725440,1073725440
37112833,1073725440,1073725440
37454833,1073725440,1073725440
37764833,1073725440,1073725440
38039833,1073725440,1073725440
38341833,1073725440,1073725440
38684833,1073725440,1073725440
38981833,1073725440,1073725440
39306833,1073725440,1073725440
39709833,1073725440,1073725440
40071833,1073725440,1073725440
40549833,1073725440,1073725440
40895833,1073725440,1073725440
41201833,1073725440,1073725440
41617833,1073725440,1073725440
41909833,1073725440,1073725440
42160833,1073725440,1073725440
42399833,1073725440,1073725440
42632833,1073725440,1073725440
42863833,1073725440,1073725440
43099833,1073725440,1073725440
43378833,1073725440,1073725440
43646833,1073725440,1073725440
43927833,1073725440,1073725440
44178833,1073725440,1073725440
44455833,1073725440,1073725440
44842833,1073725440,1073725440
45315833,1073725440,1073725440
45724833,1073725440,1073725440
46214833,1073725440,1073725440
46755833,1073725440,1073725440
47262833,1073725440,1073725440
47650833,1073725440,1073725440
48031833,1073725440,1073725440
48318833,1073725440,1073725440
48572833,1073725440,1073725440
48934833,1073725440,1073725440
49329833,1073725440,1073725440
49828833,1073725440,1073725440
50290833,1073725440,1073725440
50598833,1073725440,1073725440
50865833,1073725440,1073725440
51109833,1073725440,1073725440
51408833,1073725440,1073725440
51659833,1073725440,1073725440
51900833,1073725440,1073725440
52134833,1073725440,1073725440
52442833,1073725440,1073725440
52804833,1073725440,1073725440
53159833,1073725440,1073725440
53495833,1073725440,1073725440
53805833,1073725440,1073725440
54094833,1073725440,1073725440
54501833,1073725440,1073725440
55065833,1073725440,1073725440
55732833,1073725440,1073725440
56162833,1073725440,1073725440
56590833,1073725440,1073725440
57178833,1073725440,1073725440
57722833,1073725440,1073725440
58426833,1073725440,1073725440
59272833,1073725440,1073725440
