timestamp,lastAckedSeq,highTxMark,availableTxBuffer,nextTxSeq,totalCwnd,unAckMeta
611833,5673,17017,1158,17017,11344,11344
611833,5673,17017,1158,17017,26335,11344
829833,11345,41123,1158,41123,26335,29778
1052833,29779,43959,1158,43959,15401,14180
1361833,49631,70901,2576,70901,23594,21270
1713833,72319,92171,1158,92171,20760,19852
2075833,95007,113441,1158,113441,19530,18434
2385833,116277,130457,1158,130457,14298,14180
2667833,131875,144637,1158,144637,14176,12762
2911833,144637,158817,1158,158817,14484,14180
3146833,158817,174415,1158,174415,16637,15598
3389833,175833,191431,1158,191431,16804,15598
3636833,191431,211283,1158,211283,20576,19852
3875833,207029,233971,1158,233971,27074,26942
4163833,224045,252405,1158,252405,28111,28360
4536833,249569,283601,1158,283601,33972,34032
4958833,275093,324723,1158,324723,47575,49630
5464833,309125,331813,2576,331813,20371,22688
6176833,355919,378607,1158,378607,22007,22688
6541833,381443,409803,1158,409803,29677,28360
6881833,402713,456597,1158,456597,53637,53884
7313833,428237,479285,1158,479285,48538,51048
7933833,469359,517571,1158,517571,46345,48212
8735833,524661,543095,1158,543095,18572,18434
9325833,562947,582799,1158,582799,20232,19852
9641833,584217,611159,1158,611159,27460,26942
9951833,604069,625339,1158,625339,20317,21270
10352833,629593,646609,1158,646609,17770,17016
10669833,649445,662207,1158,662207,13842,12762
10937833,663625,689149,1158,689149,25773,25524
11181833,679223,711837,1158,711837,31895,32614
11546833,701911,726017,1158,726017,23480,24106
12004833,731689,745869,1158,745869,14626,14180
12344833,752959,774229,1158,774229,20592,21270
12619833,769975,791245,1158,791245,20336,21270
12924833,791245,802589,1158,802589,12154,11344
13232833,806843,822441,1158,822441,16151,15598
13494833,823859,840875,1158,840875,17199,17016
13737833,840875,859309,2576,859309,20458,18434
13994833,856473,879161,1158,879161,21814,22688
14287833,876325,917447,1158,917447,39846,41122
14611833,896177,962823,1158,962823,65569,66646
15081833,925955,969913,1158,969913,42363,43958
15763833,971331,1001109,1158,1001109,29383,29778
16684833,1030887,1045067,1158,1045067,15169,14180
16938833,1046485,1069173,1158,1069173,23047,22688
17175833,1060665,1079099,1158,1079099,18455,18434
17489833,1081935,1100369,1158,1100369,19114,18434
17779833,1101787,1125893,1158,1125893,23123,24106
18065833,1120221,1135819,1158,1135819,15130,15598
18405833,1141491,1158507,1158,1158507,18158,17016
18683833,1159925,1181195,1158,1181195,21582,21270
18949833,1176941,1196793,1158,1196793,20328,19852
19265833,1198211,1215227,1158,1215227,17842,17016
19577833,1218063,1239333,1158,1239333,21899,21270
19852833,1236497,1260603,1158,1260603,24770,24106
20172833,1256349,1288963,1158,1288963,32609,32614
20538833,1279037,1308815,1158,1308815,29789,29778
21003833,1310233,1335757,1158,1335757,24947,25524
21451833,1340011,1368371,1158,1368371,28377,28360
21848833,1365535,1413747,1158,1413747,48167,48212
22272833,1391059,1446361,1158,1446361,53738,55302
22923833,1432181,1511589,1158,1511589,75995,79408
23755833,1484647,1549875,1158,1549875,58849,65228
24953833,1565473,1619357,1158,1619357,50974,53884
25804833,1622193,1690257,1158,1690257,66422,68064
26618833,1673241,1739887,1158,1739887,61402,66646
27685833,1745559,1798025,1158,1798025,50867,52466
28624833,1805115,1864671,1158,1864671,55510,59556
29467833,1861835,1928481,2576,1928481,66410,66646
30372833,1918555,1978111,1158,1978111,55991,59556
31442833,1990873,2033413,1158,2033413,40338,42540
32189833,2040503,2090133,2576,2090133,49514,49630
32863833,2083043,2119911,1158,2119911,33774,36868
33646833,2136927,2165287,2576,2165287,29698,28360
34120833,2166705,2192229,1158,2192229,24769,25524
34565833,2196483,2220589,1158,2220589,23146,24106
34942833,2222007,2243277,1158,2243277,22051,21270
35298833,2246113,2267383,1158,2267383,21475,21270
35634833,2267383,2284399,1158,2284399,18112,17016
35967833,2288653,2309923,1158,2309923,20026,21270
36251833,2308505,2324103,1158,2324103,16932,15598
36555833,2326939,2346791,1158,2346791,21131,19852
36815833,2343955,2366643,1158,2366643,23431,22688
37112833,2363807,2385077,1158,2385077,20159,21270
37454833,2386495,2403511,1158,2403511,17987,17016
37764833,2406347,2426199,1158,2426199,20008,19852
38039833,2424781,2447469,1158,2447469,23552,22688
38341833,2443215,2461649,1158,2461649,18087,18434
38684833,2467321,2488591,1158,2488591,21491,21270
38981833,2485755,2512697,1158,2512697,28083,26942
39306833,2507025,2529713,1158,2529713,21715,22688
39709833,2533967,2565163,1158,2565163,32005,31196
40071833,2556655,2570835,1158,2570835,13953,14180
40549833,2586433,2604867,1158,2604867,19535,18434
40895833,2609121,2636063,2576,2636063,28448,26942
41201833,2627555,2645989,1158,2645989,17255,18434
41617833,2653079,2665841,1158,2665841,13675,12762
41909833,2671513,2684275,2576,2684275,15488,12762
42160833,2684275,2695619,1158,2695619,12714,11344
42399833,2695619,2706963,1158,2706963,11973,11344
42632833,2708381,2722561,1158,2722561,15095,14180
42863833,2722561,2740995,1158,2740995,19509,18434
43099833,2735323,2753757,1158,2753757,17659,18434
43378833,2755175,2773609,1158,2773609,19542,18434
43646833,2772191,2787789,1158,2787789,17016,15598
43927833,2790625,2809059,1158,2809059,18892,18434
44178833,2807641,2838837,1158,2838837,31942,31196
44455833,2823239,2854435,1158,2854435,31069,31196
44842833,2848763,2874287,1158,2874287,24650,25524
45315833,2879959,2912573,1158,2912573,31373,32614
45724833,2906901,2942351,1158,2942351,34546,35450
46214833,2939515,2973547,1158,2973547,33037,34032
46755833,2976383,3000489,2576,3000489,25297,24106
47262833,3008997,3033103,1158,3033103,25162,24106
47650833,3034521,3052955,1158,3052955,18579,18434
48031833,3055791,3068553,1158,3068553,14106,12762
48318833,3072807,3098331,1158,3098331,25491,25524
48572833,3088405,3115347,1158,3115347,26411,26942
48934833,3112511,3145125,1158,3145125,33979,32614
49329833,3138035,3169231,1158,3169231,30668,31196
49828833,3172067,3193337,1158,3193337,22360,21270
50290833,3201845,3218861,1158,3218861,18054,17016
50598833,3220279,3231623,2576,3231623,14255,11344
50865833,3234459,3252893,1158,3252893,18669,18434
51109833,3250057,3265655,1158,3265655,17084,15598
51408833,3271327,3286925,1158,3286925,16268,15598
51659833,3286925,3301105,1158,3301105,14539,14180
51900833,3302523,3325211,1158,3325211,23870,22688
52134833,3315285,3340809,1158,3340809,24921,25524
52442833,3335137,3359243,1158,3359243,23296,24106
52804833,3360661,3383349,1158,3383349,22313,22688
53159833,3383349,3403201,1158,3403201,20281,19852
53495833,3404619,3423053,1158,3423053,19369,18434
53805833,3424471,3454249,1158,3454249,29130,29778
54094833,3444323,3488281,1158,3488281,43888,43958
54501833,3469847,3513805,1158,3513805,42027,43958
55065833,3505297,3532239,1158,3532239,24303,26942
55732833,3550673,3579033,1158,3579033,27555,28360
56162833,3579033,3618737,1158,3618737,39041,39704
56590833,3605975,3640007,1158,3640007,33700,34032
57178833,3644261,3691055,1158,3691055,44995,46794
57722833,3679711,3733595,2576,3733595,52962,53884
58426833,3723669,3828601,1158,3828601,102051,104932
59272833,3774717,3864051,1158,3864051,81966,89334
