timestamp,availableTxBuffer0,availableTxBuffer1
611833,246472,246472
611833,246472,246472
829833,175572,246472
1052833,168482,250726
1361833,152884,250726
1935833,186916,250726
3073833,211022,250726
4493833,222366,252144
4996833,219530,250726
5496833,232292,250726
6040833,233710,250726
6371833,236546,250726
6677833,228038,250726
6951833,232292,250726
7318833,225202,250726
7669833,240800,250726
8104833,243636,250726
8398833,245054,250726
8656833,240800,250726
8900833,233710,250726
9145833,235128,250726
9456833,232292,250726
9749833,228038,250726
10074833,228038,250726
10458833,226620,250726
10860833,222366,250726
11285833,223784,250726
11774833,219530,250726
12253833,235128,250726
12817833,229456,252144
13189833,229456,250726
13568833,233710,250726
13948833,232292,250726
14273833,236546,250726
14604833,239382,250726
14872833,235128,250726
15115833,233710,250726
15397833,228038,250726
15699833,216694,250726
16073833,220948,250726
16588833,205350,250726
17120833,223784,250726
17875833,199678,250726
18514833,215276,250726
19387833,215276,250726
20014833,212440,250726
20633833,203932,250726
21298833,191170,250726
22101833,194006,250726
23116833,209604,250726
24061833,195424,250726
24881833,206768,250726
25833833,208186,250726
26582833,208186,250726
27321833,209604,250726
28059833,213858,250726
28765833,206768,250726
29420833,223784,250726
30179833,222366,250726
30681833,219530,250726
31181833,223784,250726
31725833,232292,250726
32158833,229456,250726
32516833,229456,250726
32893833,233710,250726
33273833,230874,250726
33603833,213858,250726
33955833,225202,250726
34479833,233710,250726
34928833,220948,250726
35291833,218112,250726
35790833,205350,250726
36351833,194006,250726
37111833,205350,250726
38070833,219530,250726
38702833,226620,250726
39213833,226620,250726
39646833,223784,250726
40075833,229456,250726
40546833,232292,250726
40920833,233710,250726
41252833,232292,250726
41566833,232292,250726
41895833,230874,250726
42227833,229456,250726
42579833,228038,250726
42954833,216694,250726
43354833,218112,250726
43906833,205350,250726
44479833,212440,250726
45246833,222366,250726
45849833,218112,250726
46371833,218112,250726
46940833,226620,250726
47511833,218112,250726
47988833,223784,250726
48553833,226620,250726
49016833,225202,250726
49449833,226620,250726
49899833,223784,250726
50330833,225202,250726
50802833,222366,250726
51257833,216694,250726
51753833,228038,250726
52338833,226620,250726
52770833,223784,250726
53198833,228038,250726
53669833,233710,250726
54048833,223784,250726
54378833,237964,250726
54827833,236546,252144
55136833,228038,250726
55426833,220948,250726
55803833,219530,250726
56281833,220948,250726
56821833,219530,250726
57346833,216694,250726
57892833,202514,250726
58484833,206768,250726
59294833,216694,250726
