timestamp,rtt0,rtt1
611833,218,184
611833,218,184
829833,223,184
1052833,309,219
1361833,574,221
1935833,1138,224
3073833,1420,227
4493833,503,228
4996833,500,229
5496833,544,229
6040833,331,229
6371833,306,229
6677833,274,229
6951833,367,230
7318833,351,230
7669833,435,230
8104833,294,230
8398833,258,230
8656833,244,230
8900833,245,230
9145833,311,230
9456833,293,230
9749833,325,230
10074833,384,230
10458833,402,230
10860833,425,230
11285833,489,230
11774833,479,230
12253833,564,230
12817833,372,230
13189833,379,230
13568833,380,230
13948833,325,230
14273833,331,230
14604833,268,230
14872833,243,230
15115833,282,230
15397833,302,230
15699833,374,230
16073833,515,230
16588833,532,230
17120833,755,230
17875833,639,230
18514833,873,230
19387833,627,230
20014833,619,230
20633833,665,230
21298833,803,230
22101833,1015,230
23116833,945,230
24061833,820,230
24881833,952,230
25833833,749,230
26582833,739,230
27321833,738,230
28059833,706,230
28765833,655,230
29420833,759,230
30179833,502,230
30681833,500,230
31181833,544,230
31725833,433,230
32158833,358,230
32516833,377,230
32893833,380,230
33273833,330,230
33603833,352,230
33955833,524,230
34479833,449,230
34928833,363,230
35291833,499,230
35790833,561,230
36351833,760,230
37111833,959,230
38070833,632,230
38702833,511,230
39213833,433,230
39646833,429,230
40075833,471,230
40546833,374,230
40920833,332,230
41252833,314,230
41566833,329,230
41895833,332,230
42227833,352,230
42579833,375,230
42954833,400,230
43354833,552,230
43906833,573,230
44479833,767,230
45246833,603,230
45849833,522,230
46371833,569,230
46940833,571,230
47511833,477,230
47988833,565,230
48553833,463,230
49016833,433,230
49449833,450,230
49899833,431,230
50330833,472,230
50802833,455,230
51257833,496,230
51753833,585,230
52338833,432,230
52770833,428,230
53198833,471,230
53669833,379,230
54048833,330,230
54378833,449,230
54827833,309,230
55136833,290,230
55426833,377,230
55803833,478,230
56281833,540,230
56821833,525,230
57346833,546,230
57892833,592,230
58484833,810,230
59294833,726,230
