timestamp,cWnd0,cWnd1
611833,5672,5672
611833,76609,1500
829833,76609,1500
1052833,84668,1500
1361833,99474,1500
1935833,52253,1500
3073833,42422,1500
4493833,30278,1500
4996833,33574,1500
5496833,19935,1500
6040833,19599,1500
6371833,16380,1500
6677833,24176,1500
6951833,19926,1500
7318833,27081,1500
7669833,13068,1500
8104833,8696,1500
8398833,8116,1500
8656833,11592,1500
8900833,19383,1500
9145833,17718,1500
9456833,20234,1500
9749833,24501,1500
10074833,24553,1500
10458833,26758,1500
10860833,30062,1500
11285833,29079,1500
11774833,34783,1500
12253833,18259,1500
12817833,22932,1500
13189833,23027,1500
13568833,18435,1500
13948833,20619,1500
14273833,15670,1500
14604833,13866,1500
14872833,18304,1500
15115833,19523,1500
15397833,24465,1500
15699833,36632,1500
16073833,31620,1500
16588833,47850,1500
17120833,29587,1500
17875833,52726,1500
18514833,37939,1500
19387833,37900,1500
20014833,40688,1500
20633833,48731,1500
21298833,61318,1500
22101833,58454,1500
23116833,43265,1500
24061833,56930,1500
24881833,46250,1500
25833833,44105,1500
26582833,44743,1500
27321833,43356,1500
28059833,39093,1500
28765833,45764,1500
29420833,28857,1500
30179833,29782,1500
30681833,33696,1500
31181833,29469,1500
31725833,20129,1500
32158833,23525,1500
32516833,22819,1500
32893833,19703,1500
33273833,22480,1500
33603833,39259,1500
33955833,27411,1500
34479833,18978,1500
34928833,32358,1500
35291833,34278,1500
35790833,47718,1500
36351833,58273,1500
37111833,48071,1500
38070833,33684,1500
38702833,26429,1500
39213833,26062,1500
39646833,28846,1500
40075833,24048,1500
40546833,20349,1500
40920833,19773,1500
41252833,20939,1500
41566833,21045,1500
41895833,22299,1500
42227833,23909,1500
42579833,24977,1500
42954833,35857,1500
43354833,35214,1500
43906833,47128,1500
44479833,40345,1500
45246833,31061,1500
45849833,34426,1500
46371833,35278,1500
46940833,26351,1500
47511833,34677,1500
47988833,28497,1500
48553833,25687,1500
49016833,27382,1500
49449833,26459,1500
49899833,28596,1500
50330833,27834,1500
50802833,30566,1500
51257833,35879,1500
51753833,24525,1500
52338833,25672,1500
52770833,29436,1500
53198833,25109,1500
53669833,18674,1500
54048833,28449,1500
54378833,14629,1500
54827833,18291,1500
55136833,24768,1500
55426833,32145,1500
55803833,32712,1500
56281833,32246,1500
56821833,33704,1500
57346833,36515,1500
57892833,49802,1500
58484833,46507,1500
59294833,36798,1500
