timestamp,rWnd0,rWnd1
611833,1073725440,1073725440
611833,1073725440,1073725440
829833,1073725440,1073725440
1052833,1073725440,1073725440
1361833,1073725440,1073725440
1935833,1073725440,1073725440
3073833,1073725440,1073725440
4493833,1073725440,1073725440
4996833,1073725440,1073725440
5496833,1073725440,1073725440
6040833,1073725440,1073725440
6371833,1073725440,1073725440
6677833,1073725440,1073725440
6951833,1073725440,1073725440
7318833,1073725440,1073725440
7669833,1073725440,1073725440
8104833,1073725440,1073725440
8398833,1073725440,1073725440
8656833,1073725440,1073725440
8900833,1073725440,1073725440
9145833,1073725440,1073725440
9456833,1073725440,1073725440
9749833,1073725440,1073725440
10074833,1073725440,1073725440
10458833,1073725440,1073725440
10860833,1073725440,1073725440
11285833,1073725440,1073725440
11774833,1073725440,1073725440
12253833,1073725440,1073725440
12817833,1073725440,1073725440
13189833,1073725440,1073725440
13568833,1073725440,1073725440
13948833,1073725440,1073725440
14273833,1073725440,1073725440
14604833,1073725440,1073725440
14872833,1073725440,1073725440
15115833,1073725440,1073725440
15397833,1073725440,1073725440
15699833,1073725440,1073725440
16073833,1073725440,1073725440
16588833,1073725440,1073725440
17120833,1073725440,1073725440
17875833,1073725440,1073725440
18514833,1073725440,1073725440
19387833,1073725440,1073725440
20014833,1073725440,1073725440
20633833,1073725440,1073725440
21298833,1073725440,1073725440
22101833,1073725440,1073725440
23116833,1073725440,1073725440
24061833,1073725440,1073725440
24881833,1073725440,1073725440
25833833,1073725440,1073725440
26582833,1073725440,1073725440
27321833,1073725440,1073725440
28059833,1073725440,1073725440
28765833,1073725440,1073725440
29420833,1073725440,1073725440
30179833,1073725440,1073725440
30681833,1073725440,1073725440
31181833,1073725440,1073725440
31725833,1073725440,1073725440
32158833,1073725440,1073725440
32516833,1073725440,1073725440
32893833,1073725440,1073725440
33273833,1073725440,1073725440
33603833,1073725440,1073725440
33955833,1073725440,1073725440
34479833,1073725440,1073725440
34928833,1073725440,1073725440
35291833,1073725440,1073725440
35790833,1073725440,1073725440
36351833,1073725440,1073725440
37111833,1073725440,1073725440
38070833,1073725440,1073725440
38702833,1073725440,1073725440
39213833,1073725440,1073725440
39646833,1073725440,1073725440
40075833,1073725440,1073725440
40546833,1073725440,1073725440
40920833,1073725440,1073725440
41252833,1073725440,1073725440
41566833,1073725440,1073725440
41895833,1073725440,1073725440
42227833,1073725440,1073725440
42579833,1073725440,1073725440
42954833,1073725440,1073725440
43354833,1073725440,1073725440
43906833,1073725440,1073725440
44479833,1073725440,1073725440
45246833,1073725440,1073725440
45849833,1073725440,1073725440
46371833,1073725440,1073725440
46940833,1073725440,1073725440
47511833,1073725440,1073725440
47988833,1073725440,1073725440
48553833,1073725440,1073725440
49016833,1073725440,1073725440
49449833,1073725440,1073725440
49899833,1073725440,1073725440
50330833,1073725440,1073725440
50802833,1073725440,1073725440
51257833,1073725440,1073725440
51753833,1073725440,1073725440
52338833,1073725440,1073725440
52770833,1073725440,1073725440
53198833,1073725440,1073725440
53669833,1073725440,1073725440
54048833,1073725440,1073725440
54378833,1073725440,1073725440
54827833,1073725440,1073725440
55136833,1073725440,1073725440
55426833,1073725440,1073725440
55803833,1073725440,1073725440
56281833,1073725440,1073725440
56821833,1073725440,1073725440
57346833,1073725440,1073725440
57892833,1073725440,1073725440
58484833,1073725440,1073725440
59294833,1073725440,1073725440
