timestamp,unAck0,unAck1
611833,5672,5672
611833,5672,5672
829833,76572,5672
1052833,83662,1418
1361833,99260,1418
1935833,65228,1418
3073833,41122,1418
4493833,29778,0
4996833,32614,1418
5496833,19852,1418
6040833,18434,1418
6371833,15598,1418
6677833,24106,1418
6951833,19852,1418
7318833,26942,1418
7669833,11344,1418
8104833,8508,1418
8398833,7090,1418
8656833,11344,1418
8900833,18434,1418
9145833,17016,1418
9456833,19852,1418
9749833,24106,1418
10074833,24106,1418
10458833,25524,1418
10860833,29778,1418
11285833,28360,1418
11774833,32614,1418
12253833,17016,1418
12817833,22688,0
13189833,22688,1418
13568833,18434,1418
13948833,19852,1418
14273833,15598,1418
14604833,12762,1418
14872833,17016,1418
15115833,18434,1418
15397833,24106,1418
15699833,35450,1418
16073833,31196,1418
16588833,46794,1418
17120833,28360,1418
17875833,52466,1418
18514833,36868,1418
19387833,36868,1418
20014833,39704,1418
20633833,48212,1418
21298833,60974,1418
22101833,58138,1418
23116833,42540,1418
24061833,56720,1418
24881833,45376,1418
25833833,43958,1418
26582833,43958,1418
27321833,42540,1418
28059833,38286,1418
28765833,45376,1418
29420833,28360,1418
30179833,29778,1418
30681833,32614,1418
31181833,28360,1418
31725833,19852,1418
32158833,22688,1418
32516833,22688,1418
32893833,18434,1418
33273833,21270,1418
33603833,38286,1418
33955833,26942,1418
34479833,18434,1418
34928833,31196,1418
35291833,34032,1418
35790833,46794,1418
36351833,58138,1418
37111833,46794,1418
38070833,32614,1418
38702833,25524,1418
39213833,25524,1418
39646833,28360,1418
40075833,22688,1418
40546833,19852,1418
40920833,18434,1418
41252833,19852,1418
41566833,19852,1418
41895833,21270,1418
42227833,22688,1418
42579833,24106,1418
42954833,35450,1418
43354833,34032,1418
43906833,46794,1418
44479833,39704,1418
45246833,29778,1418
45849833,34032,1418
46371833,34032,1418
46940833,25524,1418
47511833,34032,1418
47988833,28360,1418
48553833,25524,1418
49016833,26942,1418
49449833,25524,1418
49899833,28360,1418
50330833,26942,1418
50802833,29778,1418
51257833,35450,1418
51753833,24106,1418
52338833,25524,1418
52770833,28360,1418
53198833,24106,1418
53669833,18434,1418
54048833,28360,1418
54378833,14180,1418
54827833,15598,0
55136833,24106,1418
55426833,31196,1418
55803833,32614,1418
56281833,31196,1418
56821833,32614,1418
57346833,35450,1418
57892833,49630,1418
58484833,45376,1418
59294833,35450,1418
