timestamp,lastAckedSeq,highTxMark,availableTxBuffer,nextTxSeq,totalCwnd,unAckMeta
611833,5673,17017,1158,17017,11344,11344
611833,5673,17017,1158,17017,78109,11344
829833,11345,93589,1158,93589,78109,82244
1052833,29779,114859,1158,114859,86168,85080
1361833,48213,150309,1158,150309,100974,102096
1935833,82245,154563,1158,154563,53753,72318
3073833,160235,205611,1158,205611,43922,45376
4493833,252405,285019,1158,285019,31778,32614
4996833,286437,323305,1158,323305,35074,36868
5496833,317633,341739,1158,341739,21435,24106
6040833,355919,375771,1158,375771,21099,19852
6371833,377189,394205,1158,394205,17880,17016
6677833,397041,423983,1158,423983,25676,26942
6951833,414057,436745,1158,436745,21426,22688
7318833,439581,467941,1158,467941,28581,28360
7669833,462269,476449,2576,476449,14568,14180
8104833,484957,494883,1158,494883,10196,9926
8398833,494883,503391,1158,503391,9616,8508
8656833,506227,518989,1158,518989,13092,12762
8900833,518989,538841,1158,538841,20883,19852
9145833,534587,553021,1158,553021,19218,18434
9456833,554439,575709,1158,575709,21734,21270
9749833,574291,601233,1158,601233,26001,26942
10074833,594143,621085,1158,621085,26053,26942
10458833,619667,648027,1158,648027,28258,28360
10860833,645191,677805,1158,677805,31562,32614
11285833,673551,704747,1158,704747,30579,31196
11774833,706165,741615,2576,741615,36283,35450
12253833,737361,757213,1158,757213,19759,19852
12817833,774229,798335,1158,798335,24432,24106
13189833,799753,823859,1158,823859,24527,24106
13568833,823859,845129,1158,845129,19935,21270
13948833,849383,870653,1158,870653,22119,21270
14273833,869235,887669,1158,887669,17170,18434
14604833,890505,904685,1158,904685,15366,14180
14872833,907521,925955,1158,925955,19804,18434
15115833,923119,942971,1158,942971,21023,19852
15397833,941553,967077,1158,967077,25965,25524
15699833,959987,998273,1158,998273,38132,38286
16073833,984093,1018125,1158,1018125,33120,34032
16588833,1018125,1067755,1158,1067755,49350,49630
17120833,1050739,1084771,1158,1084771,31087,34032
17875833,1101787,1158507,1158,1158507,54226,56720
18514833,1141491,1182613,1158,1182613,39439,41122
19387833,1199629,1240751,1158,1240751,39400,41122
20014833,1240751,1284709,1158,1284709,42188,43958
20633833,1280455,1332921,1158,1332921,50231,52466
21298833,1324413,1389641,1158,1389641,62818,65228
22101833,1375461,1439271,1158,1439271,59954,63810
23116833,1443525,1490319,1158,1490319,44765,46794
24061833,1504499,1566891,1158,1566891,58430,62392
24881833,1556965,1608013,1158,1608013,47750,51048
25833833,1620775,1668987,1158,1668987,45605,48212
26582833,1668987,1717199,1158,1717199,46243,48212
27321833,1717199,1763993,1158,1763993,44856,46794
28059833,1766829,1807951,1158,1807951,40593,41122
28765833,1812205,1861835,1158,1861835,47264,49630
29420833,1854745,1887359,1158,1887359,30357,32614
30179833,1905793,1938407,1158,1938407,31282,32614
30681833,1938407,1973857,1158,1973857,35196,35450
31181833,1971021,2002217,1158,2002217,30969,31196
31725833,2007889,2030577,1158,2030577,21629,22688
32158833,2036249,2061773,1158,2061773,25025,25524
32516833,2058937,2084461,1158,2084461,24319,25524
32893833,2084461,2105731,1158,2105731,21203,21270
33273833,2109985,2132673,1158,2132673,23980,22688
33603833,2129837,2170959,1158,2170959,40759,41122
33955833,2151107,2182303,1158,2182303,28911,31196
34479833,2187975,2207827,1158,2207827,20478,19852
34928833,2216335,2250367,1158,2250367,33858,34032
35291833,2239023,2277309,1158,2277309,35778,38286
35790833,2271637,2322685,1158,2322685,49218,51048
36351833,2308505,2370897,1158,2370897,59773,62392
37111833,2355299,2407765,1158,2407765,49571,52466
38070833,2421945,2457395,1158,2457395,35184,35450
38702833,2463067,2491427,1158,2491427,27929,28360
39213833,2495681,2524041,1158,2524041,27562,28360
39646833,2525459,2556655,1158,2556655,30346,31196
40075833,2553819,2579343,1158,2579343,25548,25524
40546833,2583597,2606285,1158,2606285,21849,22688
40920833,2609121,2628973,1158,2628973,21273,19852
41252833,2630391,2653079,1158,2653079,22439,22688
41566833,2651661,2672931,1158,2672931,22545,21270
41895833,2672931,2695619,1158,2695619,23799,22688
42227833,2694201,2719725,1158,2719725,25409,25524
42579833,2716889,2742413,1158,2742413,26477,25524
42954833,2740995,2779281,1158,2779281,37357,38286
43354833,2766519,2803387,1158,2803387,36714,36868
43906833,2801969,2853017,1158,2853017,48628,51048
44479833,2838837,2882795,1158,2882795,41845,43958
45246833,2889885,2922499,1158,2922499,32561,32614
45849833,2928171,2966457,1158,2966457,35926,38286
46371833,2963621,3000489,1158,3000489,36778,36868
46940833,3001907,3028849,1158,3028849,27851,26942
47511833,3037357,3075643,1158,3075643,36177,38286
47988833,3068553,3101167,1158,3101167,29997,32614
48553833,3106839,3135199,1158,3135199,27187,28360
49016833,3136617,3166395,1158,3166395,28882,29778
49449833,3164977,3193337,1158,3193337,27959,28360
49899833,3194755,3225951,1158,3225951,30096,31196
50330833,3223115,3252893,1158,3252893,29334,29778
50802833,3254311,3286925,1158,3286925,32066,32614
51257833,3282671,3322375,1158,3322375,37379,39704
51753833,3315285,3343645,1158,3343645,26025,28360
52338833,3353571,3381931,1158,3381931,27172,28360
52770833,3381931,3413127,1158,3413127,30936,31196
53198833,3410291,3437233,1158,3437233,26609,26942
53669833,3441487,3462757,1158,3462757,20174,21270
54048833,3467011,3496789,1158,3496789,29949,29778
54378833,3488281,3505297,1158,3505297,16129,17016
54827833,3518059,3535075,2576,3535075,19791,17016
55136833,3536493,3563435,1158,3563435,26268,26942
55426833,3556345,3590377,1158,3590377,33645,34032
55803833,3579033,3615901,1158,3615901,34212,36868
56281833,3610229,3645679,1158,3645679,33746,35450
56821833,3647097,3682547,1158,3682547,35204,35450
57346833,3681129,3719415,1158,3719415,38015,38286
57892833,3716579,3769045,1158,3769045,51302,52466
58484833,3753447,3804495,1158,3804495,48007,51048
59294833,3808749,3847035,1158,3847035,38298,38286
