timestamp,unAck0,unAck1
611833,5672,5672
611833,5672,5672
829833,18434,5672
1052833,18434,1418
1361833,12762,1418
1680833,25524,1418
1946833,25524,1418
2328833,32614,1418
2751833,26942,1418
3278833,22688,1418
3715833,29778,1418
4107833,28360,1418
4595833,24106,1418
5073833,18434,1418
5451833,21270,1418
5779833,19852,1418
6131833,22688,1418
6467833,17016,1418
6840833,14180,1418
7119833,15598,1418
7369833,9926,1418
7627833,8508,1418
7870833,18434,1418
8105833,19852,1418
8406833,17016,1418
8731833,22688,1418
9028833,28360,1418
9392833,21270,1418
9840833,21270,1418
10212833,17016,1418
10571833,9926,1418
10871833,11344,1418
11125833,8508,1418
11370833,9926,1418
11606833,11344,1418
11838833,8508,1418
12073833,8508,1418
12305833,8508,1418
12536833,8508,1418
12766833,9926,1418
12996833,8508,1418
13226833,9926,1418
13456833,8508,1418
13686833,8508,1418
13916833,12762,1418
14146833,12762,1418
14385833,12762,1418
14618833,17016,1418
14849833,19852,1418
15125833,14180,1418
15441833,18434,1418
15713833,15598,1418
16013833,19852,1418
16288833,15598,1418
16607833,14180,1418
16874833,15598,1418
17121833,11344,1418
17378833,22688,1418
17619833,41122,1418
17952833,29778,1418
18395833,22688,1418
18982833,26942,1418
19414833,31196,1418
19864833,35450,1418
20399833,19852,1418
20989833,19852,1418
21333833,19852,1418
21668833,28360,1418
22001833,32614,1418
22444833,18434,1418
22973833,38286,1418
23406833,32614,1418
24026833,24106,1418
24535833,29778,1418
24970833,43958,1418
25464833,32614,1418
26157833,19852,1418
26600833,19852,1418
26941833,14180,1418
27275833,22688,1418
27550833,26942,0
27905833,18434,1418
28331833,15598,1418
28636833,22688,1418
28910833,19852,1418
29262833,22688,1418
29604833,19852,1418
29978833,15598,1418
30301833,15598,1418
30571833,9926,1418
30834833,12762,1418
31078833,14180,1418
31314833,17016,1418
31552833,15598,1418
31823833,12762,1418
32105833,18434,1418
32354833,12762,1418
32647833,15598,1418
32907833,21270,1418
33169833,18434,1418
33497833,22688,1418
33816833,19852,1418
34184833,18434,1418
34522833,19852,1418
34838833,21270,1418
35168833,22688,1418
35520833,21270,1418
35895833,18434,1418
36248833,19852,1418
36567833,42540,1418
36897833,51048,1418
37396833,51048,1418
38127833,42540,1418
38983833,39704,0
39689833,46794,1418
40360833,43958,1418
41143833,41122,1418
41871833,29778,1418
42539833,18434,1418
42927833,15598,1418
43224833,25524,1418
43495833,17016,1418
43872833,24106,1418
44211833,19852,1418
44605833,22688,1418
44957833,18434,1418
45333833,25524,1418
45660833,14180,1418
46070833,29778,1418
46396833,42540,1418
46864833,31196,0
47501833,46794,1418
48082833,58138,1418
48858833,34032,1418
49821833,31196,1418
50357833,29778,1418
50878833,26942,1418
51373833,34032,1418
51830833,38286,1418
52391833,70900,1418
53026833,48212,1418
54058833,51048,1418
54926833,41122,1418
55784833,49630,1418
56530833,65228,1418
57362833,42540,0
58449833,32614,1418
59020833,25524,1418
59553833,25524,1418
59987833,18434,0
