timestamp,rtt0,rtt1
611833,218,184
611833,218,184
829833,223,184
1052833,309,219
1361833,319,221
1680833,266,223
1946833,382,224
2328833,423,224
2751833,527,226
3278833,437,227
3715833,392,227
4107833,488,228
4595833,478,228
5073833,378,229
5451833,328,229
5779833,352,229
6131833,336,229
6467833,373,229
6840833,279,229
7119833,250,230
7369833,258,230
7627833,243,230
7870833,235,230
8105833,301,230
8406833,325,230
8731833,297,230
9028833,364,230
9392833,448,230
9840833,372,230
10212833,359,230
10571833,300,230
10871833,254,230
11125833,245,230
11370833,236,230
11606833,232,230
11838833,235,230
12073833,232,230
12305833,231,230
12536833,230,230
12766833,230,230
12996833,230,230
13226833,230,230
13456833,230,230
13686833,230,230
13916833,230,230
14146833,239,230
14385833,233,230
14618833,231,230
14849833,276,230
15125833,316,230
15441833,272,230
15713833,300,230
16013833,275,230
16288833,319,230
16607833,267,230
16874833,247,230
17121833,257,230
17378833,241,230
17619833,333,230
17952833,443,230
18395833,587,230
18982833,432,230
19414833,450,230
19864833,535,230
20399833,590,230
20989833,344,230
21333833,335,230
21668833,333,230
22001833,443,230
22444833,529,230
22973833,433,230
23406833,620,230
24026833,509,230
24535833,435,230
24970833,494,230
25464833,693,230
26157833,443,230
26600833,341,230
26941833,334,230
27275833,275,230
27550833,355,230
27905833,426,230
28331833,305,230
28636833,274,230
28910833,352,230
29262833,342,230
29604833,374,230
29978833,323,230
30301833,270,230
30571833,263,230
30834833,244,230
31078833,236,230
31314833,238,230
31552833,271,230
31823833,282,230
32105833,249,230
32354833,293,230
32647833,260,230
32907833,262,230
33169833,328,230
33497833,319,230
33816833,368,230
34184833,338,230
34522833,316,230
34838833,330,230
35168833,352,230
35520833,375,230
35895833,353,230
36248833,319,230
36567833,330,230
36897833,499,230
37396833,731,230
38127833,856,230
38983833,706,230
39689833,671,230
40360833,783,230
41143833,728,230
41871833,668,230
42539833,388,230
42927833,297,230
43224833,271,230
43495833,377,230
43872833,339,230
44211833,394,230
44605833,352,230
44957833,376,230
45333833,327,230
45660833,410,230
46070833,326,230
46396833,468,230
46864833,637,230
47501833,581,230
48082833,776,230
48858833,963,230
49821833,536,230
50357833,521,230
50878833,495,230
51373833,457,230
51830833,561,230
52391833,635,230
53026833,1032,230
54058833,868,230
54926833,858,230
55784833,746,230
56530833,832,230
57362833,1087,230
58449833,571,230
59020833,533,230
59553833,434,230
59987833,429,230
