timestamp,rWnd0,rWnd1
611833,1073725440,1073725440
611833,1073725440,1073725440
829833,1073725440,1073725440
1052833,1073725440,1073725440
1361833,1073725440,1073725440
1680833,1073725440,1073725440
1946833,1073725440,1073725440
2328833,1073725440,1073725440
2751833,1073725440,1073725440
3278833,1073725440,1073725440
3715833,1073725440,1073725440
4107833,1073725440,1073725440
4595833,1073725440,1073725440
5073833,1073725440,1073725440
5451833,1073725440,1073725440
5779833,1073725440,1073725440
6131833,1073725440,1073725440
6467833,1073725440,1073725440
6840833,1073725440,1073725440
7119833,1073725440,1073725440
7369833,1073725440,1073725440
7627833,1073725440,1073725440
7870833,1073725440,1073725440
8105833,1073725440,1073725440
8406833,1073725440,1073725440
8731833,1073725440,1073725440
9028833,1073725440,1073725440
9392833,1073725440,1073725440
9840833,1073725440,1073725440
10212833,1073725440,1073725440
10571833,1073725440,1073725440
10871833,1073725440,1073725440
11125833,1073725440,1073725440
11370833,1073725440,1073725440
11606833,1073725440,1073725440
11838833,1073725440,1073725440
12073833,1073725440,1073725440
12305833,1073725440,1073725440
12536833,1073725440,1073725440
12766833,1073725440,1073725440
12996833,1073725440,1073725440
13226833,1073725440,1073725440
13456833,1073725440,1073725440
13686833,1073725440,1073725440
13916833,1073725440,1073725440
14146833,1073725440,1073725440
14385833,1073725440,1073725440
14618833,1073725440,1073725440
14849833,1073725440,1073725440
15125833,1073725440,1073725440
15441833,1073725440,1073725440
15713833,1073725440,1073725440
16013833,1073725440,1073725440
16288833,1073725440,1073725440
16607833,1073725440,1073725440
16874833,1073725440,1073725440
17121833,1073725440,1073725440
17378833,1073725440,1073725440
17619833,1073725440,1073725440
17952833,1073725440,1073725440
18395833,1073725440,1073725440
18982833,1073725440,1073725440
19414833,1073725440,1073725440
19864833,1073725440,1073725440
20399833,1073725440,1073725440
20989833,1073725440,1073725440
21333833,1073725440,1073725440
21668833,1073725440,1073725440
22001833,1073725440,1073725440
22444833,1073725440,1073725440
22973833,1073725440,1073725440
23406833,1073725440,1073725440
24026833,1073725440,1073725440
24535833,1073725440,1073725440
24970833,1073725440,1073725440
25464833,1073725440,1073725440
26157833,1073725440,1073725440
26600833,1073725440,1073725440
26941833,1073725440,1073725440
27275833,1073725440,1073725440
27550833,1073725440,1073725440
27905833,1073725440,1073725440
28331833,1073725440,1073725440
28636833,1073725440,1073725440
28910833,1073725440,1073725440
29262833,1073725440,1073725440
29604833,1073725440,1073725440
29978833,1073725440,1073725440
30301833,1073725440,1073725440
30571833,1073725440,1073725440
30834833,1073725440,1073725440
31078833,1073725440,1073725440
31314833,1073725440,1073725440
31552833,1073725440,1073725440
31823833,1073725440,1073725440
32105833,1073725440,1073725440
32354833,1073725440,1073725440
32647833,1073725440,1073725440
32907833,1073725440,1073725440
33169833,1073725440,1073725440
33497833,1073725440,1073725440
33816833,1073725440,1073725440
34184833,1073725440,1073725440
34522833,1073725440,1073725440
34838833,1073725440,1073725440
35168833,1073725440,1073725440
35520833,1073725440,1073725440
35895833,1073725440,1073725440
36248833,1073725440,1073725440
36567833,1073725440,1073725440
36897833,1073725440,1073725440
37396833,1073725440,1073725440
38127833,1073725440,1073725440
38983833,1073725440,1073725440
39689833,1073725440,1073725440
40360833,1073725440,1073725440
41143833,1073725440,1073725440
41871833,1073725440,1073725440
42539833,1073725440,1073725440
42927833,1073725440,1073725440
43224833,1073725440,1073725440
43495833,1073725440,1073725440
43872833,1073725440,1073725440
44211833,1073725440,1073725440
44605833,1073725440,1073725440
44957833,1073725440,1073725440
45333833,1073725440,1073725440
45660833,1073725440,1073725440
46070833,1073725440,1073725440
46396833,1073725440,1073725440
46864833,1073725440,1073725440
47501833,1073725440,1073725440
48082833,1073725440,1073725440
48858833,1073725440,1073725440
49821833,1073725440,1073725440
50357833,1073725440,1073725440
50878833,1073725440,1073725440
51373833,1073725440,1073725440
51830833,1073725440,1073725440
52391833,1073725440,1073725440
53026833,1073725440,1073725440
54058833,1073725440,1073725440
54926833,1073725440,1073725440
55784833,1073725440,1073725440
56530833,1073725440,1073725440
57362833,1073725440,1073725440
58449833,1073725440,1073725440
59020833,1073725440,1073725440
59553833,1073725440,1073725440
59987833,1073725440,1073725440
