timestamp,availableTxBuffer0,availableTxBuffer1
611833,246472,246472
611833,246472,246472
829833,233710,246472
1052833,233710,250726
1361833,239382,250726
1680833,226620,250726
1946833,226620,250726
2328833,219530,250726
2751833,225202,250726
3278833,229456,250726
3715833,222366,250726
4107833,223784,250726
4595833,228038,250726
5073833,233710,250726
5451833,230874,250726
5779833,232292,250726
6131833,229456,250726
6467833,235128,250726
6840833,237964,250726
7119833,236546,250726
7369833,242218,250726
7627833,243636,250726
7870833,233710,250726
8105833,232292,250726
8406833,235128,250726
8731833,229456,250726
9028833,223784,250726
9392833,230874,250726
9840833,230874,250726
10212833,235128,250726
10571833,242218,250726
10871833,240800,250726
11125833,243636,250726
11370833,242218,250726
11606833,240800,250726
11838833,243636,250726
12073833,243636,250726
12305833,243636,250726
12536833,243636,250726
12766833,242218,250726
12996833,243636,250726
13226833,242218,250726
13456833,243636,250726
13686833,243636,250726
13916833,239382,250726
14146833,239382,250726
14385833,239382,250726
14618833,235128,250726
14849833,232292,250726
15125833,237964,250726
15441833,233710,250726
15713833,236546,250726
16013833,232292,250726
16288833,236546,250726
16607833,237964,250726
16874833,236546,250726
17121833,240800,250726
17378833,229456,250726
17619833,211022,250726
17952833,222366,250726
18395833,229456,250726
18982833,225202,250726
19414833,220948,250726
19864833,216694,250726
20399833,232292,250726
20989833,232292,250726
21333833,232292,250726
21668833,223784,250726
22001833,219530,250726
22444833,233710,250726
22973833,213858,250726
23406833,219530,250726
24026833,228038,250726
24535833,222366,250726
24970833,208186,250726
25464833,219530,250726
26157833,232292,250726
26600833,232292,250726
26941833,237964,250726
27275833,229456,250726
27550833,225202,252144
27905833,233710,250726
28331833,236546,250726
28636833,229456,250726
28910833,232292,250726
29262833,229456,250726
29604833,232292,250726
29978833,236546,250726
30301833,236546,250726
30571833,242218,250726
30834833,239382,250726
31078833,237964,250726
31314833,235128,250726
31552833,236546,250726
31823833,239382,250726
32105833,233710,250726
32354833,239382,250726
32647833,236546,250726
32907833,230874,250726
33169833,233710,250726
33497833,229456,250726
33816833,232292,250726
34184833,233710,250726
34522833,232292,250726
34838833,230874,250726
35168833,229456,250726
35520833,230874,250726
35895833,233710,250726
36248833,232292,250726
36567833,209604,250726
36897833,201096,250726
37396833,201096,250726
38127833,209604,250726
38983833,212440,252144
39689833,205350,250726
40360833,208186,250726
41143833,211022,250726
41871833,222366,250726
42539833,233710,250726
42927833,236546,250726
43224833,226620,250726
43495833,235128,250726
43872833,228038,250726
44211833,232292,250726
44605833,229456,250726
44957833,233710,250726
45333833,226620,250726
45660833,237964,250726
46070833,222366,250726
46396833,209604,250726
46864833,220948,252144
47501833,205350,250726
48082833,194006,250726
48858833,218112,250726
49821833,220948,250726
50357833,222366,250726
50878833,225202,250726
51373833,218112,250726
51830833,213858,250726
52391833,181244,250726
53026833,203932,250726
54058833,201096,250726
54926833,211022,250726
55784833,202514,250726
56530833,186916,250726
57362833,209604,252144
58449833,219530,250726
59020833,226620,250726
59553833,226620,250726
59987833,233710,252144
