timestamp,cWnd0,cWnd1
611833,5672,5672
611833,18455,1500
829833,18455,1500
1052833,18760,1500
1361833,14020,1500
1680833,26485,1500
1946833,26569,1500
2328833,32913,1500
2751833,27097,1500
3278833,23299,1500
3715833,29840,1500
4107833,29246,1500
4595833,24379,1500
5073833,19145,1500
5451833,22106,1500
5779833,20436,1500
6131833,22842,1500
6467833,17902,1500
6840833,14411,1500
7119833,16085,1500
7369833,10261,1500
7627833,9722,1500
7870833,19396,1500
8105833,20944,1500
8406833,17548,1500
8731833,23320,1500
9028833,29303,1500
9392833,22449,1500
9840833,22483,1500
10212833,17387,1500
10571833,10429,1500
10871833,11921,1500
11125833,9399,1500
11370833,10604,1500
11606833,12271,1500
11838833,9420,1500
12073833,8586,1500
12305833,9262,1500
12536833,8757,1500
12766833,10915,1500
12996833,8869,1500
13226833,10691,1500
13456833,9103,1500
13686833,9907,1500
13916833,13602,1500
14146833,13381,1500
14385833,13159,1500
14618833,18064,1500
14849833,20274,1500
15125833,15232,1500
15441833,18521,1500
15713833,15987,1500
16013833,20283,1500
16288833,16151,1500
16607833,15136,1500
16874833,16920,1500
17121833,11491,1500
17378833,23295,1500
17619833,41529,1500
17952833,30398,1500
18395833,23363,1500
18982833,27424,1500
19414833,33000,1500
19864833,35549,1500
20399833,20721,1500
20989833,20854,1500
21333833,20503,1500
21668833,28686,1500
22001833,32959,1500
22444833,20405,1500
22973833,38594,1500
23406833,33277,1500
24026833,25294,1500
24535833,29892,1500
24970833,45324,1500
25464833,32905,1500
26157833,21174,1500
26600833,20005,1500
26941833,14284,1500
27275833,22702,1500
27550833,27842,1500
27905833,19060,1500
28331833,15618,1500
28636833,23357,1500
28910833,20841,1500
29262833,23824,1500
29604833,21198,1500
29978833,16587,1500
30301833,16222,1500
30571833,9958,1500
30834833,13713,1500
31078833,14849,1500
31314833,17278,1500
31552833,17072,1500
31823833,13366,1500
32105833,18778,1500
32354833,13908,1500
32647833,16484,1500
32907833,21352,1500
33169833,18718,1500
33497833,22814,1500
33816833,20052,1500
34184833,18473,1500
34522833,20398,1500
34838833,22617,1500
35168833,23182,1500
35520833,22362,1500
35895833,18644,1500
36248833,20898,1500
36567833,43014,1500
36897833,51746,1500
37396833,52037,1500
38127833,44655,1500
38983833,41071,1500
39689833,47384,1500
40360833,44123,1500
41143833,41375,1500
41871833,30981,1500
42539833,19646,1500
42927833,16722,1500
43224833,26181,1500
43495833,17831,1500
43872833,24330,1500
44211833,20621,1500
44605833,23317,1500
44957833,19537,1500
45333833,26490,1500
45660833,15198,1500
46070833,30468,1500
46396833,43077,1500
46864833,33438,1500
47501833,47305,1500
48082833,59238,1500
48858833,35289,1500
49821833,31286,1500
50357833,29944,1500
50878833,27096,1500
51373833,34688,1500
51830833,39459,1500
52391833,71982,1500
53026833,49219,1500
54058833,52347,1500
54926833,42002,1500
55784833,50335,1500
56530833,65228,1500
57362833,43085,1500
58449833,33876,1500
59020833,26681,1500
59553833,26163,1500
59987833,18988,1500
