timestamp,lastAckedSeq,highTxMark,availableTxBuffer,nextTxSeq,totalCwnd,unAckMeta
611833,5673,17017,1158,17017,11344,11344
611833,5673,17017,1158,17017,19955,11344
829833,11345,35451,1158,35451,19955,24106
1052833,29779,49631,1158,49631,20260,19852
1361833,49631,63811,1158,63811,15520,14180
1680833,69483,97843,1158,97843,27985,28360
1946833,86499,114859,1158,114859,28069,28360
2328833,112023,146055,1158,146055,34413,34032
2751833,138965,168743,1158,168743,28597,29778
3278833,174415,198521,1158,198521,24799,24106
3715833,201357,233971,1158,233971,31340,32614
4107833,228299,259495,1158,259495,30746,31196
4595833,259495,286437,1158,286437,25879,26942
5073833,292109,311961,1158,311961,20645,19852
5451833,316215,340321,1158,340321,23606,24106
5779833,337485,360173,1158,360173,21936,22688
6131833,360173,384279,1158,384279,24342,24106
6467833,381443,401295,1158,401295,19402,19852
6840833,406967,422565,1158,422565,15911,15598
7119833,425401,443835,1158,443835,17585,18434
7369833,440999,453761,1158,453761,11761,12762
7627833,453761,463687,1158,463687,11222,9926
7870833,465105,484957,1158,484957,20896,19852
8105833,479285,501973,1158,501973,22444,22688
8406833,499137,517571,1158,517571,19048,18434
8731833,520407,544513,1158,544513,24820,24106
9028833,540259,571455,1158,571455,30803,31196
9392833,562947,587053,1158,587053,23949,24106
9840833,594143,616831,2576,616831,23983,22688
10212833,616831,636683,1158,636683,18887,19852
10571833,636683,648027,1158,648027,11929,11344
10871833,652281,665043,1158,665043,13421,12762
11125833,665043,674969,1158,674969,10899,9926
11370833,676387,687731,1158,687731,12104,11344
11606833,687731,700493,1158,700493,13771,12762
11838833,700493,710419,1158,710419,10920,9926
12073833,710419,720345,1158,720345,10086,9926
12305833,720345,730271,1158,730271,10762,9926
12536833,730271,740197,1158,740197,10257,9926
12766833,740197,751541,1158,751541,12415,11344
12996833,751541,761467,1158,761467,10369,9926
13226833,761467,772811,1158,772811,12191,11344
13456833,772811,782737,1158,782737,10603,9926
13686833,782737,792663,1158,792663,11407,9926
13916833,792663,806843,1158,806843,15102,14180
14146833,806843,821023,1158,821023,14881,14180
14385833,821023,835203,1158,835203,14659,14180
14618833,835203,853637,1158,853637,19564,18434
14849833,850801,872071,1158,872071,21774,21270
15125833,869235,884833,1158,884833,16732,15598
15441833,889087,910357,1158,910357,20021,21270
15713833,907521,924537,1158,924537,17487,17016
16013833,927373,948643,1158,948643,21783,21270
16288833,944389,961405,1158,961405,17651,17016
16607833,967077,982675,1158,982675,16636,15598
16874833,984093,1001109,1158,1001109,18420,17016
17121833,999691,1012453,1158,1012453,12991,12762
17378833,1013871,1037977,1158,1037977,24795,24106
17619833,1028051,1072009,1158,1072009,43029,43958
17952833,1049321,1081935,1158,1081935,31898,32614
18395833,1079099,1104623,1158,1104623,24863,25524
18982833,1117385,1147163,1158,1147163,28924,29778
19414833,1147163,1179777,3994,1179777,34500,32614
19864833,1174105,1212391,1158,1212391,37049,38286
20399833,1209555,1233661,1158,1233661,22221,24106
20989833,1250677,1271947,1158,1271947,22354,21270
21333833,1271947,1293217,1158,1293217,22003,21270
21668833,1293217,1324413,1158,1324413,30186,31196
22001833,1314487,1349937,1158,1349937,34459,35450
22444833,1344265,1365535,2576,1365535,21905,21270
22973833,1378297,1419419,1158,1419419,40094,41122
23406833,1405239,1442107,1158,1442107,34777,36868
24026833,1447779,1474721,1158,1474721,26794,26942
24535833,1480393,1513007,1158,1513007,31392,32614
24970833,1508753,1555547,1158,1555547,46824,46794
25464833,1539949,1576817,1158,1576817,34405,36868
26157833,1586743,1609431,1158,1609431,22674,22688
26600833,1616521,1639209,1158,1639209,21505,22688
26941833,1639209,1654807,1158,1654807,15784,15598
27275833,1660479,1684585,1158,1684585,24202,24106
27550833,1677495,1705855,1158,1705855,29342,28360
27905833,1700183,1721453,1158,1721453,20560,21270
28331833,1729961,1746977,1158,1746977,17118,17016
28636833,1749813,1773919,1158,1773919,24857,24106
28910833,1766829,1788099,1158,1788099,22341,21270
29262833,1789517,1815041,1158,1815041,25324,25524
29604833,1810787,1833475,1158,1833475,22698,22688
29978833,1837729,1854745,1158,1854745,18087,17016
30301833,1858999,1876015,1158,1876015,17722,17016
30571833,1876015,1887359,1158,1887359,11458,11344
30834833,1888777,1902957,1158,1902957,15213,14180
31078833,1904375,1919973,1158,1919973,16349,15598
31314833,1919973,1938407,1158,1938407,18778,18434
31552833,1935571,1952587,2576,1952587,18572,17016
31823833,1952587,1966767,1158,1966767,14866,14180
32105833,1969603,1990873,1158,1990873,20278,21270
32354833,1985201,2000799,1158,2000799,15408,15598
32647833,2005053,2022069,1158,2022069,17984,17016
32907833,2022069,2044757,1158,2044757,22852,22688
33169833,2039085,2058937,1158,2058937,20218,19852
33497833,2060355,2085879,1158,2085879,24314,25524
33816833,2080207,2102895,1158,2102895,21552,22688
34184833,2104313,2124165,1158,2124165,19973,19852
34522833,2127001,2149689,1158,2149689,21898,22688
34838833,2148271,2170959,1158,2170959,24117,22688
35168833,2169541,2195065,1158,2195065,24682,25524
35520833,2190811,2214917,1158,2214917,23862,24106
35895833,2216335,2237605,1158,2237605,20144,21270
36248833,2240441,2261711,1158,2261711,22398,21270
36567833,2260293,2304251,1158,2304251,44514,43958
36897833,2280145,2335447,1158,2335447,53246,55302
37396833,2311341,2368061,1158,2368061,53537,56720
38127833,2359553,2407765,2576,2407765,46155,48212
38983833,2416273,2458813,1158,2458813,42571,42540
39689833,2461649,2512697,1158,2512697,48884,51048
40360833,2505607,2553819,1158,2553819,45623,48212
41143833,2558073,2603449,1158,2603449,42875,45376
41871833,2604867,2638899,1158,2638899,32481,34032
42539833,2650243,2670095,1158,2670095,21146,19852
42927833,2677185,2694201,1158,2694201,18222,17016
43224833,2695619,2722561,1158,2722561,27681,26942
43495833,2712635,2731069,1158,2731069,19331,18434
43872833,2736741,2763683,1158,2763683,25830,26942
44211833,2759429,2780699,1158,2780699,22121,21270
44605833,2784953,2810477,1158,2810477,24817,25524
44957833,2809059,2830329,1158,2830329,21037,21270
45333833,2833165,2860107,1158,2860107,27990,26942
45660833,2854435,2870033,1158,2870033,16698,15598
46070833,2879959,2912573,1158,2912573,31968,32614
46396833,2901229,2948023,1158,2948023,44577,46794
46864833,2932425,2966457,3994,2966457,34938,34032
47501833,2972129,3023177,1158,3023177,48805,51048
48082833,3010415,3074225,1158,3074225,60738,63810
48858833,3060045,3099749,1158,3099749,36789,39704
49821833,3125273,3159305,1158,3159305,32786,34032
50357833,3160723,3193337,1158,3193337,31444,32614
50878833,3194755,3224533,1158,3224533,28596,29778
51373833,3225951,3262819,1158,3262819,36188,36868
51830833,3257147,3298269,1158,3298269,40959,41122
52391833,3292597,3367751,1158,3367751,73482,75154
53026833,3330883,3386185,1158,3386185,50719,55302
54058833,3400365,3457085,1158,3457085,53847,56720
54926833,3457085,3502461,1158,3502461,43502,45376
55784833,3512387,3567689,1158,3567689,51835,55302
56530833,3560599,3631499,1158,3631499,66728,70900
57362833,3614483,3662695,1158,3662695,44585,48212
58449833,3689637,3725087,1158,3725087,35376,35450
59020833,3727923,3754865,1158,3754865,28181,26942
59553833,3761955,3790315,1158,3790315,27663,28360
59987833,3790315,3810167,1158,3810167,20488,19852
