timestamp,rtt0,rtt1
611833,218,184
611833,218,184
829833,223,184
1052833,309,219
1361833,420,221
1781833,261,223
2042833,242,224
2284833,239,224
2523833,325,225
2848833,356,226
3204833,318,227
3522833,254,227
3776833,238,228
4014833,233,228
4247833,231,228
4478833,231,228
4709833,230,229
4939833,230,229
5169833,230,229
5399833,230,229
5629833,231,229
5860833,230,229
6090833,230,229
6320833,230,229
6550833,231,230
6781833,230,230
7011833,231,230
7242833,231,230
7473833,243,230
7716833,236,230
7952833,234,230
8186833,233,230
8419833,232,230
8651833,236,230
8887833,233,230
9120833,231,230
9351833,236,230
9587833,232,230
9819833,253,230
10072833,304,230
10376833,374,230
10750833,268,230
11018833,242,230
11260833,241,230
11501833,256,230
11757833,243,230
12000833,234,230
12234833,334,230
12568833,454,230
13022833,716,230
13738833,901,230
14639833,1067,230
15706833,726,230
16432833,660,230
17092833,622,230
17714833,454,230
18168833,431,230
18599833,450,230
19049833,418,230
19467833,361,230
19828833,459,230
20287833,474,230
20761833,437,230
21198833,536,230
21734833,404,230
22138833,426,230
22564833,490,230
23054833,582,230
23636833,638,230
24274833,688,230
24962833,278,230
25240833,252,230
25492833,387,230
25879833,443,230
26322833,319,230
26641833,311,230
26952833,253,230
27205833,237,230
27442833,233,230
27675833,331,230
28006833,397,230
28403833,366,230
28769833,568,230
29337833,357,230
29694833,307,230
30001833,367,230
30368833,343,230
30711833,548,230
31259833,620,230
31879833,664,230
32543833,617,230
33160833,474,230
33634833,498,230
34132833,477,230
34609833,476,230
35085833,306,230
35391833,291,230
35682833,418,230
36100833,420,230
36520833,347,230
36867833,395,230
37262833,480,230
37742833,539,230
38281833,612,230
38893833,729,230
39622833,534,230
40156833,440,230
40596833,342,230
40938833,354,230
41292833,296,230
41588833,287,230
41875833,340,230
42215833,456,230
42671833,421,230
43092833,449,230
43541833,409,230
43950833,405,230
44355833,380,230
44735833,360,230
45095833,269,230
45364833,253,230
45617833,285,230
45902833,249,230
46151833,239,230
46390833,244,230
46634833,236,230
46870833,233,230
47103833,231,230
47334833,231,230
47565833,290,230
47855833,336,230
48191833,290,230
48481833,380,230
48861833,287,230
49148833,266,230
49414833,262,230
49676833,387,230
50063833,407,230
50470833,405,230
50875833,385,230
51260833,501,230
51761833,682,230
52443833,715,230
53158833,388,230
53546833,381,230
53927833,422,230
54349833,278,230
54627833,249,230
54876833,240,230
55116833,276,230
55392833,384,230
55776833,443,230
56219833,451,230
56670833,452,230
57122833,649,230
57771833,613,230
58384833,778,230
59162833,586,230
59748833,572,230
