timestamp,unAck0,unAck1
611833,5672,5672
611833,5672,5672
829833,26942,5672
1052833,18434,1418
1361833,15598,1418
1781833,14180,1418
2042833,14180,1418
2284833,22688,1418
2523833,21270,1418
2848833,18434,1418
3204833,9926,1418
3522833,12762,1418
3776833,12762,1418
4014833,8508,1418
4247833,7090,1418
4478833,7090,1418
4709833,8508,1418
4939833,8508,1418
5169833,5672,1418
5399833,7090,1418
5629833,7090,1418
5860833,5672,1418
6090833,5672,1418
6320833,7090,1418
6550833,5672,1418
6781833,7090,1418
7011833,7090,1418
7242833,11344,1418
7473833,8508,1418
7716833,4254,1418
7952833,5672,1418
8186833,5672,1418
8419833,7090,1418
8651833,8508,1418
8887833,7090,1418
9120833,9926,1418
9351833,9926,1418
9587833,14180,1418
9819833,19852,1418
10072833,24106,1418
10376833,14180,1418
10750833,12762,1418
11018833,14180,1418
11260833,15598,1418
11501833,14180,1418
11757833,12762,1418
12000833,24106,1418
12234833,43958,1418
12568833,53884,1418
13022833,53884,1418
13738833,63810,1418
14639833,51048,1418
15706833,39704,1418
16432833,36868,1418
17092833,28360,1418
17714833,25524,1418
18168833,26942,1418
18599833,25524,0
19049833,19852,1418
19467833,28360,1418
19828833,28360,1418
20287833,25524,1418
20761833,32614,1418
21198833,18434,1418
21734833,25524,1418
22138833,29778,1418
22564833,35450,1418
23054833,38286,1418
23636833,41122,1418
24274833,24106,1418
24962833,14180,1418
25240833,31196,1418
25492833,21270,1418
25879833,18434,1418
26322833,18434,1418
26641833,14180,1418
26952833,11344,1418
27205833,11344,1418
27442833,25524,1418
27675833,22688,1418
28006833,21270,1418
28403833,38286,1418
28769833,19852,1418
29337833,17016,1418
29694833,22688,1418
30001833,19852,1418
30368833,38286,1418
30711833,36868,1418
31259833,38286,1418
31879833,38286,1418
32543833,25524,1418
33160833,29778,1418
33634833,28360,1418
34132833,28360,1418
34609833,18434,1418
35085833,17016,1418
35391833,28360,1418
35682833,24106,1418
36100833,18434,1418
36520833,24106,1418
36867833,29778,1418
37262833,32614,1418
37742833,36868,1418
38281833,43958,1418
38893833,35450,1418
39622833,28360,1418
40156833,18434,1418
40596833,21270,1418
40938833,17016,1418
41292833,17016,1418
41588833,21270,1418
41875833,31196,1418
42215833,22688,0
42671833,26942,1418
43092833,24106,1418
43541833,24106,1418
43950833,22688,1418
44355833,21270,1418
44735833,11344,1418
45095833,5672,1418
45364833,12762,1418
45617833,9926,1418
45902833,12762,1418
46151833,12762,1418
46390833,9926,1418
46634833,9926,1418
46870833,9926,1418
47103833,12762,1418
47334833,18434,1418
47565833,21270,1418
47855833,15598,0
48191833,24106,1418
48481833,15598,1418
48861833,15598,1418
49148833,14180,1418
49414833,28360,1418
49676833,22688,1418
50063833,24106,1418
50470833,22688,1418
50875833,31196,1418
51260833,43958,1418
51761833,42540,1418
52443833,21270,1418
53158833,22688,1418
53546833,25524,1418
53927833,14180,1418
54349833,7090,1418
54627833,7090,1418
54876833,15598,1418
55116833,29778,1418
55392833,25524,1418
55776833,26942,1418
56219833,26942,1418
56670833,41122,0
57122833,35450,1418
57771833,46794,1418
58384833,35450,1418
59162833,34032,1418
59748833,36868,1418
