timestamp,cWnd0,cWnd1
611833,5672,5672
611833,27727,1500
829833,27727,1500
1052833,19148,1500
1361833,15615,1500
1781833,14677,1500
2042833,15443,1500
2284833,23410,1500
2523833,22159,1500
2848833,19763,1500
3204833,10713,1500
3522833,13799,1500
3776833,12829,1500
4014833,9851,1500
4247833,7585,1500
4478833,7943,1500
4709833,9807,1500
4939833,9022,1500
5169833,6407,1500
5399833,8394,1500
5629833,8470,1500
5860833,6452,1500
6090833,6838,1500
6320833,8340,1500
6550833,6966,1500
6781833,7490,1500
7011833,8208,1500
7242833,11971,1500
7473833,8869,1500
7716833,4905,1500
7952833,6729,1500
8186833,5869,1500
8419833,9533,1500
8651833,8882,1500
8887833,8004,1500
9120833,10477,1500
9351833,10247,1500
9587833,15369,1500
9819833,20393,1500
10072833,24309,1500
10376833,14998,1500
10750833,13863,1500
11018833,15242,1500
11260833,15758,1500
11501833,15382,1500
11757833,12899,1500
12000833,24581,1500
12234833,44847,1500
12568833,54768,1500
13022833,54886,1500
13738833,63913,1500
14639833,51615,1500
15706833,40244,1500
16432833,39488,1500
17092833,28879,1500
17714833,26689,1500
18168833,27856,1500
18599833,26177,1500
19049833,20768,1500
19467833,28536,1500
19828833,29024,1500
20287833,26791,1500
20761833,32922,1500
21198833,18506,1500
21734833,26444,1500
22138833,30516,1500
22564833,35828,1500
23054833,39612,1500
23636833,41335,1500
24274833,24248,1500
24962833,15465,1500
25240833,32951,1500
25492833,21347,1500
25879833,18508,1500
26322833,19175,1500
26641833,14420,1500
26952833,11372,1500
27205833,12700,1500
27442833,26298,1500
27675833,23010,1500
28006833,21318,1500
28403833,39391,1500
28769833,20512,1500
29337833,17100,1500
29694833,22820,1500
30001833,20142,1500
30368833,39189,1500
30711833,37197,1500
31259833,40971,1500
31879833,39169,1500
32543833,26662,1500
33160833,29940,1500
33634833,28445,1500
34132833,28512,1500
34609833,19478,1500
35085833,17332,1500
35391833,29588,1500
35682833,25202,1500
36100833,19082,1500
36520833,25034,1500
36867833,30439,1500
37262833,33917,1500
37742833,37435,1500
38281833,45159,1500
38893833,35951,1500
39622833,29532,1500
40156833,19279,1500
40596833,22084,1500
40938833,18375,1500
41292833,17850,1500
41588833,22496,1500
41875833,31308,1500
42215833,23941,1500
42671833,27612,1500
43092833,25232,1500
43541833,24835,1500
43950833,23187,1500
44355833,22478,1500
44735833,11496,1500
45095833,6298,1500
45364833,13139,1500
45617833,10961,1500
45902833,13841,1500
46151833,14289,1500
46390833,10376,1500
46634833,11238,1500
46870833,10081,1500
47103833,13455,1500
47334833,18943,1500
47565833,21674,1500
47855833,15862,1500
48191833,25263,1500
48481833,16627,1500
48861833,16024,1500
49148833,16568,1500
49414833,29230,1500
49676833,23440,1500
50063833,25220,1500
50470833,23875,1500
50875833,31491,1500
51260833,44918,1500
51761833,43812,1500
52443833,23442,1500
53158833,23922,1500
53546833,25840,1500
53927833,14921,1500
54349833,7618,1500
54627833,7315,1500
54876833,17002,1500
55116833,31077,1500
55392833,25573,1500
55776833,27418,1500
56219833,28187,1500
56670833,42122,1500
57122833,36000,1500
57771833,47996,1500
58384833,36218,1500
59162833,34154,1500
59748833,37805,1500
