timestamp,availableTxBuffer0,availableTxBuffer1
611833,246472,246472
611833,246472,246472
829833,225202,246472
1052833,233710,250726
1361833,236546,250726
1781833,237964,250726
2042833,237964,250726
2284833,229456,250726
2523833,230874,250726
2848833,233710,250726
3204833,242218,250726
3522833,239382,250726
3776833,239382,250726
4014833,243636,250726
4247833,245054,250726
4478833,245054,250726
4709833,243636,250726
4939833,243636,250726
5169833,246472,250726
5399833,245054,250726
5629833,245054,250726
5860833,246472,250726
6090833,246472,250726
6320833,245054,250726
6550833,246472,250726
6781833,245054,250726
7011833,245054,250726
7242833,240800,250726
7473833,243636,250726
7716833,247890,250726
7952833,246472,250726
8186833,246472,250726
8419833,245054,250726
8651833,243636,250726
8887833,245054,250726
9120833,242218,250726
9351833,242218,250726
9587833,237964,250726
9819833,232292,250726
10072833,228038,250726
10376833,237964,250726
10750833,239382,250726
11018833,237964,250726
11260833,236546,250726
11501833,237964,250726
11757833,239382,250726
12000833,228038,250726
12234833,208186,250726
12568833,198260,250726
13022833,198260,250726
13738833,188334,250726
14639833,201096,250726
15706833,212440,250726
16432833,215276,250726
17092833,223784,250726
17714833,226620,250726
18168833,225202,250726
18599833,226620,252144
19049833,232292,250726
19467833,223784,250726
19828833,223784,250726
20287833,226620,250726
20761833,219530,250726
21198833,233710,250726
21734833,226620,250726
22138833,222366,250726
22564833,216694,250726
23054833,213858,250726
23636833,211022,250726
24274833,228038,250726
24962833,237964,250726
25240833,220948,250726
25492833,230874,250726
25879833,233710,250726
26322833,233710,250726
26641833,237964,250726
26952833,240800,250726
27205833,240800,250726
27442833,226620,250726
27675833,229456,250726
28006833,230874,250726
28403833,213858,250726
28769833,232292,250726
29337833,235128,250726
29694833,229456,250726
30001833,232292,250726
30368833,213858,250726
30711833,215276,250726
31259833,213858,250726
31879833,213858,250726
32543833,226620,250726
33160833,222366,250726
33634833,223784,250726
34132833,223784,250726
34609833,233710,250726
35085833,235128,250726
35391833,223784,250726
35682833,228038,250726
36100833,233710,250726
36520833,228038,250726
36867833,222366,250726
37262833,219530,250726
37742833,215276,250726
38281833,208186,250726
38893833,216694,250726
39622833,223784,250726
40156833,233710,250726
40596833,230874,250726
40938833,235128,250726
41292833,235128,250726
41588833,230874,250726
41875833,220948,250726
42215833,229456,252144
42671833,225202,250726
43092833,228038,250726
43541833,228038,250726
43950833,229456,250726
44355833,230874,250726
44735833,240800,250726
45095833,246472,250726
45364833,239382,250726
45617833,242218,250726
45902833,239382,250726
46151833,239382,250726
46390833,242218,250726
46634833,242218,250726
46870833,242218,250726
47103833,239382,250726
47334833,233710,250726
47565833,230874,250726
47855833,236546,252144
48191833,228038,250726
48481833,236546,250726
48861833,236546,250726
49148833,237964,250726
49414833,223784,250726
49676833,229456,250726
50063833,228038,250726
50470833,229456,250726
50875833,220948,250726
51260833,208186,250726
51761833,209604,250726
52443833,230874,250726
53158833,229456,250726
53546833,226620,250726
53927833,237964,250726
54349833,245054,250726
54627833,245054,250726
54876833,236546,250726
55116833,222366,250726
55392833,226620,250726
55776833,225202,250726
56219833,225202,250726
56670833,211022,252144
57122833,216694,250726
57771833,205350,250726
58384833,216694,250726
59162833,218112,250726
59748833,215276,250726
