timestamp,rWnd0,rWnd1
611833,1073725440,1073725440
611833,1073725440,1073725440
829833,1073725440,1073725440
1052833,1073725440,1073725440
1361833,1073725440,1073725440
1781833,1073725440,1073725440
2042833,1073725440,1073725440
2284833,1073725440,1073725440
2523833,1073725440,1073725440
2848833,1073725440,1073725440
3204833,1073725440,1073725440
3522833,1073725440,1073725440
3776833,1073725440,1073725440
4014833,1073725440,1073725440
4247833,1073725440,1073725440
4478833,1073725440,1073725440
4709833,1073725440,1073725440
4939833,1073725440,1073725440
5169833,1073725440,1073725440
5399833,1073725440,1073725440
5629833,1073725440,1073725440
5860833,1073725440,1073725440
6090833,1073725440,1073725440
6320833,1073725440,1073725440
6550833,1073725440,1073725440
6781833,1073725440,1073725440
7011833,1073725440,1073725440
7242833,1073725440,1073725440
7473833,1073725440,1073725440
7716833,1073725440,1073725440
7952833,1073725440,1073725440
8186833,1073725440,1073725440
8419833,1073725440,1073725440
8651833,1073725440,1073725440
8887833,1073725440,1073725440
9120833,1073725440,1073725440
9351833,1073725440,1073725440
9587833,1073725440,1073725440
9819833,1073725440,1073725440
10072833,1073725440,1073725440
10376833,1073725440,1073725440
10750833,1073725440,1073725440
11018833,1073725440,1073725440
11260833,1073725440,1073725440
11501833,1073725440,1073725440
11757833,1073725440,1073725440
12000833,1073725440,1073725440
12234833,1073725440,1073725440
12568833,1073725440,1073725440
13022833,1073725440,1073725440
13738833,1073725440,1073725440
14639833,1073725440,1073725440
15706833,1073725440,1073725440
16432833,1073725440,1073725440
17092833,1073725440,1073725440
17714833,1073725440,1073725440
18168833,1073725440,1073725440
18599833,1073725440,1073725440
19049833,1073725440,1073725440
19467833,1073725440,1073725440
19828833,1073725440,1073725440
20287833,1073725440,1073725440
20761833,1073725440,1073725440
21198833,1073725440,1073725440
21734833,1073725440,1073725440
22138833,1073725440,1073725440
22564833,1073725440,1073725440
23054833,1073725440,1073725440
23636833,1073725440,1073725440
24274833,1073725440,1073725440
24962833,1073725440,1073725440
25240833,1073725440,1073725440
25492833,1073725440,1073725440
25879833,1073725440,1073725440
26322833,1073725440,1073725440
26641833,1073725440,1073725440
26952833,1073725440,1073725440
27205833,1073725440,1073725440
27442833,1073725440,1073725440
27675833,1073725440,1073725440
28006833,1073725440,1073725440
28403833,1073725440,1073725440
28769833,1073725440,1073725440
29337833,1073725440,1073725440
29694833,1073725440,1073725440
30001833,1073725440,1073725440
30368833,1073725440,1073725440
30711833,1073725440,1073725440
31259833,1073725440,1073725440
31879833,1073725440,1073725440
32543833,1073725440,1073725440
33160833,1073725440,1073725440
33634833,1073725440,1073725440
34132833,1073725440,1073725440
34609833,1073725440,1073725440
35085833,1073725440,1073725440
35391833,1073725440,1073725440
35682833,1073725440,1073725440
36100833,1073725440,1073725440
36520833,1073725440,1073725440
36867833,1073725440,1073725440
37262833,1073725440,1073725440
37742833,1073725440,1073725440
38281833,1073725440,1073725440
38893833,1073725440,1073725440
39622833,1073725440,1073725440
40156833,1073725440,1073725440
40596833,1073725440,1073725440
40938833,1073725440,1073725440
41292833,1073725440,1073725440
41588833,1073725440,1073725440
41875833,1073725440,1073725440
42215833,1073725440,1073725440
42671833,1073725440,1073725440
43092833,1073725440,1073725440
43541833,1073725440,1073725440
43950833,1073725440,1073725440
44355833,1073725440,1073725440
44735833,1073725440,1073725440
45095833,1073725440,1073725440
45364833,1073725440,1073725440
45617833,1073725440,1073725440
45902833,1073725440,1073725440
46151833,1073725440,1073725440
46390833,1073725440,1073725440
46634833,1073725440,1073725440
46870833,1073725440,1073725440
47103833,1073725440,1073725440
47334833,1073725440,1073725440
47565833,1073725440,1073725440
47855833,1073725440,1073725440
48191833,1073725440,1073725440
48481833,1073725440,1073725440
48861833,1073725440,1073725440
49148833,1073725440,1073725440
49414833,1073725440,1073725440
49676833,1073725440,1073725440
50063833,1073725440,1073725440
50470833,1073725440,1073725440
50875833,1073725440,1073725440
51260833,1073725440,1073725440
51761833,1073725440,1073725440
52443833,1073725440,1073725440
53158833,1073725440,1073725440
53546833,1073725440,1073725440
53927833,1073725440,1073725440
54349833,1073725440,1073725440
54627833,1073725440,1073725440
54876833,1073725440,1073725440
55116833,1073725440,1073725440
55392833,1073725440,1073725440
55776833,1073725440,1073725440
56219833,1073725440,1073725440
56670833,1073725440,1073725440
57122833,1073725440,1073725440
57771833,1073725440,1073725440
58384833,1073725440,1073725440
59162833,1073725440,1073725440
59748833,1073725440,1073725440
