timestamp,lastAckedSeq,highTxMark,availableTxBuffer,nextTxSeq,totalCwnd,unAckMeta
611833,5673,17017,1158,17017,11344,11344
611833,5673,17017,1158,17017,29227,11344
829833,11345,43959,1158,43959,29227,32614
1052833,29779,49631,1158,49631,20648,19852
1361833,49631,66647,1158,66647,17115,17016
1781833,77991,93589,1158,93589,16177,15598
2042833,95007,110605,1158,110605,16943,15598
2284833,110605,134711,1158,134711,24910,24106
2523833,126203,148891,1158,148891,23659,22688
2848833,147473,168743,1158,168743,21263,21270
3204833,168743,180087,1158,180087,12213,11344
3522833,185759,199939,1158,199939,15299,14180
3776833,202775,216955,1158,216955,14329,14180
4014833,216955,226881,1158,226881,11351,9926
4247833,226881,235389,1158,235389,9085,8508
4478833,235389,243897,1158,243897,9443,8508
4709833,243897,253823,1158,253823,11307,9926
4939833,253823,263749,1158,263749,10522,9926
5169833,263749,270839,1158,270839,7907,7090
5399833,270839,279347,1158,279347,9894,8508
5629833,279347,287855,1158,287855,9970,8508
5860833,287855,294945,1158,294945,7952,7090
6090833,294945,302035,1158,302035,8338,7090
6320833,302035,310543,1158,310543,9840,8508
6550833,310543,317633,1158,317633,8466,7090
6781833,317633,326141,1158,326141,8990,8508
7011833,326141,334649,1158,334649,9708,8508
7242833,334649,347411,1158,347411,13471,12762
7473833,347411,357337,1158,357337,10369,9926
7716833,357337,363009,1158,363009,6405,5672
7952833,363009,370099,1158,370099,8229,7090
8186833,370099,377189,1158,377189,7369,7090
8419833,378607,387115,2576,387115,11033,8508
8651833,388533,398459,1158,398459,10382,9926
8887833,398459,406967,1158,406967,9504,8508
9120833,406967,418311,1158,418311,11977,11344
9351833,418311,429655,1158,429655,11747,11344
9587833,429655,445253,1158,445253,16869,15598
9819833,445253,466523,1158,466523,21893,21270
10072833,459433,486375,1158,486375,25809,26942
10376833,479285,496301,1158,496301,16498,17016
10750833,504809,518989,1158,518989,15363,14180
11018833,520407,536005,1158,536005,16742,15598
11260833,537423,554439,1158,554439,17258,17016
11501833,553021,568619,1158,568619,16882,15598
11757833,568619,582799,1158,582799,14399,14180
12000833,584217,609741,1158,609741,26081,25524
12234833,598397,645191,1158,645191,46347,46794
12568833,619667,676387,1158,676387,56268,56720
13022833,648027,706165,1158,706165,56386,58138
13738833,693403,762885,1158,762885,65413,69482
14639833,750123,808261,1158,808261,53115,58138
15706833,823859,866399,1158,866399,41744,42540
16432833,872071,911775,2576,911775,40988,39704
17092833,914611,945807,1158,945807,30379,31196
17714833,955733,984093,1158,984093,28189,28360
18168833,985511,1015289,1158,1015289,29356,29778
18599833,1013871,1040813,1158,1040813,27677,26942
19049833,1043649,1064919,1158,1064919,22268,21270
19467833,1070591,1101787,1158,1101787,30036,31196
19828833,1094697,1125893,1158,1125893,30524,31196
20287833,1124475,1152835,1158,1152835,28291,28360
20761833,1155671,1191121,1158,1191121,34422,35450
21198833,1182613,1203883,1158,1203883,20006,21270
21734833,1219481,1247841,1158,1247841,27944,28360
22138833,1246423,1277619,2576,1277619,32016,31196
22564833,1271947,1310233,1158,1310233,37328,38286
23054833,1304561,1345683,1158,1345683,41112,41122
23636833,1341429,1386805,1158,1386805,42835,45376
24274833,1382551,1410911,1158,1410911,25748,28360
24962833,1430763,1446361,1158,1446361,16965,15598
25240833,1449197,1481811,2576,1481811,34451,32614
25492833,1463377,1487483,1158,1487483,22847,24106
25879833,1490319,1510171,1158,1510171,20008,19852
26322833,1520097,1539949,1158,1539949,20675,19852
26641833,1539949,1555547,1158,1555547,15920,15598
26952833,1556965,1569727,1158,1569727,12872,12762
27205833,1572563,1585325,1158,1585325,14200,12762
27442833,1586743,1613685,1158,1613685,27798,26942
27675833,1599505,1625029,1158,1625029,24510,25524
28006833,1620775,1644881,1158,1644881,22818,24106
28403833,1647717,1688839,1158,1688839,40891,41122
28769833,1668987,1693093,1158,1693093,22012,24106
29337833,1708691,1728543,1158,1728543,18600,19852
29694833,1732797,1756903,1158,1756903,24320,24106
30001833,1752649,1773919,1158,1773919,21642,21270
30368833,1775337,1816459,1158,1816459,40689,41122
30711833,1798025,1837729,1158,1837729,38697,39704
31259833,1833475,1876015,2576,1876015,42471,42540
31879833,1871761,1914301,1158,1914301,40669,42540
32543833,1917137,1945497,1158,1945497,28162,28360
33160833,1956841,1990873,1158,1990873,31440,34032
33634833,1988037,2020651,1158,2020651,29945,32614
34132833,2022069,2053265,1158,2053265,30012,31196
34609833,2053265,2074535,1158,2074535,20978,21270
35085833,2084461,2104313,1158,2104313,18832,19852
35391833,2105731,2135509,1158,2135509,31088,29778
35682833,2122747,2149689,1158,2149689,26702,26942
36100833,2151107,2170959,1158,2170959,20582,19852
36520833,2178049,2204991,1158,2204991,26534,26942
36867833,2199319,2231933,1158,2231933,31939,32614
37262833,2226261,2261711,1158,2261711,35417,35450
37742833,2256039,2297161,1158,2297161,38935,41122
38281833,2291489,2339701,1158,2339701,46659,48212
38893833,2329775,2370897,1158,2370897,37451,41122
39622833,2380823,2412019,1158,2412019,31032,31196
40156833,2416273,2436125,1158,2436125,20779,19852
40596833,2444633,2468739,1158,2468739,23584,24106
40938833,2467321,2485755,1158,2485755,19875,18434
41292833,2490009,2509861,1158,2509861,19350,19852
41588833,2509861,2532549,1158,2532549,23996,22688
41875833,2528295,2560909,1158,2560909,32808,32614
42215833,2548147,2573671,1158,2573671,25441,25524
42671833,2580761,2609121,1158,2609121,29112,28360
43092833,2606285,2633227,1158,2633227,26732,26942
43541833,2636063,2663005,1158,2663005,26335,26942
43950833,2663005,2688529,1158,2688529,24687,25524
44355833,2689947,2712635,1158,2712635,23978,22688
44735833,2714053,2726815,1158,2726815,12996,12762
45095833,2729651,2736741,1158,2736741,7798,7090
45364833,2738159,2752339,1158,2752339,14639,14180
45617833,2752339,2763683,1158,2763683,12461,11344
45902833,2767937,2782117,1158,2782117,15341,14180
46151833,2783535,2797715,2576,2797715,15789,14180
46390833,2797715,2809059,1158,2809059,11876,11344
46634833,2809059,2820403,1158,2820403,12738,11344
46870833,2820403,2831747,1158,2831747,11581,11344
47103833,2833165,2847345,1158,2847345,14955,14180
47334833,2847345,2867197,1158,2867197,20443,19852
47565833,2861525,2884213,1158,2884213,23174,22688
47855833,2879959,2896975,1158,2896975,17362,17016
48191833,2901229,2928171,1158,2928171,26763,26942
48481833,2921081,2939515,1158,2939515,18127,18434
48861833,2948023,2965039,1158,2965039,17524,17016
49148833,2966457,2982055,2576,2982055,18068,15598
49414833,2983473,3013251,1158,3013251,30730,29778
49676833,2999071,3024595,1158,3024595,24940,25524
50063833,3024595,3051537,1158,3051537,26720,26942
50470833,3051537,3075643,1158,3075643,25375,24106
50875833,3077061,3111093,1158,3111093,32991,34032
51260833,3102585,3149379,1158,3149379,46418,46794
51761833,3133781,3180575,1158,3180575,45312,46794
52443833,3179157,3204681,2576,3204681,24942,25524
53158833,3227369,3252893,1158,3252893,25422,25524
53546833,3252893,3279835,1158,3279835,27340,26942
53927833,3276999,3294015,1158,3294015,16421,17016
54349833,3299687,3308195,1158,3308195,9118,8508
54627833,3311031,3319539,1158,3319539,8815,8508
54876833,3319539,3336555,1158,3336555,18502,17016
55116833,3335137,3366333,1158,3366333,32577,31196
55392833,3352153,3380513,1158,3380513,27073,28360
55776833,3377677,3407455,1158,3407455,28918,29778
56219833,3407455,3437233,1158,3437233,29687,29778
56670833,3435815,3478355,1158,3478355,43622,42540
57122833,3462757,3502461,1158,3502461,37500,39704
57771833,3506715,3557763,1158,3557763,49496,51048
58384833,3545001,3586123,1158,3586123,37718,41122
59162833,3598885,3635753,1158,3635753,35654,36868
59748833,3635753,3675457,1158,3675457,39305,39704
