timestamp,rWnd0,rWnd1
611833,1073725440,1073725440
611833,1073725440,1073725440
829833,1073725440,1073725440
1052833,1073725440,1073725440
1361833,1073725440,1073725440
1935833,1073725440,1073725440
3061833,1073725440,1073725440
4443833,1073725440,1073725440
5608833,1073725440,1073725440
6848833,1073725440,1073725440
7988833,1073725440,1073725440
9394833,1073725440,1073725440
10517833,1073725440,1073725440
11661833,1073725440,1073725440
13278833,1073725440,1073725440
14179833,1073725440,1073725440
15040833,1073725440,1073725440
15946833,1073725440,1073725440
16657833,1073725440,1073725440
17395833,1073725440,1073725440
17688833,1073725440,1073725440
17975833,1073725440,1073725440
18226833,1073725440,1073725440
18485833,1073725440,1073725440
18745833,1073725440,1073725440
19006833,1073725440,1073725440
19331833,1073725440,1073725440
19755833,1073725440,1073725440
20309833,1073725440,1073725440
20801833,1073725440,1073725440
21233833,1073725440,1073725440
21661833,1073725440,1073725440
22089833,1073725440,1073725440
22343833,1073725440,1073725440
22585833,1073725440,1073725440
22841833,1073725440,1073725440
23162833,1073725440,1073725440
23561833,1073725440,1073725440
23986833,1073725440,1073725440
24495833,1073725440,1073725440
25119833,1073725440,1073725440
25661833,1073725440,1073725440
26121833,1073725440,1073725440
26683833,1073725440,1073725440
27360833,1073725440,1073725440
28002833,1073725440,1073725440
28622833,1073725440,1073725440
29310833,1073725440,1073725440
29752833,1073725440,1073725440
30098833,1073725440,1073725440
30388833,1073725440,1073725440
30784833,1073725440,1073725440
31260833,1073725440,1073725440
31979833,1073725440,1073725440
33024833,1073725440,1073725440
34189833,1073725440,1073725440
35428833,1073725440,1073725440
36547833,1073725440,1073725440
37253833,1073725440,1073725440
37897833,1073725440,1073725440
38540833,1073725440,1073725440
39298833,1073725440,1073725440
39745833,1073725440,1073725440
40059833,1073725440,1073725440
40320833,1073725440,1073725440
40599833,1073725440,1073725440
41003833,1073725440,1073725440
41577833,1073725440,1073725440
42367833,1073725440,1073725440
43513833,1073725440,1073725440
44453833,1073725440,1073725440
45454833,1073725440,1073725440
46229833,1073725440,1073725440
47015833,1073725440,1073725440
48229833,1073725440,1073725440
49376833,1073725440,1073725440
50462833,1073725440,1073725440
51582833,1073725440,1073725440
52030833,1073725440,1073725440
52461833,1073725440,1073725440
53015833,1073725440,1073725440
53564833,1073725440,1073725440
54111833,1073725440,1073725440
54770833,1073725440,1073725440
55296833,1073725440,1073725440
55713833,1073725440,1073725440
56058833,1073725440,1073725440
56323833,1073725440,1073725440
56569833,1073725440,1073725440
56807833,1073725440,1073725440
57041833,1073725440,1073725440
57274833,1073725440,1073725440
57513833,1073725440,1073725440
57746833,1073725440,1073725440
58039833,1073725440,1073725440
58359833,1073725440,1073725440
58662833,1073725440,1073725440
58917833,1073725440,1073725440
59177833,1073725440,1073725440
59417833,1073725440,1073725440
59766833,1073725440,1073725440
