timestamp,rtt0,rtt1
611833,218,184
611833,218,184
829833,223,184
1052833,309,219
1361833,574,221
1935833,1126,224
3061833,1382,227
4443833,1165,228
5608833,1240,229
6848833,1140,229
7988833,1406,230
9394833,1123,230
10517833,1144,230
11661833,1617,230
13278833,901,230
14179833,861,230
15040833,906,230
15946833,711,230
16657833,738,230
17395833,293,230
17688833,287,230
17975833,251,230
18226833,259,230
18485833,260,230
18745833,261,230
19006833,325,230
19331833,424,230
19755833,554,230
20309833,492,230
20801833,432,230
21233833,428,230
21661833,428,230
22089833,254,230
22343833,242,230
22585833,256,230
22841833,321,230
23162833,399,230
23561833,425,230
23986833,509,230
24495833,624,230
25119833,542,230
25661833,460,230
26121833,562,230
26683833,677,230
27360833,642,230
28002833,620,230
28622833,688,230
29310833,442,230
29752833,346,230
30098833,290,230
30388833,396,230
30784833,476,230
31260833,719,230
31979833,1045,230
33024833,1165,230
34189833,1239,230
35428833,1119,230
36547833,706,230
37253833,644,230
37897833,643,230
38540833,758,230
39298833,447,230
39745833,314,230
40059833,261,230
40320833,279,230
40599833,404,230
41003833,574,230
41577833,790,230
42367833,1146,230
43513833,940,230
44453833,1001,230
45454833,775,230
46229833,786,230
47015833,1214,230
48229833,1147,230
49376833,1086,230
50462833,1120,230
51582833,448,230
52030833,431,230
52461833,554,230
53015833,549,230
53564833,547,230
54111833,659,230
54770833,526,230
55296833,417,230
55713833,345,230
56058833,265,230
56323833,246,230
56569833,238,230
56807833,234,230
57041833,233,230
57274833,239,230
57513833,233,230
57746833,293,230
58039833,320,230
58359833,303,230
58662833,255,230
58917833,260,230
59177833,240,230
59417833,349,230
59766833,349,230
