timestamp,availableTxBuffer0,availableTxBuffer1
611833,246472,246472
611833,246472,246472
829833,184080,246472
1052833,191170,250726
1361833,157138,250726
1935833,185498,250726
3061833,201096,252144
4443833,178408,250726
5608833,186916,250726
6848833,168482,250726
7988833,192588,250726
9394833,184080,250726
10517833,155720,250726
11661833,179826,250726
13278833,201096,250726
14179833,198260,250726
15040833,213858,250726
15946833,208186,252144
16657833,235128,250726
17395833,235128,250726
17688833,237964,250726
17975833,236546,250726
18226833,236546,250726
18485833,236546,250726
18745833,230874,250726
19006833,223784,250726
19331833,216694,250726
19755833,222366,250726
20309833,226620,250726
20801833,226620,250726
21233833,226620,250726
21661833,237964,250726
22089833,237964,250726
22343833,236546,250726
22585833,230874,250726
22841833,226620,250726
23162833,228038,250726
23561833,220948,250726
23986833,213858,250726
24495833,218112,250726
25119833,226620,250726
25661833,218112,250726
26121833,211022,250726
26683833,213858,250726
27360833,215276,250726
28002833,211022,250726
28622833,220948,250726
29310833,229456,250726
29752833,236546,250726
30098833,226620,250726
30388833,222366,250726
30784833,191170,250726
31260833,188334,250726
31979833,182662,250726
33024833,178408,250726
34189833,181244,250726
35428833,199678,250726
36547833,213858,250726
37253833,213858,250726
37897833,206768,250726
38540833,218112,250726
39298833,230874,250726
39745833,237964,250726
40059833,235128,252144
40320833,219530,250726
40599833,209604,250726
41003833,202514,250726
41577833,179826,250726
42367833,219530,250726
43513833,192588,250726
44453833,208186,250726
45454833,205350,250726
46229833,178408,250726
47015833,182662,250726
48229833,188334,250726
49376833,185498,250726
50462833,212440,250726
51582833,226620,250726
52030833,218112,250726
52461833,219530,250726
53015833,219530,250726
53564833,212440,250726
54111833,218112,250726
54770833,225202,250726
55296833,232292,250726
55713833,245054,250726
56058833,243636,250726
56323833,245054,250726
56569833,246472,250726
56807833,243636,250726
57041833,240800,250726
57274833,242218,250726
57513833,235128,250726
57746833,232292,250726
58039833,233710,250726
58359833,237964,250726
58662833,236546,250726
58917833,240800,250726
59177833,226620,250726
59417833,233710,250726
59766833,230874,250726
