timestamp,unAck0,unAck1
611833,5672,5672
611833,5672,5672
829833,68064,5672
1052833,60974,1418
1361833,95006,1418
1935833,66646,1418
3061833,51048,0
4443833,73736,1418
5608833,65228,1418
6848833,83662,1418
7988833,59556,1418
9394833,68064,1418
10517833,96424,1418
11661833,72318,1418
13278833,51048,1418
14179833,53884,1418
15040833,38286,1418
15946833,43958,0
16657833,17016,1418
17395833,17016,1418
17688833,14180,1418
17975833,15598,1418
18226833,15598,1418
18485833,15598,1418
18745833,21270,1418
19006833,28360,1418
19331833,35450,1418
19755833,29778,1418
20309833,25524,1418
20801833,25524,1418
21233833,25524,1418
21661833,14180,1418
22089833,14180,1418
22343833,15598,1418
22585833,21270,1418
22841833,25524,1418
23162833,24106,1418
23561833,31196,1418
23986833,38286,1418
24495833,34032,1418
25119833,25524,1418
25661833,34032,1418
26121833,41122,1418
26683833,38286,1418
27360833,36868,1418
28002833,41122,1418
28622833,31196,1418
29310833,22688,1418
29752833,15598,1418
30098833,25524,1418
30388833,29778,1418
30784833,60974,1418
31260833,63810,1418
31979833,69482,1418
33024833,73736,1418
34189833,70900,1418
35428833,52466,1418
36547833,38286,1418
37253833,38286,1418
37897833,45376,1418
38540833,34032,1418
39298833,21270,1418
39745833,14180,1418
40059833,17016,0
40320833,32614,1418
40599833,42540,1418
41003833,49630,1418
41577833,72318,1418
42367833,32614,1418
43513833,59556,1418
44453833,43958,1418
45454833,46794,1418
46229833,73736,1418
47015833,69482,1418
48229833,63810,1418
49376833,66646,1418
50462833,39704,1418
51582833,25524,1418
52030833,34032,1418
52461833,32614,1418
53015833,32614,1418
53564833,39704,1418
54111833,34032,1418
54770833,26942,1418
55296833,19852,1418
55713833,7090,1418
56058833,8508,1418
56323833,7090,1418
56569833,5672,1418
56807833,8508,1418
57041833,11344,1418
57274833,9926,1418
57513833,17016,1418
57746833,19852,1418
58039833,18434,1418
58359833,14180,1418
58662833,15598,1418
58917833,11344,1418
59177833,25524,1418
59417833,18434,1418
59766833,21270,1418
