timestamp,cWnd0,cWnd1
611833,5672,5672
611833,69127,1500
829833,69127,1500
1052833,61892,1500
1361833,95043,1500
1935833,66863,1500
3061833,52358,1500
4443833,75089,1500
5608833,65313,1500
6848833,84722,1500
7988833,60825,1500
9394833,68686,1500
10517833,97061,1500
11661833,72932,1500
13278833,51291,1500
14179833,55110,1500
15040833,39361,1500
15946833,44479,1500
16657833,17465,1500
17395833,17166,1500
17688833,15326,1500
17975833,16356,1500
18226833,15799,1500
18485833,16827,1500
18745833,22258,1500
19006833,28458,1500
19331833,36406,1500
19755833,29852,1500
20309833,25683,1500
20801833,25771,1500
21233833,25729,1500
21661833,14694,1500
22089833,15192,1500
22343833,15701,1500
22585833,22550,1500
22841833,25844,1500
23162833,26707,1500
23561833,31591,1500
23986833,38717,1500
24495833,35152,1500
25119833,25749,1500
25661833,34868,1500
26121833,41619,1500
26683833,38663,1500
27360833,37120,1500
28002833,41310,1500
28622833,32022,1500
29310833,22854,1500
29752833,16910,1500
30098833,26863,1500
30388833,30754,1500
30784833,60993,1500
31260833,64125,1500
31979833,70468,1500
33024833,74662,1500
34189833,71225,1500
35428833,53558,1500
36547833,38861,1500
37253833,38718,1500
37897833,45753,1500
38540833,34848,1500
39298833,22663,1500
39745833,15551,1500
40059833,17192,1500
40320833,33190,1500
40599833,42931,1500
41003833,50923,1500
41577833,73590,1500
42367833,33403,1500
43513833,59588,1500
44453833,44600,1500
45454833,47591,1500
46229833,73843,1500
47015833,70549,1500
48229833,65016,1500
49376833,67488,1500
50462833,39718,1500
51582833,25640,1500
52030833,34327,1500
52461833,33620,1500
53015833,32693,1500
53564833,39955,1500
54111833,34500,1500
54770833,27495,1500
55296833,19922,1500
55713833,8383,1500
56058833,9269,1500
56323833,8305,1500
56569833,6286,1500
56807833,9265,1500
57041833,12749,1500
57274833,11090,1500
57513833,17172,1500
57746833,20858,1500
58039833,18509,1500
58359833,14952,1500
58662833,16215,1500
58917833,11412,1500
59177833,25665,1500
59417833,19696,1500
59766833,21467,1500
