timestamp,lastAckedSeq,highTxMark,availableTxBuffer,nextTxSeq,totalCwnd,unAckMeta
611833,5673,17017,1158,17017,11344,11344
611833,5673,17017,1158,17017,70627,11344
829833,11345,85081,1158,85081,70627,73736
1052833,29779,92171,1158,92171,63392,62392
1361833,48213,146055,1158,146055,96543,97842
1935833,82245,155981,1158,155981,68363,73736
3061833,157399,212701,1158,212701,53858,55302
4443833,245315,326141,1158,326141,76589,80826
5608833,321887,394205,1158,394205,66813,72318
6848833,402713,493465,1158,493465,86222,90752
7988833,476449,544513,1158,544513,62325,68064
9394833,570037,645191,1158,645191,70186,75154
10517833,643773,747287,1158,747287,98561,103514
11661833,716091,798335,1158,798335,74432,82244
13278833,825277,880579,1158,880579,52791,55302
14179833,883415,942971,1158,942971,56610,59556
15040833,940135,984093,1158,984093,40861,43958
15946833,999691,1047903,1158,1047903,45979,48212
16657833,1046485,1067755,1158,1067755,18965,21270
17395833,1097533,1117385,1158,1117385,18666,19852
17688833,1117385,1132983,1158,1132983,16826,15598
17975833,1135819,1152835,1158,1152835,17856,17016
18226833,1152835,1169851,1158,1169851,17299,17016
18485833,1169851,1186867,1158,1186867,18327,17016
18745833,1185449,1208137,1158,1208137,23758,22688
19006833,1202465,1232243,1158,1232243,29958,29778
19331833,1223735,1262021,1158,1262021,37906,38286
19755833,1250677,1283291,1158,1283291,31352,32614
20309833,1287545,1315905,1158,1315905,27183,28360
20801833,1320159,1348519,1158,1348519,27271,28360
21233833,1348519,1376879,1158,1376879,27229,28360
21661833,1376879,1392477,1158,1392477,16194,15598
22089833,1405239,1420837,1158,1420837,16692,15598
22343833,1420837,1437853,1158,1437853,17201,17016
22585833,1436435,1459123,1158,1459123,24050,22688
22841833,1453451,1480393,1158,1480393,27344,26942
23162833,1474721,1501663,2576,1501663,28207,26942
23561833,1500245,1532859,1158,1532859,33091,32614
23986833,1527187,1568309,1158,1568309,40217,41122
24495833,1559801,1596669,1158,1596669,36652,36868
25119833,1600923,1629283,1158,1629283,27249,28360
25661833,1636373,1673241,1158,1673241,36368,36868
26121833,1666151,1710109,1158,1710109,43119,43958
26683833,1703019,1744141,1158,1744141,40163,41122
27360833,1746977,1786681,1158,1786681,38620,39704
28002833,1788099,1833475,1158,1833475,42810,45376
28622833,1829221,1864671,1158,1864671,33522,35450
29310833,1876015,1900121,1158,1900121,24354,24106
29752833,1905793,1922809,1158,1922809,18410,17016
30098833,1927063,1955423,1158,1955423,28363,28360
30388833,1945497,1978111,1158,1978111,32254,32614
30784833,1972439,2036249,1158,2036249,62493,63810
31260833,2000799,2070281,1158,2070281,65625,69482
31979833,2046175,2122747,1158,2122747,71968,76572
33024833,2114239,2195065,1158,2195065,76162,80826
34189833,2189393,2267383,1158,2267383,72725,77990
35428833,2271637,2329775,1158,2329775,55058,58138
36547833,2346791,2389331,1158,2389331,40361,42540
37253833,2393585,2436125,1158,2436125,40218,42540
37897833,2436125,2484337,1158,2484337,47253,48212
38540833,2477247,2515533,1158,2515533,36348,38286
39298833,2528295,2550983,1158,2550983,24163,22688
39745833,2558073,2573671,1158,2573671,17051,15598
40059833,2577925,2596359,1158,2596359,18692,18434
40320833,2594941,2630391,1158,2630391,34690,35450
40599833,2613375,2658751,1158,2658751,44431,45376
41003833,2638899,2691365,1158,2691365,52423,52466
41577833,2674349,2752339,1158,2752339,75090,77990
42367833,2723979,2763683,1158,2763683,34903,39704
43513833,2800551,2865779,1158,2865779,61088,65228
44453833,2861525,2911155,1158,2911155,46100,49630
45454833,2928171,2979219,1158,2979219,49091,51048
46229833,2979219,3057209,1158,3057209,75343,77990
47015833,3027431,3105421,1158,3105421,72049,77990
48229833,3108257,3179157,1158,3179157,66516,70900
49376833,3183411,3257147,1158,3257147,68988,73736
50462833,3252893,3299687,1158,3299687,41218,46794
51582833,3330883,3359243,1158,3359243,27140,28360
52030833,3360661,3397529,1158,3397529,35827,36868
52461833,3387603,3423053,1158,3423053,35120,35450
53015833,3423053,3459921,1158,3459921,34193,36868
53564833,3459921,3502461,1158,3502461,41455,42540
54111833,3495371,3532239,1158,3532239,36000,36868
54770833,3539329,3569107,1158,3569107,28995,29778
55296833,3574779,3596049,1158,3596049,21422,21270
55713833,3597467,3605975,1158,3605975,9883,8508
56058833,3613065,3622991,1158,3622991,10769,9926
56323833,3622991,3631499,1158,3631499,9805,8508
56569833,3631499,3638589,1158,3638589,7786,7090
56807833,3640007,3649933,1158,3649933,10765,9926
57041833,3649933,3662695,1158,3662695,14249,12762
57274833,3662695,3674039,1158,3674039,12590,11344
57513833,3674039,3692473,1158,3692473,18672,18434
57746833,3688219,3710907,1158,3710907,22358,22688
58039833,3708071,3727923,1158,3727923,20009,19852
58359833,3729341,3744939,1158,3744939,16452,15598
58662833,3747775,3766209,1158,3766209,17715,18434
58917833,3766209,3778971,1158,3778971,12912,12762
59177833,3780389,3807331,1158,3807331,27165,26942
59417833,3794569,3815839,1158,3815839,21196,21270
59766833,3818675,3841363,1158,3841363,22967,22688
