timestamp,availableTxBuffer0,availableTxBuffer1
611833,246472,246472
611833,246472,246472
829833,229456,246472
1052833,239382,250726
1361833,230874,250726
1691833,235128,250726
2068833,236546,250726
2357833,233710,250726
2625833,242218,250726
2924833,240800,250726
3185833,235128,250726
3425833,240800,250726
3700833,230874,250726
3947833,233710,250726
4274833,232292,250726
4592833,240800,250726
4922833,237964,250726
5180833,235128,250726
5424833,233710,250726
5698833,228038,250726
5997833,228038,250726
6371833,230874,252144
6771833,233710,250726
7145833,233710,250726
7462833,242218,250726
7772833,237964,250726
8035833,239382,250726
8277833,237964,250726
8511833,233710,250726
8757833,228038,250726
9044833,225202,250726
9406833,226620,250726
9840833,236546,250726
10290833,237964,250726
10550833,232292,250726
10793833,226620,250726
11100833,222366,250726
11483833,223784,250726
11959833,223784,250726
12436833,220948,250726
12912833,225202,250726
13431833,233710,250726
13840833,236546,250726
14139833,237964,250726
14401833,239382,250726
14645833,235128,250726
14879833,236546,250726
15152833,239382,250726
15417833,243636,250726
15658833,243636,250726
15893833,243636,250726
16125833,242218,250726
16356833,243636,250726
16586833,246472,250726
16816833,245054,250726
17046833,243636,250726
17276833,237964,250726
17508833,237964,250726
17775833,232292,250726
18020833,232292,250726
18328833,222366,250726
18656833,228038,250726
19102833,212440,250726
19529833,212440,250726
20155833,184080,250726
20821833,205350,250726
21893833,215276,250726
22558833,225202,250726
23139833,218112,250726
23632833,219530,250726
