timestamp,cWnd0,cWnd1
611833,5672,5672
611833,23405,1500
829833,23405,1500
1052833,14085,1500
1361833,23739,1500
1691833,17886,1500
2068833,15903,1500
2357833,19571,1500
2625833,10748,1500
2924833,12298,1500
3185833,18402,1500
3425833,13055,1500
3700833,22436,1500
3947833,18727,1500
4274833,19857,1500
4592833,12618,1500
4922833,14565,1500
5180833,17630,1500
5424833,18517,1500
5698833,24982,1500
5997833,24548,1500
6371833,23439,1500
6771833,18971,1500
7145833,18570,1500
7462833,11162,1500
7772833,15585,1500
8035833,13486,1500
8277833,15570,1500
8511833,18495,1500
8757833,24250,1500
9044833,27975,1500
9406833,27880,1500
9840833,15679,1500
10290833,15442,1500
10550833,20747,1500
10793833,26781,1500
11100833,30884,1500
11483833,28576,1500
11959833,28893,1500
12436833,31738,1500
12912833,28181,1500
13431833,19385,1500
13840833,16887,1500
14139833,15103,1500
14401833,13438,1500
14645833,18062,1500
14879833,15701,1500
15152833,13619,1500
15417833,9296,1500
15658833,9113,1500
15893833,9340,1500
16125833,10618,1500
16356833,8789,1500
16586833,8049,1500
16816833,7925,1500
17046833,9316,1500
17276833,15326,1500
17508833,14514,1500
17775833,19923,1500
18020833,20712,1500
18328833,30467,1500
18656833,24275,1500
19102833,39768,1500
19529833,40347,1500
20155833,68210,1500
20821833,46798,1500
21893833,36871,1500
22558833,27748,1500
23139833,35348,1500
23632833,32962,1500
