timestamp,rtt0,rtt1
611833,218,184
611833,218,184
829833,223,184
1052833,309,219
1361833,330,221
1691833,377,223
2068833,289,224
2357833,268,225
2625833,299,226
2924833,261,226
3185833,240,227
3425833,275,227
3700833,247,228
3947833,327,228
4274833,318,228
4592833,330,228
4922833,258,229
5180833,244,229
5424833,274,229
5698833,299,229
5997833,374,229
6371833,400,229
6771833,374,229
7145833,317,229
7462833,310,229
7772833,263,229
8035833,242,230
8277833,234,230
8511833,246,230
8757833,287,230
9044833,362,230
9406833,434,230
9840833,450,230
10290833,260,230
10550833,243,230
10793833,307,230
11100833,383,230
11483833,476,230
11959833,477,230
12436833,476,230
12912833,519,230
13431833,409,230
13840833,299,230
14139833,262,230
14401833,244,230
14645833,234,230
14879833,273,230
15152833,265,230
15417833,241,230
15658833,235,230
15893833,232,230
16125833,231,230
16356833,230,230
16586833,230,230
16816833,230,230
17046833,230,230
17276833,232,230
17508833,267,230
17775833,245,230
18020833,308,230
18328833,328,230
18656833,446,230
19102833,427,230
19529833,626,230
20155833,666,230
20821833,1072,230
21893833,665,230
22558833,581,230
23139833,493,230
23632833,566,230
