timestamp,rWnd0,rWnd1
611833,1073725440,1073725440
611833,1073725440,1073725440
829833,1073725440,1073725440
1052833,1073725440,1073725440
1361833,1073725440,1073725440
1691833,1073725440,1073725440
2068833,1073725440,1073725440
2357833,1073725440,1073725440
2625833,1073725440,1073725440
2924833,1073725440,1073725440
3185833,1073725440,1073725440
3425833,1073725440,1073725440
3700833,1073725440,1073725440
3947833,1073725440,1073725440
4274833,1073725440,1073725440
4592833,1073725440,1073725440
4922833,1073725440,1073725440
5180833,1073725440,1073725440
5424833,1073725440,1073725440
5698833,1073725440,1073725440
5997833,1073725440,1073725440
6371833,1073725440,1073725440
6771833,1073725440,1073725440
7145833,1073725440,1073725440
7462833,1073725440,1073725440
7772833,1073725440,1073725440
8035833,1073725440,1073725440
8277833,1073725440,1073725440
8511833,1073725440,1073725440
8757833,1073725440,1073725440
9044833,1073725440,1073725440
9406833,1073725440,1073725440
9840833,1073725440,1073725440
10290833,1073725440,1073725440
10550833,1073725440,1073725440
10793833,1073725440,1073725440
11100833,1073725440,1073725440
11483833,1073725440,1073725440
11959833,1073725440,1073725440
12436833,1073725440,1073725440
12912833,1073725440,1073725440
13431833,1073725440,1073725440
13840833,1073725440,1073725440
14139833,1073725440,1073725440
14401833,1073725440,1073725440
14645833,1073725440,1073725440
14879833,1073725440,1073725440
15152833,1073725440,1073725440
15417833,1073725440,1073725440
15658833,1073725440,1073725440
15893833,1073725440,1073725440
16125833,1073725440,1073725440
16356833,1073725440,1073725440
16586833,1073725440,1073725440
16816833,1073725440,1073725440
17046833,1073725440,1073725440
17276833,1073725440,1073725440
17508833,1073725440,1073725440
17775833,1073725440,1073725440
18020833,1073725440,1073725440
18328833,1073725440,1073725440
18656833,1073725440,1073725440
19102833,1073725440,1073725440
19529833,1073725440,1073725440
20155833,1073725440,1073725440
20821833,1073725440,1073725440
21893833,1073725440,1073725440
22558833,1073725440,1073725440
23139833,1073725440,1073725440
23632833,1073725440,1073725440
