timestamp,unAck0,unAck1
611833,5672,5672
611833,5672,5672
829833,22688,5672
1052833,12762,1418
1361833,21270,1418
1691833,17016,1418
2068833,15598,1418
2357833,18434,1418
2625833,9926,1418
2924833,11344,1418
3185833,17016,1418
3425833,11344,1418
3700833,21270,1418
3947833,18434,1418
4274833,19852,1418
4592833,11344,1418
4922833,14180,1418
5180833,17016,1418
5424833,18434,1418
5698833,24106,1418
5997833,24106,1418
6371833,21270,0
6771833,18434,1418
7145833,18434,1418
7462833,9926,1418
7772833,14180,1418
8035833,12762,1418
8277833,14180,1418
8511833,18434,1418
8757833,24106,1418
9044833,26942,1418
9406833,25524,1418
9840833,15598,1418
10290833,14180,1418
10550833,19852,1418
10793833,25524,1418
11100833,29778,1418
11483833,28360,1418
11959833,28360,1418
12436833,31196,1418
12912833,26942,1418
13431833,18434,1418
13840833,15598,1418
14139833,14180,1418
14401833,12762,1418
14645833,17016,1418
14879833,15598,1418
15152833,12762,1418
15417833,8508,1418
15658833,8508,1418
15893833,8508,1418
16125833,9926,1418
16356833,8508,1418
16586833,5672,1418
16816833,7090,1418
17046833,8508,1418
17276833,14180,1418
17508833,14180,1418
17775833,19852,1418
18020833,19852,1418
18328833,29778,1418
18656833,24106,1418
19102833,39704,1418
19529833,39704,1418
20155833,68064,1418
20821833,46794,1418
21893833,36868,1418
22558833,26942,1418
23139833,34032,1418
23632833,32614,1418
