timestamp,lastAckedSeq,highTxMark,availableTxBuffer,nextTxSeq,totalCwnd,unAckMeta
611833,5673,17017,1158,17017,11344,11344
611833,5673,17017,1158,17017,24905,11344
829833,11345,39705,1158,39705,24905,28360
1052833,29779,43959,1158,43959,15585,14180
1361833,49631,72319,2576,72319,25239,22688
1691833,69483,89335,1158,89335,19386,19852
2068833,95007,112023,1158,112023,17403,17016
2357833,113441,134711,1158,134711,21071,21270
2625833,130457,143219,1158,143219,12248,12762
2924833,147473,160235,1158,160235,13798,12762
3185833,161653,180087,1158,180087,19902,18434
3425833,178669,191431,2576,191431,14555,12762
3700833,194267,216955,1158,216955,23936,22688
3947833,211283,231135,1158,231135,20227,19852
4274833,231135,253823,1158,253823,21357,22688
4592833,253823,266585,1158,266585,14118,12762
4922833,272257,287855,1158,287855,16065,15598
5180833,289273,309125,1158,309125,19130,19852
5424833,304871,326141,1158,326141,20017,21270
5698833,321887,348829,1158,348829,26482,26942
5997833,341739,368681,1158,368681,26048,26942
6371833,367263,389951,2576,389951,24939,22688
6771833,392787,412639,1158,412639,20471,19852
7145833,416893,438163,1158,438163,20070,21270
7462833,438163,449507,1158,449507,12662,11344
7772833,453761,469359,1158,469359,17085,15598
8035833,472195,486375,1158,486375,14986,14180
8277833,486375,501973,1158,501973,17070,15598
8511833,501973,521825,1158,521825,19995,19852
8757833,516153,543095,1158,543095,25750,26942
9044833,534587,564365,1158,564365,29475,29778
9406833,558693,587053,2576,587053,29380,28360
9840833,588471,605487,1158,605487,17179,17016
10290833,618249,633847,1158,633847,16942,15598
10550833,633847,655117,1158,655117,22247,21270
10793833,650863,677805,1158,677805,28281,26942
11100833,669297,700493,1158,700493,32384,31196
11483833,694821,726017,1158,726017,30076,31196
11959833,724599,755795,1158,755795,30393,31196
12436833,755795,789827,1158,789827,33238,34032
12912833,786991,816769,1158,816769,29681,29778
13431833,822441,842293,1158,842293,20885,19852
13840833,849383,866399,1158,866399,18387,17016
14139833,869235,884833,1158,884833,16603,15598
14401833,884833,899013,1158,899013,14938,14180
14645833,900431,918865,1158,918865,19562,18434
14879833,916029,933045,1158,933045,17201,17016
15152833,933045,947225,1158,947225,15119,14180
15417833,948643,958569,1158,958569,10796,9926
15658833,958569,968495,1158,968495,10613,9926
15893833,968495,978421,1158,978421,10840,9926
16125833,979839,991183,1158,991183,12118,11344
16356833,991183,1001109,1158,1001109,10289,9926
16586833,1001109,1008199,2576,1008199,9549,7090
16816833,1008199,1016707,1158,1016707,9425,8508
17046833,1016707,1026633,1158,1026633,10816,9926
17276833,1026633,1042231,1158,1042231,16826,15598
17508833,1042231,1057829,1158,1057829,16014,15598
17775833,1059247,1080517,1158,1080517,21423,21270
18020833,1074845,1097533,1158,1097533,22212,22688
18328833,1096115,1127311,1158,1127311,31967,31196
18656833,1114549,1141491,1158,1141491,25775,26942
19102833,1144327,1186867,1158,1186867,41268,42540
19529833,1171269,1215227,1158,1215227,41847,43958
20155833,1212391,1284709,1158,1284709,69710,72318
20821833,1253513,1305979,1158,1305979,48298,52466
21893833,1325831,1366953,1158,1366953,38371,41122
22558833,1371207,1400985,1158,1400985,29248,29778
23139833,1408075,1444943,1158,1444943,36848,36868
23632833,1440689,1476139,1158,1476139,34462,35450
