timestamp,unAck0,unAck1
611833,5672,5672
611833,5672,5672
829833,29778,5672
1052833,28360,1418
1361833,19852,1418
1873833,39704,1418
2297833,25524,1418
2930833,28360,1418
3416833,21270,1418
3892833,14180,1418
4199833,25524,1418
4459833,28360,1418
4835833,31196,1418
5288833,36868,1418
5802833,26942,1418
6409833,26942,1418
6871833,25524,1418
7324833,38286,1418
7755833,36868,1418
8365833,25524,1418
8985833,18434,1418
9341833,18434,1418
9656833,17016,1418
9966833,11344,1418
10256833,11344,1418
10504833,15598,1418
10740833,15598,1418
11016833,9926,1418
11280833,12762,1418
11524833,9926,1418
11758833,12762,1418
11990833,14180,1418
12222833,24106,1418
12459833,21270,1418
12786833,21270,1418
13150833,15598,1418
13507833,18434,1418
13796833,19852,1418
14101833,12762,1418
14428833,12762,1418
14681833,9926,1418
14918833,7090,1418
15151833,7090,1418
15382833,9926,1418
15613833,9926,1418
15847833,14180,1418
16078833,14180,1418
16334833,14180,1418
16575833,15598,1418
16813833,26942,1418
17067833,25524,1418
17426833,29778,1418
17851833,24106,1418
18339833,32614,1418
18769833,34032,1418
19305833,38286,1418
19873833,32614,1418
20533833,26942,1418
21039833,28360,1418
21499833,15598,1418
21974833,9926,1418
22238833,12762,1418
22483833,12762,1418
22720833,7090,1418
22952833,8508,1418
23183833,14180,1418
23414833,15598,1418
23662833,12762,1418
23919833,9926,1418
24157833,17016,1418
24390833,22688,1418
24664833,29778,1418
25005833,21270,1418
25451833,17016,1418
25802833,25524,1418
26109833,22688,1418
26513833,24106,1418
26903833,21270,1418
27326833,24106,1418
27701833,24106,1418
28102833,29778,1418
28506833,38286,1418
28992833,24106,1418
29608833,17016,1418
29947833,9926,1418
30243833,25524,1418
30499833,31196,1418
30890833,21270,1418
31374833,21270,1418
31750833,21270,1418
32109833,22688,1418
32466833,18434,1418
32843833,8508,1418
33166833,11344,1418
33428833,19852,1418
33675833,18434,1418
33996833,12762,1418
34310833,21270,1418
34573833,25524,1418
34907833,25524,1418
35309833,21270,1418
35734833,24106,1418
36107833,18434,1418
36507833,15598,1418
36807833,8508,1418
37077833,8508,1418
37325833,5672,1418
37563833,5672,1418
37798833,5672,1418
38031833,8508,1418
38263833,7090,1418
38495833,8508,1418
38726833,7090,1418
38958833,12762,1418
39189833,14180,1418
39456833,12762,1418
39711833,8508,1418
39949833,8508,1418
40183833,11344,1418
40415833,15598,1418
40647833,22688,1418
40920833,24106,1418
41261833,26942,1418
41652833,43958,1418
42094833,65228,1418
42756833,66646,1418
43710833,42540,1418
44829833,32614,0
45417833,22688,1418
45965833,17016,1418
46295833,11344,1418
46589833,19852,1418
46843833,18434,1418
47179833,24106,1418
47496833,19852,1418
47882833,19852,1418
48227833,25524,1418
48562833,21270,1418
48973833,15598,1418
49318833,26942,1418
49605833,18434,1418
50019833,14180,1418
50327833,9926,1418
50583833,11344,1418
50822833,15598,1418
51060833,18434,1418
51337833,15598,1418
51635833,18434,1418
51909833,11344,1418
52209833,14180,1418
52470833,15598,1418
52715833,12762,1418
52972833,17016,1418
53211833,17016,1418
53485833,19852,1418
53784833,12762,1418
54109833,14180,1418
54364833,34032,1418
54606833,34032,1418
54968833,75154,1418
55509833,51048,1418
56264833,48212,1418
57457833,28360,1418
57973833,19852,1418
58417833,26942,1418
58791833,25524,1418
59233833,29778,1418
59664833,22688,1418
