timestamp,rWnd0,rWnd1
611833,1073725440,1073725440
611833,1073725440,1073725440
829833,1073725440,1073725440
1052833,1073725440,1073725440
1361833,1073725440,1073725440
1873833,1073725440,1073725440
2297833,1073725440,1073725440
2930833,1073725440,1073725440
3416833,1073725440,1073725440
3892833,1073725440,1073725440
4199833,1073725440,1073725440
4459833,1073725440,1073725440
4835833,1073725440,1073725440
5288833,1073725440,1073725440
5802833,1073725440,1073725440
6409833,1073725440,1073725440
6871833,1073725440,1073725440
7324833,1073725440,1073725440
7755833,1073725440,1073725440
8365833,1073725440,1073725440
8985833,1073725440,1073725440
9341833,1073725440,1073725440
9656833,1073725440,1073725440
9966833,1073725440,1073725440
10256833,1073725440,1073725440
10504833,1073725440,1073725440
10740833,1073725440,1073725440
11016833,1073725440,1073725440
11280833,1073725440,1073725440
11524833,1073725440,1073725440
11758833,1073725440,1073725440
11990833,1073725440,1073725440
12222833,1073725440,1073725440
12459833,1073725440,1073725440
12786833,1073725440,1073725440
13150833,1073725440,1073725440
13507833,1073725440,1073725440
13796833,1073725440,1073725440
14101833,1073725440,1073725440
14428833,1073725440,1073725440
14681833,1073725440,1073725440
14918833,1073725440,1073725440
15151833,1073725440,1073725440
15382833,1073725440,1073725440
15613833,1073725440,1073725440
15847833,1073725440,1073725440
16078833,1073725440,1073725440
16334833,1073725440,1073725440
16575833,1073725440,1073725440
16813833,1073725440,1073725440
17067833,1073725440,1073725440
17426833,1073725440,1073725440
17851833,1073725440,1073725440
18339833,1073725440,1073725440
18769833,1073725440,1073725440
19305833,1073725440,1073725440
19873833,1073725440,1073725440
20533833,1073725440,1073725440
21039833,1073725440,1073725440
21499833,1073725440,1073725440
21974833,1073725440,1073725440
22238833,1073725440,1073725440
22483833,1073725440,1073725440
22720833,1073725440,1073725440
22952833,1073725440,1073725440
23183833,1073725440,1073725440
23414833,1073725440,1073725440
23662833,1073725440,1073725440
23919833,1073725440,1073725440
24157833,1073725440,1073725440
24390833,1073725440,1073725440
24664833,1073725440,1073725440
25005833,1073725440,1073725440
25451833,1073725440,1073725440
25802833,1073725440,1073725440
26109833,1073725440,1073725440
26513833,1073725440,1073725440
26903833,1073725440,1073725440
27326833,1073725440,1073725440
27701833,1073725440,1073725440
28102833,1073725440,1073725440
28506833,1073725440,1073725440
28992833,1073725440,1073725440
29608833,1073725440,1073725440
29947833,1073725440,1073725440
30243833,1073725440,1073725440
30499833,1073725440,1073725440
30890833,1073725440,1073725440
31374833,1073725440,1073725440
31750833,1073725440,1073725440
32109833,1073725440,1073725440
32466833,1073725440,1073725440
32843833,1073725440,1073725440
33166833,1073725440,1073725440
33428833,1073725440,1073725440
33675833,1073725440,1073725440
33996833,1073725440,1073725440
34310833,1073725440,1073725440
34573833,1073725440,1073725440
34907833,1073725440,1073725440
35309833,1073725440,1073725440
35734833,1073725440,1073725440
36107833,1073725440,1073725440
36507833,1073725440,1073725440
36807833,1073725440,1073725440
37077833,1073725440,1073725440
37325833,1073725440,1073725440
37563833,1073725440,1073725440
37798833,1073725440,1073725440
38031833,1073725440,1073725440
38263833,1073725440,1073725440
38495833,1073725440,1073725440
38726833,1073725440,1073725440
38958833,1073725440,1073725440
39189833,1073725440,1073725440
39456833,1073725440,1073725440
39711833,1073725440,1073725440
39949833,1073725440,1073725440
40183833,1073725440,1073725440
40415833,1073725440,1073725440
40647833,1073725440,1073725440
40920833,1073725440,1073725440
41261833,1073725440,1073725440
41652833,1073725440,1073725440
42094833,1073725440,1073725440
42756833,1073725440,1073725440
43710833,1073725440,1073725440
44829833,1073725440,1073725440
45417833,1073725440,1073725440
45965833,1073725440,1073725440
46295833,1073725440,1073725440
46589833,1073725440,1073725440
46843833,1073725440,1073725440
47179833,1073725440,1073725440
47496833,1073725440,1073725440
47882833,1073725440,1073725440
48227833,1073725440,1073725440
48562833,1073725440,1073725440
48973833,1073725440,1073725440
49318833,1073725440,1073725440
49605833,1073725440,1073725440
50019833,1073725440,1073725440
50327833,1073725440,1073725440
50583833,1073725440,1073725440
50822833,1073725440,1073725440
51060833,1073725440,1073725440
51337833,1073725440,1073725440
51635833,1073725440,1073725440
51909833,1073725440,1073725440
52209833,1073725440,1073725440
52470833,1073725440,1073725440
52715833,1073725440,1073725440
52972833,1073725440,1073725440
53211833,1073725440,1073725440
53485833,1073725440,1073725440
53784833,1073725440,1073725440
54109833,1073725440,1073725440
54364833,1073725440,1073725440
54606833,1073725440,1073725440
54968833,1073725440,1073725440
55509833,1073725440,1073725440
56264833,1073725440,1073725440
57457833,1073725440,1073725440
57973833,1073725440,1073725440
58417833,1073725440,1073725440
58791833,1073725440,1073725440
59233833,1073725440,1073725440
59664833,1073725440,1073725440
