timestamp,rtt0,rtt1
611833,218,184
611833,218,184
829833,223,184
1052833,309,219
1361833,512,221
1873833,424,224
2297833,633,224
2930833,486,226
3416833,476,227
3892833,307,228
4199833,260,228
4459833,376,228
4835833,453,229
5288833,514,229
5802833,607,229
6409833,462,229
6871833,453,229
7324833,431,229
7755833,610,230
8365833,620,230
8985833,356,230
9341833,315,230
9656833,310,230
9966833,290,230
10256833,248,230
10504833,236,230
10740833,276,230
11016833,264,230
11280833,244,230
11524833,234,230
11758833,232,230
11990833,232,230
12222833,237,230
12459833,327,230
12786833,364,230
13150833,357,230
13507833,289,230
13796833,305,230
14101833,327,230
14428833,253,230
14681833,237,230
14918833,233,230
15151833,231,230
15382833,231,230
15613833,234,230
15847833,231,230
16078833,256,230
16334833,241,230
16575833,238,230
16813833,254,230
17067833,359,230
17426833,425,230
17851833,488,230
18339833,430,230
18769833,536,230
19305833,568,230
19873833,660,230
20533833,506,230
21039833,460,230
21499833,475,230
21974833,264,230
22238833,245,230
22483833,237,230
22720833,232,230
22952833,231,230
23183833,231,230
23414833,248,230
23662833,257,230
23919833,238,230
24157833,233,230
24390833,274,230
24664833,341,230
25005833,446,230
25451833,351,230
25802833,307,230
26109833,404,230
26513833,390,230
26903833,423,230
27326833,375,230
27701833,401,230
28102833,404,230
28506833,486,230
28992833,616,230
29608833,339,230
29947833,296,230
30243833,256,230
30499833,391,230
30890833,484,230
31374833,376,230
31750833,359,230
32109833,357,230
32466833,377,230
32843833,323,230
33166833,262,230
33428833,247,230
33675833,321,230
33996833,314,230
34310833,263,230
34573833,334,230
34907833,402,230
35309833,425,230
35734833,373,230
36107833,400,230
36507833,300,230
36807833,270,230
37077833,248,230
37325833,238,230
37563833,235,230
37798833,233,230
38031833,232,230
38263833,232,230
38495833,231,230
38726833,232,230
38958833,231,230
39189833,267,230
39456833,255,230
39711833,238,230
39949833,234,230
40183833,232,230
40415833,232,230
40647833,273,230
40920833,341,230
41261833,391,230
41652833,442,230
42094833,662,230
42756833,954,230
43710833,1119,230
44829833,588,230
45417833,548,230
45965833,330,230
46295833,294,230
46589833,254,230
46843833,336,230
47179833,317,230
47496833,386,230
47882833,345,230
48227833,335,230
48562833,411,230
48973833,345,230
49318833,287,230
49605833,414,230
50019833,308,230
50327833,256,230
50583833,239,230
50822833,238,230
51060833,277,230
51337833,298,230
51635833,274,230
51909833,300,230
52209833,261,230
52470833,245,230
52715833,257,230
52972833,239,230
53211833,274,230
53485833,299,230
53784833,325,230
54109833,255,230
54364833,242,230
54606833,362,230
54968833,541,230
55509833,755,230
56264833,1193,230
57457833,516,230
57973833,444,230
58417833,374,230
58791833,442,230
59233833,431,230
59664833,493,230
