timestamp,cWnd0,cWnd1
611833,5672,5672
611833,30735,1500
829833,30735,1500
1052833,28799,1500
1361833,20328,1500
1873833,39767,1500
2297833,26075,1500
2930833,29441,1500
3416833,21429,1500
3892833,14928,1500
4199833,25657,1500
4459833,29703,1500
4835833,31694,1500
5288833,37868,1500
5802833,27947,1500
6409833,27116,1500
6871833,26829,1500
7324833,38388,1500
7755833,38156,1500
8365833,26184,1500
8985833,19377,1500
9341833,18502,1500
9656833,18314,1500
9966833,12356,1500
10256833,12585,1500
10504833,16572,1500
10740833,16056,1500
11016833,10108,1500
11280833,12798,1500
11524833,11177,1500
11758833,13787,1500
11990833,15457,1500
12222833,24357,1500
12459833,21390,1500
12786833,21738,1500
13150833,15672,1500
13507833,19059,1500
13796833,19955,1500
14101833,13045,1500
14428833,14110,1500
14681833,10098,1500
14918833,7861,1500
15151833,7487,1500
15382833,12420,1500
15613833,12302,1500
15847833,14232,1500
16078833,15188,1500
16334833,15211,1500
16575833,15824,1500
16813833,27913,1500
17067833,26885,1500
17426833,30471,1500
17851833,25433,1500
18339833,33109,1500
18769833,35272,1500
19305833,39991,1500
19873833,33461,1500
20533833,26945,1500
21039833,28813,1500
21499833,16091,1500
21974833,9959,1500
22238833,13741,1500
22483833,13562,1500
22720833,7389,1500
22952833,9412,1500
23183833,14599,1500
23414833,16627,1500
23662833,13080,1500
23919833,10544,1500
24157833,17969,1500
24390833,23979,1500
24664833,30724,1500
25005833,22342,1500
25451833,17481,1500
25802833,26781,1500
26109833,23809,1500
26513833,25781,1500
26903833,21360,1500
27326833,25473,1500
27701833,24943,1500
28102833,30035,1500
28506833,38513,1500
28992833,25286,1500
29608833,17378,1500
29947833,11036,1500
30243833,25610,1500
30499833,31413,1500
30890833,22599,1500
31374833,21542,1500
31750833,21839,1500
32109833,23357,1500
32466833,19172,1500
32843833,8676,1500
33166833,11471,1500
33428833,20627,1500
33675833,18866,1500
33996833,13665,1500
34310833,21370,1500
34573833,25854,1500
34907833,25606,1500
35309833,22664,1500
35734833,24455,1500
36107833,19445,1500
36507833,15946,1500
36807833,9399,1500
37077833,8849,1500
37325833,5797,1500
37563833,5873,1500
37798833,7010,1500
38031833,9675,1500
38263833,8450,1500
38495833,8924,1500
38726833,8254,1500
38958833,14037,1500
39189833,14469,1500
39456833,13587,1500
39711833,9717,1500
39949833,9188,1500
40183833,11874,1500
40415833,15824,1500
40647833,22705,1500
40920833,24303,1500
41261833,27221,1500
41652833,45874,1500
42094833,65767,1500
42756833,67263,1500
43710833,43082,1500
44829833,35282,1500
45417833,23996,1500
45965833,17395,1500
46295833,11591,1500
46589833,20241,1500
46843833,18444,1500
47179833,24866,1500
47496833,20498,1500
47882833,20703,1500
48227833,25773,1500
48562833,22525,1500
48973833,16005,1500
49318833,27997,1500
49605833,19288,1500
50019833,15490,1500
50327833,11306,1500
50583833,11548,1500
50822833,16852,1500
51060833,19239,1500
51337833,16670,1500
51635833,19064,1500
51909833,11757,1500
52209833,15597,1500
52470833,16911,1500
52715833,13073,1500
52972833,17702,1500
53211833,19468,1500
53485833,20259,1500
53784833,15580,1500
54109833,15126,1500
54364833,34234,1500
54606833,34822,1500
54968833,75627,1500
55509833,51861,1500
56264833,49134,1500
57457833,28902,1500
57973833,19965,1500
58417833,28142,1500
58791833,26236,1500
59233833,29920,1500
59664833,23801,1500
