timestamp,availableTxBuffer0,availableTxBuffer1
611833,246472,246472
611833,246472,246472
829833,222366,246472
1052833,223784,250726
1361833,232292,250726
1873833,212440,250726
2297833,226620,250726
2930833,223784,250726
3416833,230874,250726
3892833,237964,250726
4199833,226620,250726
4459833,223784,250726
4835833,220948,250726
5288833,215276,250726
5802833,225202,250726
6409833,225202,250726
6871833,226620,250726
7324833,213858,250726
7755833,215276,250726
8365833,226620,250726
8985833,233710,250726
9341833,233710,250726
9656833,235128,250726
9966833,240800,250726
10256833,240800,250726
10504833,236546,250726
10740833,236546,250726
11016833,242218,250726
11280833,239382,250726
11524833,242218,250726
11758833,239382,250726
11990833,237964,250726
12222833,228038,250726
12459833,230874,250726
12786833,230874,250726
13150833,236546,250726
13507833,233710,250726
13796833,232292,250726
14101833,239382,250726
14428833,239382,250726
14681833,242218,250726
14918833,245054,250726
15151833,245054,250726
15382833,242218,250726
15613833,242218,250726
15847833,237964,250726
16078833,237964,250726
16334833,237964,250726
16575833,236546,250726
16813833,225202,250726
17067833,226620,250726
17426833,222366,250726
17851833,228038,250726
18339833,219530,250726
18769833,218112,250726
19305833,213858,250726
19873833,219530,250726
20533833,225202,250726
21039833,223784,250726
21499833,236546,250726
21974833,242218,250726
22238833,239382,250726
22483833,239382,250726
22720833,245054,250726
22952833,243636,250726
23183833,237964,250726
23414833,236546,250726
23662833,239382,250726
23919833,242218,250726
24157833,235128,250726
24390833,229456,250726
24664833,222366,250726
25005833,230874,250726
25451833,235128,250726
25802833,226620,250726
26109833,229456,250726
26513833,228038,250726
26903833,230874,250726
27326833,228038,250726
27701833,228038,250726
28102833,222366,250726
28506833,213858,250726
28992833,228038,250726
29608833,235128,250726
29947833,242218,250726
30243833,226620,250726
30499833,220948,250726
30890833,230874,250726
31374833,230874,250726
31750833,230874,250726
32109833,229456,250726
32466833,233710,250726
32843833,243636,250726
33166833,240800,250726
33428833,232292,250726
33675833,233710,250726
33996833,239382,250726
34310833,230874,250726
34573833,226620,250726
34907833,226620,250726
35309833,230874,250726
35734833,228038,250726
36107833,233710,250726
36507833,236546,250726
36807833,243636,250726
37077833,243636,250726
37325833,246472,250726
37563833,246472,250726
37798833,246472,250726
38031833,243636,250726
38263833,245054,250726
38495833,243636,250726
38726833,245054,250726
38958833,239382,250726
39189833,237964,250726
39456833,239382,250726
39711833,243636,250726
39949833,243636,250726
40183833,240800,250726
40415833,236546,250726
40647833,229456,250726
40920833,228038,250726
41261833,225202,250726
41652833,208186,250726
42094833,186916,250726
42756833,185498,250726
43710833,209604,250726
44829833,219530,252144
45417833,229456,250726
45965833,235128,250726
46295833,240800,250726
46589833,232292,250726
46843833,233710,250726
47179833,228038,250726
47496833,232292,250726
47882833,232292,250726
48227833,226620,250726
48562833,230874,250726
48973833,236546,250726
49318833,225202,250726
49605833,233710,250726
50019833,237964,250726
50327833,242218,250726
50583833,240800,250726
50822833,236546,250726
51060833,233710,250726
51337833,236546,250726
51635833,233710,250726
51909833,240800,250726
52209833,237964,250726
52470833,236546,250726
52715833,239382,250726
52972833,235128,250726
53211833,235128,250726
53485833,232292,250726
53784833,239382,250726
54109833,237964,250726
54364833,218112,250726
54606833,218112,250726
54968833,176990,250726
55509833,201096,250726
56264833,203932,250726
57457833,223784,250726
57973833,232292,250726
58417833,225202,250726
58791833,226620,250726
59233833,222366,250726
59664833,229456,250726
