timestamp,lastAckedSeq,highTxMark,availableTxBuffer,nextTxSeq,totalCwnd,unAckMeta
611833,5673,17017,1158,17017,11344,11344
611833,5673,17017,1158,17017,32235,11344
829833,11345,46795,1158,46795,32235,35450
1052833,29779,59557,1158,59557,30299,29778
1361833,48213,70901,1158,70901,21828,22688
1873833,82245,126203,1158,126203,41267,43958
2297833,107769,137547,1158,137547,27575,29778
2930833,151727,182923,1158,182923,30941,31196
3416833,182923,207029,1158,207029,22929,24106
3892833,215537,231135,1158,231135,16428,15598
4199833,235389,262331,1158,262331,27157,26942
4459833,252405,282183,1158,282183,31203,29778
4835833,276511,310543,1158,310543,33194,34032
5288833,306289,345993,1158,345993,39368,39704
5802833,337485,368681,1158,368681,29447,31196
6409833,380025,409803,1158,409803,28616,29778
6871833,409803,436745,1158,436745,28329,26942
7324833,438163,479285,1158,479285,39888,41122
7755833,465105,506227,1158,506227,39656,41122
8365833,507645,536005,1158,536005,27684,28360
8985833,548767,568619,1158,568619,20877,19852
9341833,572873,592725,2576,592725,20002,19852
9656833,592725,611159,1158,611159,19814,18434
9966833,611159,623921,1158,623921,13856,12762
10256833,626757,639519,1158,639519,14085,12762
10504833,640937,657953,1158,657953,18072,17016
10740833,656535,673551,1158,673551,17556,17016
11016833,673551,684895,1158,684895,11608,11344
11280833,687731,701911,1158,701911,14298,14180
11524833,701911,713255,1158,713255,12677,11344
11758833,713255,727435,1158,727435,15287,14180
11990833,727435,743033,1158,743033,16957,15598
12222833,743033,768557,1158,768557,25857,25524
12459833,757213,781319,1158,781319,22890,24106
12786833,779901,802589,1158,802589,23238,22688
13150833,804007,821023,1158,821023,17172,17016
13507833,826695,846547,1158,846547,20559,19852
13796833,845129,867817,1158,867817,21455,22688
14101833,866399,880579,1158,880579,14545,14180
14428833,884833,899013,1158,899013,15610,14180
14681833,899013,910357,1158,910357,11598,11344
14918833,910357,918865,1158,918865,9361,8508
15151833,918865,927373,1158,927373,8987,8508
15382833,928791,940135,2576,940135,13920,11344
15613833,941553,952897,2576,952897,13802,11344
15847833,954315,969913,1158,969913,15732,15598
16078833,968495,984093,1158,984093,16688,15598
16334833,985511,1001109,1158,1001109,16711,15598
16575833,1001109,1018125,1158,1018125,17324,17016
16813833,1016707,1045067,1158,1045067,29413,28360
17067833,1033723,1060665,1158,1060665,28385,26942
17426833,1056411,1089025,1158,1089025,31971,32614
17851833,1084771,1111713,1158,1111713,26933,26942
18339833,1115967,1151417,1158,1151417,34609,35450
18769833,1142909,1181195,1158,1181195,36772,38286
19305833,1178359,1220899,2576,1220899,41491,42540
19873833,1213809,1250677,1158,1250677,34961,36868
20533833,1259185,1288963,1158,1288963,28445,29778
21039833,1291799,1322995,1158,1322995,30313,31196
21499833,1321577,1340011,1158,1340011,17591,18434
21974833,1351355,1362699,1158,1362699,11459,11344
22238833,1364117,1378297,1158,1378297,15241,14180
22483833,1378297,1392477,1158,1392477,15062,14180
22720833,1392477,1400985,1158,1400985,8889,8508
22952833,1402403,1412329,1158,1412329,10912,9926
23183833,1412329,1427927,1158,1427927,16099,15598
23414833,1426509,1443525,1158,1443525,18127,17016
23662833,1443525,1457705,1158,1457705,14580,14180
23919833,1457705,1469049,1158,1469049,12044,11344
24157833,1470467,1488901,1158,1488901,19469,18434
24390833,1486065,1510171,1158,1510171,25479,24106
24664833,1503081,1534277,1158,1534277,32224,31196
25005833,1524351,1548457,1158,1548457,23842,24106
25451833,1555547,1573981,1158,1573981,18981,18434
25802833,1578235,1605177,1158,1605177,28281,26942
26109833,1598087,1623611,1158,1623611,25309,25524
26513833,1625029,1650553,2576,1650553,27281,25524
26903833,1649135,1673241,1158,1673241,22860,24106
27326833,1677495,1704437,1158,1704437,26973,26942
27701833,1700183,1727125,1158,1727125,26443,26942
28102833,1727125,1759739,1158,1759739,31535,32614
28506833,1752649,1795189,1158,1795189,40013,42540
28992833,1783845,1812205,1158,1812205,26786,28360
29608833,1826385,1844819,1158,1844819,18878,18434
29947833,1846237,1857581,1158,1857581,12536,11344
30243833,1861835,1888777,1158,1888777,27110,26942
30499833,1877433,1911465,1158,1911465,32913,34032
30890833,1901539,1927063,1158,1927063,24099,25524
31374833,1935571,1959677,1158,1959677,23042,24106
31750833,1959677,1982365,1158,1982365,23339,22688
32109833,1982365,2007889,1158,2007889,24857,25524
32466833,2006471,2026323,1158,2026323,20672,19852
32843833,2027741,2037667,1158,2037667,10176,9926
33166833,2043339,2056101,1158,2056101,12971,12762
33428833,2058937,2080207,1158,2080207,22127,21270
33675833,2074535,2094387,1158,2094387,20366,19852
33996833,2095805,2109985,1158,2109985,15165,14180
34310833,2115657,2138345,1158,2138345,22870,22688
34573833,2132673,2159615,1158,2159615,27354,26942
34907833,2153943,2182303,1158,2182303,27106,28360
35309833,2179467,2203573,1158,2203573,24164,24106
35734833,2206409,2233351,1158,2233351,25955,26942
36107833,2231933,2253203,1158,2253203,20945,21270
36507833,2258875,2275891,1158,2275891,17446,17016
36807833,2277309,2287235,1158,2287235,10899,9926
37077833,2287235,2297161,1158,2297161,10349,9926
37325833,2297161,2304251,1158,2304251,7297,7090
37563833,2304251,2311341,1158,2311341,7373,7090
37798833,2311341,2318431,1158,2318431,8510,7090
38031833,2319849,2329775,1158,2329775,11175,9926
38263833,2329775,2338283,1158,2338283,9950,8508
38495833,2338283,2348209,1158,2348209,10424,9926
38726833,2348209,2356717,1158,2356717,9754,8508
38958833,2356717,2370897,1158,2370897,15537,14180
39189833,2370897,2386495,1158,2386495,15969,15598
39456833,2386495,2400675,1158,2400675,15087,14180
39711833,2400675,2410601,1158,2410601,11217,9926
39949833,2410601,2420527,1158,2420527,10688,9926
40183833,2421945,2434707,1158,2434707,13374,12762
40415833,2434707,2451723,1158,2451723,17324,17016
40647833,2448887,2472993,1158,2472993,24205,24106
40920833,2467321,2492845,1158,2492845,25803,25524
41261833,2488591,2518369,1158,2518369,28721,29778
41652833,2514115,2560909,2576,2560909,47374,46794
42094833,2541057,2610539,1158,2610539,67267,69482
42756833,2582179,2655915,1158,2655915,68763,73736
43710833,2644571,2694201,1158,2694201,44582,49630
44829833,2721143,2756593,2576,2756593,36782,35450
45417833,2759429,2784953,1158,2784953,25496,25524
45965833,2796297,2814731,1158,2814731,18895,18434
46295833,2816149,2828911,1158,2828911,13091,12762
46589833,2833165,2854435,1158,2854435,21741,21270
46843833,2850181,2870033,1158,2870033,19944,19852
47179833,2871451,2896975,1158,2896975,26366,25524
47496833,2891303,2913991,1158,2913991,21998,22688
47882833,2916827,2938097,1158,2938097,22203,21270
48227833,2939515,2967875,1158,2967875,27273,28360
48562833,2960785,2984891,1158,2984891,24025,24106
48973833,2989145,3006161,1158,3006161,17505,17016
49318833,3010415,3038775,1158,3038775,29497,28360
49605833,3030267,3051537,1158,3051537,20788,21270
50019833,3057209,3072807,1158,3072807,16990,15598
50327833,3074225,3085569,1158,3085569,12806,11344
50583833,3088405,3101167,1158,3101167,13048,12762
50822833,3101167,3118183,1158,3118183,18352,17016
51060833,3116765,3136617,1158,3136617,20739,19852
51337833,3133781,3150797,1158,3150797,18170,17016
51635833,3153633,3173485,1158,3173485,20564,19852
51909833,3170649,3183411,1158,3183411,13257,12762
52209833,3187665,3204681,1158,3204681,17097,17016
52470833,3206099,3223115,1158,3223115,18411,17016
52715833,3221697,3235877,1158,3235877,14573,14180
52972833,3237295,3255729,1158,3255729,19202,18434
53211833,3254311,3272745,2576,3272745,20968,18434
53485833,3271327,3292597,1158,3292597,21759,21270
53784833,3291179,3305359,2576,3305359,17080,14180
54109833,3312449,3328047,1158,3328047,16626,15598
54364833,3329465,3364915,1158,3364915,35734,35450
54606833,3343645,3380513,1158,3380513,36322,36868
54968833,3366333,3444323,1158,3444323,77127,77990
55509833,3400365,3455667,1158,3455667,53361,55302
56264833,3448577,3502461,1158,3502461,50634,53884
57457833,3529403,3560599,1158,3560599,30402,31196
57973833,3563435,3586123,1158,3586123,21465,22688
58417833,3593213,3622991,1158,3622991,29642,29778
58791833,3615901,3644261,1158,3644261,27736,28360
59233833,3645679,3678293,1158,3678293,31420,32614
59664833,3674039,3699563,1158,3699563,25301,25524
