timestamp,cWnd0,cWnd1
611833,5672,5672
611833,29138,1500
829833,29138,1500
1052833,40907,1500
1361833,33604,1500
1859833,25600,1500
2444833,31169,1500
2916833,33650,1500
3413833,49632,1500
3956833,47060,1500
4745833,49538,1500
5533833,43859,1500
6343833,49486,1500
7080833,43711,1500
7889833,40606,1500
8585833,32714,1500
9238833,44787,1500
9812833,56359,1500
10543833,40774,1500
11458833,34228,1500
12059833,30439,1500
12623833,38293,1500
13135833,23057,1500
13769833,20950,1500
14128833,20313,1500
14464833,22514,1500
14798833,30877,1500
15150833,24788,1500
15615833,20322,1500
16017833,10114,1500
16346833,11210,1500
16599833,7298,1500
16840833,10958,1500
17075833,14482,1500
17309833,22185,1500
17565833,21524,1500
17886833,27901,1500
18236833,24997,1500
18666833,43403,1500
19078833,51211,1500
19720833,37577,1500
20543833,42301,1500
21212833,52599,1500
21902833,51908,1500
22775833,45462,1500
23621833,36745,1500
24329833,32959,1500
24903833,33069,1500
25451833,21790,1500
25998833,19734,1500
26332833,18083,1500
26642833,41286,1500
26933833,45883,1500
27385833,33741,1500
28061833,54934,1500
28668833,63987,1500
29556833,53705,1500
30619833,49739,1500
31473833,40862,1500
32286833,37030,1500
32928833,31224,1500
33536833,35971,1500
34081833,34742,1500
34674833,42485,1500
35247833,67551,1500
35932833,42359,1500
36976833,37846,1500
37618833,47156,1500
38240833,36811,1500
39019833,44665,1500
39682833,39922,1500
40419833,28882,1500
41025833,47683,1500
41538833,45016,1500
42302833,56845,1500
43045833,60827,1500
43993833,51671,1500
44993833,48326,1500
45825833,57562,1500
46635833,53931,1500
47586833,36899,1500
48425833,48146,1500
49128833,47739,1500
49912833,37703,1500
50698833,18420,1500
51116833,26391,1500
51452833,36366,1500
51866833,34800,1500
52417833,30571,1500
52989833,24969,1500
53460833,22639,1500
53859833,15466,1500
54192833,20477,1500
54466833,21559,1500
54785833,20440,1500
55133833,10449,1500
55469833,15119,1500
55730833,18258,1500
55975833,21432,1500
56249833,17503,1500
56578833,23560,1500
56881833,20474,1500
57246833,28765,1500
57588833,21435,1500
58036833,19537,1500
58391833,12496,1500
58708833,12854,1500
58962833,11349,1500
59205833,10941,1500
59440833,14178,1500
59672833,8436,1500
59909833,12732,1500
