timestamp,rWnd0,rWnd1
611833,1073725440,1073725440
611833,1073725440,1073725440
829833,1073725440,1073725440
1052833,1073725440,1073725440
1361833,1073725440,1073725440
1859833,1073725440,1073725440
2444833,1073725440,1073725440
2916833,1073725440,1073725440
3413833,1073725440,1073725440
3956833,1073725440,1073725440
4745833,1073725440,1073725440
5533833,1073725440,1073725440
6343833,1073725440,1073725440
7080833,1073725440,1073725440
7889833,1073725440,1073725440
8585833,1073725440,1073725440
9238833,1073725440,1073725440
9812833,1073725440,1073725440
10543833,1073725440,1073725440
11458833,1073725440,1073725440
12059833,1073725440,1073725440
12623833,1073725440,1073725440
13135833,1073725440,1073725440
13769833,1073725440,1073725440
14128833,1073725440,1073725440
14464833,1073725440,1073725440
14798833,1073725440,1073725440
15150833,1073725440,1073725440
15615833,1073725440,1073725440
16017833,1073725440,1073725440
16346833,1073725440,1073725440
16599833,1073725440,1073725440
16840833,1073725440,1073725440
17075833,1073725440,1073725440
17309833,1073725440,1073725440
17565833,1073725440,1073725440
17886833,1073725440,1073725440
18236833,1073725440,1073725440
18666833,1073725440,1073725440
19078833,1073725440,1073725440
19720833,1073725440,1073725440
20543833,1073725440,1073725440
21212833,1073725440,1073725440
21902833,1073725440,1073725440
22775833,1073725440,1073725440
23621833,1073725440,1073725440
24329833,1073725440,1073725440
24903833,1073725440,1073725440
25451833,1073725440,1073725440
25998833,1073725440,1073725440
26332833,1073725440,1073725440
26642833,1073725440,1073725440
26933833,1073725440,1073725440
27385833,1073725440,1073725440
28061833,1073725440,1073725440
28668833,1073725440,1073725440
29556833,1073725440,1073725440
30619833,1073725440,1073725440
31473833,1073725440,1073725440
32286833,1073725440,1073725440
32928833,1073725440,1073725440
33536833,1073725440,1073725440
34081833,1073725440,1073725440
34674833,1073725440,1073725440
35247833,1073725440,1073725440
35932833,1073725440,1073725440
36976833,1073725440,1073725440
37618833,1073725440,1073725440
38240833,1073725440,1073725440
39019833,1073725440,1073725440
39682833,1073725440,1073725440
40419833,1073725440,1073725440
41025833,1073725440,1073725440
41538833,1073725440,1073725440
42302833,1073725440,1073725440
43045833,1073725440,1073725440
43993833,1073725440,1073725440
44993833,1073725440,1073725440
45825833,1073725440,1073725440
46635833,1073725440,1073725440
47586833,1073725440,1073725440
48425833,1073725440,1073725440
49128833,1073725440,1073725440
49912833,1073725440,1073725440
50698833,1073725440,1073725440
51116833,1073725440,1073725440
51452833,1073725440,1073725440
51866833,1073725440,1073725440
52417833,1073725440,1073725440
52989833,1073725440,1073725440
53460833,1073725440,1073725440
53859833,1073725440,1073725440
54192833,1073725440,1073725440
54466833,1073725440,1073725440
54785833,1073725440,1073725440
55133833,1073725440,1073725440
55469833,1073725440,1073725440
55730833,1073725440,1073725440
55975833,1073725440,1073725440
56249833,1073725440,1073725440
56578833,1073725440,1073725440
56881833,1073725440,1073725440
57246833,1073725440,1073725440
57588833,1073725440,1073725440
58036833,1073725440,1073725440
58391833,1073725440,1073725440
58708833,1073725440,1073725440
58962833,1073725440,1073725440
59205833,1073725440,1073725440
59440833,1073725440,1073725440
59672833,1073725440,1073725440
59909833,1073725440,1073725440
