timestamp,availableTxBuffer0,availableTxBuffer1
611833,246472,246472
611833,246472,246472
829833,223784,246472
1052833,212440,250726
1361833,219530,250726
1859833,226620,250726
2444833,222366,250726
2916833,219530,250726
3413833,202514,250726
3956833,205350,250726
4745833,203932,250726
5533833,209604,250726
6343833,203932,250726
7080833,209604,250726
7889833,212440,250726
8585833,219530,250726
9238833,208186,250726
9812833,196842,250726
10543833,212440,250726
11458833,218112,250726
12059833,222366,250726
12623833,213858,250726
13135833,229456,250726
13769833,232292,250726
14128833,232292,250726
14464833,230874,250726
14798833,222366,250726
15150833,228038,250726
15615833,232292,250726
16017833,243636,250726
16346833,243636,250726
16599833,245054,250726
16840833,242218,250726
17075833,237964,250726
17309833,230874,250726
17565833,230874,250726
17886833,225202,250726
18236833,228038,250726
18666833,209604,250726
19078833,201096,250726
19720833,215276,250726
20543833,211022,250726
21212833,199678,250726
21902833,201096,250726
22775833,206768,250726
23621833,216694,250726
24329833,219530,250726
24903833,219530,250726
25451833,230874,250726
25998833,233710,250726
26332833,235128,250726
26642833,211022,250726
26933833,206768,250726
27385833,219530,250726
28061833,198260,250726
28668833,188334,250726
29556833,199678,250726
30619833,202514,250726
31473833,212440,250726
32286833,215276,250726
32928833,220948,250726
33536833,216694,250726
34081833,219530,250726
34674833,211022,250726
35247833,185498,252144
35932833,211022,250726
36976833,215276,250726
37618833,205350,250726
38240833,216694,250726
39019833,208186,250726
39682833,212440,250726
40419833,223784,250726
41025833,205350,250726
41538833,208186,250726
42302833,195424,250726
43045833,192588,250726
43993833,201096,250726
44993833,203932,250726
45825833,195424,250726
46635833,198260,250726
47586833,215276,250726
48425833,205350,250726
49128833,205350,250726
49912833,215276,250726
50698833,235128,250726
51116833,226620,250726
51452833,216694,250726
51866833,219530,250726
52417833,222366,250726
52989833,228038,250726
53460833,230874,250726
53859833,237964,250726
54192833,232292,250726
54466833,230874,250726
54785833,232292,250726
55133833,242218,250726
55469833,237964,250726
55730833,235128,250726
55975833,230874,250726
56249833,235128,252144
56578833,229456,250726
56881833,232292,250726
57246833,223784,250726
57588833,230874,250726
58036833,233710,250726
58391833,240800,250726
58708833,239382,250726
58962833,240800,250726
59205833,242218,250726
59440833,239382,250726
59672833,245054,250726
59909833,240800,250726
