timestamp,unAck0,unAck1
611833,5672,5672
611833,5672,5672
829833,28360,5672
1052833,39704,1418
1361833,32614,1418
1859833,25524,1418
2444833,29778,1418
2916833,32614,1418
3413833,49630,1418
3956833,46794,1418
4745833,48212,1418
5533833,42540,1418
6343833,48212,1418
7080833,42540,1418
7889833,39704,1418
8585833,32614,1418
9238833,43958,1418
9812833,55302,1418
10543833,39704,1418
11458833,34032,1418
12059833,29778,1418
12623833,38286,1418
13135833,22688,1418
13769833,19852,1418
14128833,19852,1418
14464833,21270,1418
14798833,29778,1418
15150833,24106,1418
15615833,19852,1418
16017833,8508,1418
16346833,8508,1418
16599833,7090,1418
16840833,9926,1418
17075833,14180,1418
17309833,21270,1418
17565833,21270,1418
17886833,26942,1418
18236833,24106,1418
18666833,42540,1418
19078833,51048,1418
19720833,36868,1418
20543833,41122,1418
21212833,52466,1418
21902833,51048,1418
22775833,45376,1418
23621833,35450,1418
24329833,32614,1418
24903833,32614,1418
25451833,21270,1418
25998833,18434,1418
26332833,17016,1418
26642833,41122,1418
26933833,45376,1418
27385833,32614,1418
28061833,53884,1418
28668833,63810,1418
29556833,52466,1418
30619833,49630,1418
31473833,39704,1418
32286833,36868,1418
32928833,31196,1418
33536833,35450,1418
34081833,32614,1418
34674833,41122,1418
35247833,66646,0
35932833,41122,1418
36976833,36868,1418
37618833,46794,1418
38240833,35450,1418
39019833,43958,1418
39682833,39704,1418
40419833,28360,1418
41025833,46794,1418
41538833,43958,1418
42302833,56720,1418
43045833,59556,1418
43993833,51048,1418
44993833,48212,1418
45825833,56720,1418
46635833,53884,1418
47586833,36868,1418
48425833,46794,1418
49128833,46794,1418
49912833,36868,1418
50698833,17016,1418
51116833,25524,1418
51452833,35450,1418
51866833,32614,1418
52417833,29778,1418
52989833,24106,1418
53460833,21270,1418
53859833,14180,1418
54192833,19852,1418
54466833,21270,1418
54785833,19852,1418
55133833,9926,1418
55469833,14180,1418
55730833,17016,1418
55975833,21270,1418
56249833,17016,0
56578833,22688,1418
56881833,19852,1418
57246833,28360,1418
57588833,21270,1418
58036833,18434,1418
58391833,11344,1418
58708833,12762,1418
58962833,11344,1418
59205833,9926,1418
59440833,12762,1418
59672833,7090,1418
59909833,11344,1418
