timestamp,rtt0,rtt1
611833,218,184
611833,218,184
829833,223,184
1052833,309,219
1361833,498,221
1859833,585,223
2444833,472,225
2916833,497,226
3413833,543,227
3956833,789,228
4745833,788,229
5533833,810,229
6343833,737,229
7080833,809,229
7889833,696,230
8585833,653,230
9238833,574,230
9812833,731,230
10543833,915,230
11458833,601,230
12059833,564,230
12623833,512,230
13135833,634,230
13769833,359,230
14128833,336,230
14464833,334,230
14798833,352,230
15150833,465,230
15615833,402,230
16017833,329,230
16346833,253,230
16599833,241,230
16840833,235,230
17075833,234,230
17309833,256,230
17565833,321,230
17886833,350,230
18236833,430,230
18666833,412,230
19078833,642,230
19720833,823,230
20543833,669,230
21212833,690,230
21902833,873,230
22775833,846,230
23621833,708,230
24329833,574,230
24903833,548,230
25451833,547,230
25998833,334,230
26332833,310,230
26642833,291,230
26933833,452,230
27385833,676,230
28061833,607,230
28668833,888,230
29556833,1063,230
30619833,854,230
31473833,813,230
32286833,642,230
32928833,608,230
33536833,545,230
34081833,593,230
34674833,573,230
35247833,685,230
35932833,1044,230
36976833,642,230
37618833,622,230
38240833,779,230
39019833,663,230
39682833,737,230
40419833,606,230
41025833,513,230
41538833,764,230
42302833,743,230
43045833,948,230
43993833,1000,230
44993833,832,230
45825833,810,230
46635833,951,230
47586833,839,230
48425833,703,230
49128833,784,230
49912833,786,230
50698833,418,230
51116833,336,230
51452833,414,230
51866833,551,230
52417833,572,230
52989833,471,230
53460833,399,230
53859833,333,230
54192833,274,230
54466833,319,230
54785833,348,230
55133833,336,230
55469833,261,230
55730833,245,230
55975833,274,230
56249833,329,230
56578833,303,230
56881833,365,230
57246833,342,230
57588833,448,230
58036833,355,230
58391833,317,230
58708833,254,230
58962833,243,230
59205833,235,230
59440833,232,230
59672833,237,230
59909833,234,230
