timestamp,lastAckedSeq,highTxMark,availableTxBuffer,nextTxSeq,totalCwnd,unAckMeta
611833,5673,17017,1158,17017,11344,11344
611833,5673,17017,1158,17017,30638,11344
829833,11345,45377,1158,45377,30638,34032
1052833,29779,70901,1158,70901,42407,41122
1361833,48213,83663,1158,83663,35104,35450
1859833,80827,109187,1158,109187,27100,28360
2444833,120531,153145,1158,153145,32669,32614
2916833,150309,185759,1158,185759,35150,35450
3413833,182923,235389,1158,235389,51132,52466
3956833,216955,268003,1158,268003,48560,51048
4745833,268003,321887,1158,321887,51038,53884
5533833,319051,367263,1158,367263,45359,48212
6343833,372935,425401,1158,425401,50986,52466
7080833,421147,467941,1158,467941,45211,46794
7889833,475031,518989,1158,518989,42106,43958
8585833,520407,557275,1158,557275,34214,36868
9238833,562947,609741,1158,609741,46287,46794
9812833,599815,659371,1158,659371,57859,59556
10543833,646609,691985,1158,691985,42274,45376
11458833,707583,745869,1158,745869,35728,38286
12059833,747287,779901,1158,779901,31939,32614
12623833,784155,826695,1158,826695,39793,42540
13135833,816769,843711,1158,843711,24557,26942
13769833,860727,881997,1158,881997,22450,21270
14128833,883415,906103,1158,906103,21813,22688
14464833,906103,928791,1158,928791,24014,22688
14798833,927373,959987,1158,959987,32377,32614
15150833,950061,977003,1158,977003,26288,26942
15615833,981257,1002527,1158,1002527,21822,21270
16017833,1005363,1015289,2576,1015289,11614,9926
16346833,1022379,1032305,2576,1032305,12710,9926
16599833,1032305,1040813,1158,1040813,8798,8508
16840833,1042231,1053575,1158,1053575,12458,11344
17075833,1053575,1069173,1158,1069173,15982,15598
17309833,1069173,1091861,1158,1091861,23685,22688
17565833,1086189,1108877,1158,1108877,23024,22688
17886833,1106041,1135819,1158,1135819,29401,29778
18236833,1128729,1155671,1158,1155671,26497,26942
18666833,1157089,1202465,1158,1202465,44903,45376
19078833,1182613,1237915,1158,1237915,52711,55302
19720833,1223735,1264857,1158,1264857,39077,41122
20543833,1277619,1322995,1158,1322995,43801,45376
21212833,1321577,1378297,1158,1378297,54099,56720
21902833,1365535,1422255,1158,1422255,53408,56720
22775833,1423673,1473303,1158,1473303,46962,49630
23621833,1478975,1518679,1158,1518679,38245,39704
24329833,1525769,1562637,1158,1562637,34459,36868
24903833,1564055,1599505,1158,1599505,34569,35450
25451833,1600923,1623611,1158,1623611,23290,22688
25998833,1636373,1657643,1158,1657643,21234,21270
26332833,1659061,1677495,1158,1677495,19583,18434
26642833,1678913,1721453,1158,1721453,42786,42540
26933833,1695929,1745559,1158,1745559,47383,49630
27385833,1724289,1762575,1158,1762575,35241,38286
28061833,1769665,1826385,1158,1826385,56434,56720
28668833,1807951,1877433,1158,1877433,65487,69482
29556833,1864671,1924227,1158,1924227,55205,59556
30619833,1935571,1989455,1158,1989455,51239,53884
31473833,1992291,2036249,1158,2036249,42362,43958
32286833,2044757,2085879,1158,2085879,38530,41122
32928833,2088715,2122747,1158,2122747,32724,34032
33536833,2128419,2166705,1158,2166705,37471,38286
34081833,2163869,2200737,2576,2200737,36242,36868
34674833,2202155,2246113,1158,2246113,43985,43958
35247833,2239023,2308505,1158,2308505,69051,69482
35932833,2281563,2328357,1158,2328357,43859,46794
36976833,2352463,2393585,1158,2393585,39346,41122
37618833,2395003,2444633,1158,2444633,48656,49630
38240833,2434707,2474411,1158,2474411,38311,39704
39019833,2484337,2532549,1158,2532549,46165,48212
39682833,2528295,2572253,1158,2572253,41422,43958
40419833,2577925,2609121,1158,2609121,30382,31196
41025833,2616211,2667259,1158,2667259,49183,51048
41538833,2650243,2698455,1158,2698455,46516,48212
42302833,2699873,2760847,1158,2760847,58345,60974
43045833,2746667,2811895,1158,2811895,62327,65228
43993833,2809059,2865779,1158,2865779,53171,56720
44993833,2875705,2928171,1158,2928171,49826,52466
45825833,2928171,2990563,1158,2990563,59062,62392
46635833,2980637,3040193,1158,3040193,55431,59556
47586833,3045865,3085569,1158,3085569,38399,39704
48425833,3098331,3150797,1158,3150797,49646,52466
49128833,3145125,3197591,1158,3197591,49239,52466
49912833,3197591,3238713,1158,3238713,39203,41122
50698833,3251475,3269909,1158,3269909,19920,18434
51116833,3276999,3305359,1158,3305359,27891,28360
51452833,3299687,3336555,1158,3336555,37866,36868
51866833,3326629,3362079,2576,3362079,36300,35450
52417833,3362079,3394693,1158,3394693,32071,32614
52989833,3400365,3427307,1158,3427307,26469,26942
53460833,3430143,3454249,1158,3454249,24139,24106
53859833,3457085,3472683,1158,3472683,16966,15598
54192833,3478355,3501043,1158,3501043,21977,22688
54466833,3496789,3519477,1158,3519477,23059,22688
54785833,3518059,3539329,1158,3539329,21940,21270
55133833,3540747,3552091,1158,3552091,11949,11344
55469833,3559181,3574779,1158,3574779,16619,15598
55730833,3576197,3594631,1158,3594631,19758,18434
55975833,3591795,3614483,1158,3614483,22932,22688
56249833,3608811,3627245,1158,3627245,19003,18434
56578833,3630081,3655605,1158,3655605,25060,25524
56881833,3651351,3672621,1158,3672621,21974,21270
57246833,3674039,3705235,1158,3705235,30265,31196
57588833,3695309,3719415,1158,3719415,22935,24106
58036833,3726505,3746357,1158,3746357,21037,19852
58391833,3746357,3759119,1158,3759119,13996,12762
58708833,3766209,3780389,1158,3780389,14354,14180
58962833,3780389,3793151,1158,3793151,12849,12762
59205833,3793151,3804495,1158,3804495,12441,11344
59440833,3805913,3820093,1158,3820093,15678,14180
59672833,3820093,3828601,1158,3828601,9936,8508
59909833,3828601,3841363,1158,3841363,14232,12762
