timestamp,rWnd0,rWnd1
611833,1073725440,1073725440
611833,1073725440,1073725440
829833,1073725440,1073725440
1052833,1073725440,1073725440
1340833,1073725440,1073725440
1607833,1073725440,1073725440
1888833,1073725440,1073725440
2237833,1073725440,1073725440
2535833,1073725440,1073725440
2805833,1073725440,1073725440
3124833,1073725440,1073725440
3420833,1073725440,1073725440
3783833,1073725440,1073725440
4283833,1073725440,1073725440
4869833,1073725440,1073725440
5321833,1073725440,1073725440
5773833,1073725440,1073725440
6247833,1073725440,1073725440
6645833,1073725440,1073725440
6921833,1073725440,1073725440
7169833,1073725440,1073725440
7500833,1073725440,1073725440
7869833,1073725440,1073725440
8170833,1073725440,1073725440
8430833,1073725440,1073725440
8715833,1073725440,1073725440
8967833,1073725440,1073725440
9206833,1073725440,1073725440
9441833,1073725440,1073725440
9673833,1073725440,1073725440
9905833,1073725440,1073725440
10138833,1073725440,1073725440
10369833,1073725440,1073725440
10612833,1073725440,1073725440
10902833,1073725440,1073725440
11188833,1073725440,1073725440
11557833,1073725440,1073725440
12065833,1073725440,1073725440
12636833,1073725440,1073725440
13252833,1073725440,1073725440
13594833,1073725440,1073725440
13894833,1073725440,1073725440
14277833,1073725440,1073725440
14638833,1073725440,1073725440
14971833,1073725440,1073725440
15284833,1073725440,1073725440
15593833,1073725440,1073725440
15843833,1073725440,1073725440
16080833,1073725440,1073725440
16343833,1073725440,1073725440
16586833,1073725440,1073725440
16821833,1073725440,1073725440
17053833,1073725440,1073725440
17349833,1073725440,1073725440
17628833,1073725440,1073725440
18000833,1073725440,1073725440
18476833,1073725440,1073725440
19088833,1073725440,1073725440
19418833,1073725440,1073725440
19713833,1073725440,1073725440
20039833,1073725440,1073725440
20390833,1073725440,1073725440
20851833,1073725440,1073725440
21522833,1073725440,1073725440
22277833,1073725440,1073725440
22840833,1073725440,1073725440
23353833,1073725440,1073725440
24050833,1073725440,1073725440
24955833,1073725440,1073725440
25596833,1073725440,1073725440
26179833,1073725440,1073725440
26843833,1073725440,1073725440
27489833,1073725440,1073725440
28202833,1073725440,1073725440
28940833,1073725440,1073725440
29445833,1073725440,1073725440
29766833,1073725440,1073725440
30037833,1073725440,1073725440
30300833,1073725440,1073725440
30643833,1073725440,1073725440
31051833,1073725440,1073725440
31439833,1073725440,1073725440
31863833,1073725440,1073725440
32372833,1073725440,1073725440
32873833,1073725440,1073725440
33373833,1073725440,1073725440
33822833,1073725440,1073725440
34253833,1073725440,1073725440
34807833,1073725440,1073725440
35480833,1073725440,1073725440
36170833,1073725440,1073725440
36518833,1073725440,1073725440
36854833,1073725440,1073725440
37247833,1073725440,1073725440
37706833,1073725440,1073725440
38128833,1073725440,1073725440
38598833,1073725440,1073725440
39176833,1073725440,1073725440
39856833,1073725440,1073725440
40592833,1073725440,1073725440
41100833,1073725440,1073725440
41527833,1073725440,1073725440
41851833,1073725440,1073725440
42202833,1073725440,1073725440
42577833,1073725440,1073725440
43137833,1073725440,1073725440
43490833,1073725440,1073725440
43768833,1073725440,1073725440
44016833,1073725440,1073725440
44252833,1073725440,1073725440
44484833,1073725440,1073725440
44795833,1073725440,1073725440
45085833,1073725440,1073725440
45371833,1073725440,1073725440
45801833,1073725440,1073725440
46300833,1073725440,1073725440
46738833,1073725440,1073725440
47254833,1073725440,1073725440
47982833,1073725440,1073725440
48445833,1073725440,1073725440
48876833,1073725440,1073725440
49304833,1073725440,1073725440
49624833,1073725440,1073725440
49954833,1073725440,1073725440
50362833,1073725440,1073725440
50862833,1073725440,1073725440
51363833,1073725440,1073725440
51826833,1073725440,1073725440
52345833,1073725440,1073725440
52912833,1073725440,1073725440
53335833,1073725440,1073725440
53684833,1073725440,1073725440
53959833,1073725440,1073725440
54246833,1073725440,1073725440
54514833,1073725440,1073725440
54813833,1073725440,1073725440
55155833,1073725440,1073725440
55579833,1073725440,1073725440
56048833,1073725440,1073725440
56502833,1073725440,1073725440
57019833,1073725440,1073725440
57487833,1073725440,1073725440
57918833,1073725440,1073725440
58346833,1073725440,1073725440
58917833,1073725440,1073725440
59613833,1073725440,1073725440
