timestamp,rtt0,rtt1
611833,218,184
611833,218,184
829833,223,184
1052833,288,219
1340833,267,221
1607833,281,222
1888833,349,224
2237833,298,224
2535833,270,225
2805833,319,226
3124833,296,227
3420833,363,227
3783833,500,228
4283833,586,228
4869833,452,229
5321833,452,229
5773833,474,229
6247833,398,229
6645833,276,229
6921833,248,229
7169833,331,229
7500833,369,230
7869833,301,230
8170833,260,230
8430833,285,230
8715833,252,230
8967833,239,230
9206833,235,230
9441833,232,230
9673833,232,230
9905833,233,230
10138833,231,230
10369833,243,230
10612833,290,230
10902833,286,230
11188833,369,230
11557833,508,230
12065833,571,230
12636833,616,230
13252833,342,230
13594833,300,230
13894833,383,230
14277833,361,230
14638833,333,230
14971833,313,230
15284833,309,230
15593833,250,230
15843833,237,230
16080833,263,230
16343833,243,230
16586833,235,230
16821833,232,230
17053833,296,230
17349833,279,230
17628833,372,230
18000833,476,230
18476833,612,230
19088833,330,230
19418833,295,230
19713833,326,230
20039833,351,230
20390833,461,230
20851833,671,230
21522833,755,230
22277833,563,230
22840833,513,230
23353833,697,230
24050833,905,230
24955833,641,230
25596833,583,230
26179833,664,230
26843833,646,230
27489833,713,230
28202833,738,230
28940833,505,230
29445833,321,230
29766833,271,230
30037833,263,230
30300833,343,230
30643833,408,230
31051833,388,230
31439833,424,230
31863833,509,230
32372833,501,230
32873833,500,230
33373833,449,230
33822833,431,230
34253833,554,230
34807833,673,230
35480833,690,230
36170833,348,230
36518833,336,230
36854833,393,230
37247833,459,230
37706833,422,230
38128833,470,230
38598833,578,230
39176833,680,230
39856833,736,230
40592833,508,230
41100833,427,230
41527833,324,230
41851833,351,230
42202833,375,230
42577833,560,230
43137833,353,230
43490833,278,230
43768833,248,230
44016833,236,230
44252833,232,230
44484833,311,230
44795833,290,230
45085833,286,230
45371833,430,230
45801833,499,230
46300833,438,230
46738833,516,230
47254833,728,230
47982833,463,230
48445833,431,230
48876833,428,230
49304833,320,230
49624833,330,230
49954833,408,230
50362833,500,230
50862833,501,230
51363833,463,230
51826833,519,230
52345833,567,230
52912833,423,230
53335833,349,230
53684833,275,230
53959833,287,230
54246833,268,230
54514833,299,230
54813833,342,230
55155833,424,230
55579833,469,230
56048833,454,230
56502833,517,230
57019833,468,230
57487833,431,230
57918833,428,230
58346833,571,230
58917833,696,230
59613833,573,230
