timestamp,availableTxBuffer0,availableTxBuffer1
611833,246472,246472
611833,246472,246472
829833,237964,246472
1052833,236546,250726
1340833,235128,250726
1607833,229456,250726
1888833,235128,250726
2237833,236546,250726
2535833,232292,250726
2805833,235128,250726
3124833,229456,250726
3420833,219530,250726
3783833,216694,250726
4283833,226620,250726
4869833,225202,250726
5321833,223784,250726
5773833,226620,250726
6247833,235128,250726
6645833,239382,250726
6921833,230874,250726
7169833,229456,250726
7500833,233710,250726
7869833,239382,250726
8170833,235128,250726
8430833,242218,250726
8715833,242218,250726
8967833,246472,250726
9206833,245054,250726
9441833,243636,250726
9673833,242218,250726
9905833,246472,250726
10138833,240800,250726
10369833,235128,250726
10612833,235128,252144
10902833,228038,250726
11188833,216694,250726
11557833,218112,250726
12065833,215276,250726
12636833,226620,250726
13252833,235128,250726
13594833,228038,250726
13894833,230874,250726
14277833,232292,250726
14638833,233710,250726
14971833,233710,250726
15284833,237964,250726
15593833,239382,250726
15843833,236546,250726
16080833,240800,250726
16343833,242218,250726
16586833,242218,250726
16821833,233710,250726
17053833,236546,250726
17349833,228038,250726
17628833,222366,250726
18000833,213858,250726
18476833,229456,250726
19088833,235128,250726
19418833,232292,252144
19713833,230874,250726
20039833,223784,250726
20390833,196842,250726
20851833,212440,252144
21522833,215276,250726
22277833,222366,252144
22840833,209604,250726
23353833,196842,250726
24050833,209604,250726
24955833,218112,250726
25596833,212440,250726
26179833,213858,250726
26843833,211022,250726
27489833,208186,250726
28202833,215276,250726
28940833,229456,250726
29445833,237964,252144
29766833,236546,250726
30037833,229456,250726
30300833,226620,250726
30643833,229456,250726
31051833,226620,250726
31439833,220948,250726
31863833,222366,250726
32372833,222366,250726
32873833,225202,250726
33373833,226620,250726
33822833,218112,250726
34253833,211022,250726
34807833,211022,250726
35480833,229456,250726
36170833,232292,250726
36518833,228038,250726
36854833,223784,250726
37247833,228038,250726
37706833,223784,250726
38128833,216694,250726
38598833,211022,250726
39176833,208186,250726
39856833,219530,250726
40592833,223784,250726
41100833,236546,250726
41527833,230874,250726
41851833,229456,250726
42202833,213858,250726
42577833,236546,250726
43137833,235128,250726
43490833,237964,250726
43768833,240800,250726
44016833,242218,250726
44252833,232292,250726
44484833,236546,250726
44795833,235128,250726
45085833,220948,250726
45371833,222366,250726
45801833,228038,250726
46300833,220948,250726
46738833,205350,250726
47254833,223784,250726
47982833,226620,250726
48445833,226620,250726
48876833,235128,250726
49304833,232292,250726
49624833,226620,250726
49954833,220948,250726
50362833,222366,250726
50862833,225202,250726
51363833,220948,250726
51826833,218112,250726
52345833,225202,250726
52912833,230874,250726
53335833,240800,250726
53684833,235128,250726
53959833,236546,250726
54246833,233710,250726
54514833,230874,250726
54813833,225202,250726
55155833,223784,250726
55579833,225202,250726
56048833,220948,250726
56502833,223784,250726
57019833,226620,250726
57487833,226620,250726
57918833,216694,250726
58346833,209604,250726
58917833,213858,250726
59613833,232292,250726
