timestamp,cWnd0,cWnd1
611833,5672,5672
611833,15092,1500
829833,15092,1500
1052833,16524,1500
1340833,17257,1500
1607833,23533,1500
1888833,18150,1500
2237833,16054,1500
2535833,20806,1500
2805833,17781,1500
3124833,24060,1500
3420833,34919,1500
3783833,36219,1500
4283833,26513,1500
4869833,27224,1500
5321833,28780,1500
5773833,26099,1500
6247833,17332,1500
6645833,14090,1500
6921833,21336,1500
7169833,22761,1500
7500833,19799,1500
7869833,13740,1500
8170833,17407,1500
8430833,10739,1500
8715833,9976,1500
8967833,7022,1500
9206833,8134,1500
9441833,8729,1500
9673833,11275,1500
9905833,6528,1500
10138833,11345,1500
10369833,17582,1500
10612833,18269,1500
10902833,25469,1500
11188833,36051,1500
11557833,34932,1500
12065833,37021,1500
12636833,25958,1500
13252833,17084,1500
13594833,24909,1500
13894833,22286,1500
14277833,20167,1500
14638833,18436,1500
14971833,18707,1500
15284833,15538,1500
15593833,13718,1500
15843833,16664,1500
16080833,11708,1500
16343833,10994,1500
16586833,10465,1500
16821833,18593,1500
17053833,16530,1500
17349833,25048,1500
17628833,31882,1500
18000833,39500,1500
18476833,23354,1500
19088833,17744,1500
19418833,20375,1500
19713833,21275,1500
20039833,30852,1500
20390833,56623,1500
20851833,41274,1500
21522833,37399,1500
22277833,30101,1500
22840833,43444,1500
23353833,55785,1500
24050833,43968,1500
24955833,34650,1500
25596833,40235,1500
26179833,38697,1500
26843833,43347,1500
27489833,43969,1500
28202833,36923,1500
28940833,23563,1500
29445833,16133,1500
29766833,15832,1500
30037833,23296,1500
30300833,26639,1500
30643833,23703,1500
31051833,26308,1500
31439833,31786,1500
31863833,30520,1500
32372833,30399,1500
32873833,27226,1500
33373833,25912,1500
33822833,34431,1500
34253833,42108,1500
34807833,41200,1500
35480833,23171,1500
36170833,19894,1500
36518833,24241,1500
36854833,28415,1500
37247833,24697,1500
37706833,28745,1500
38128833,36111,1500
38598833,42332,1500
39176833,43981,1500
39856833,32683,1500
40592833,29580,1500
41100833,16968,1500
41527833,22669,1500
41851833,23002,1500
42202833,38915,1500
42577833,15813,1500
43137833,18008,1500
43490833,14544,1500
43768833,11373,1500
44016833,11663,1500
44252833,20743,1500
44484833,16798,1500
44795833,17706,1500
45085833,31475,1500
45371833,30698,1500
45801833,25347,1500
46300833,32613,1500
46738833,47228,1500
47254833,28988,1500
47982833,26319,1500
48445833,25527,1500
48876833,17059,1500
49304833,20541,1500
49624833,26748,1500
49954833,31870,1500
50362833,30336,1500
50862833,27157,1500
51363833,31210,1500
51826833,34861,1500
52345833,27358,1500
52912833,24062,1500
53335833,14106,1500
53684833,17412,1500
53959833,16275,1500
54246833,18477,1500
54514833,21450,1500
54813833,27766,1500
55155833,29431,1500
55579833,27791,1500
56048833,31710,1500
56502833,29688,1500
57019833,26038,1500
57487833,26845,1500
57918833,35527,1500
58346833,42851,1500
58917833,38642,1500
59613833,20483,1500
