timestamp,unAck0,unAck1
611833,5672,5672
611833,5672,5672
829833,14180,5672
1052833,15598,1418
1340833,17016,1418
1607833,22688,1418
1888833,17016,1418
2237833,15598,1418
2535833,19852,1418
2805833,17016,1418
3124833,22688,1418
3420833,32614,1418
3783833,35450,1418
4283833,25524,1418
4869833,26942,1418
5321833,28360,1418
5773833,25524,1418
6247833,17016,1418
6645833,12762,1418
6921833,21270,1418
7169833,22688,1418
7500833,18434,1418
7869833,12762,1418
8170833,17016,1418
8430833,9926,1418
8715833,9926,1418
8967833,5672,1418
9206833,7090,1418
9441833,8508,1418
9673833,9926,1418
9905833,5672,1418
10138833,11344,1418
10369833,17016,1418
10612833,17016,0
10902833,24106,1418
11188833,35450,1418
11557833,34032,1418
12065833,36868,1418
12636833,25524,1418
13252833,17016,1418
13594833,24106,1418
13894833,21270,1418
14277833,19852,1418
14638833,18434,1418
14971833,18434,1418
15284833,14180,1418
15593833,12762,1418
15843833,15598,1418
16080833,11344,1418
16343833,9926,1418
16586833,9926,1418
16821833,18434,1418
17053833,15598,1418
17349833,24106,1418
17628833,29778,1418
18000833,38286,1418
18476833,22688,1418
19088833,17016,1418
19418833,19852,0
19713833,21270,1418
20039833,28360,1418
20390833,55302,1418
20851833,39704,0
21522833,36868,1418
22277833,29778,0
22840833,42540,1418
23353833,55302,1418
24050833,42540,1418
24955833,34032,1418
25596833,39704,1418
26179833,38286,1418
26843833,41122,1418
27489833,43958,1418
28202833,36868,1418
28940833,22688,1418
29445833,14180,0
29766833,15598,1418
30037833,22688,1418
30300833,25524,1418
30643833,22688,1418
31051833,25524,1418
31439833,31196,1418
31863833,29778,1418
32372833,29778,1418
32873833,26942,1418
33373833,25524,1418
33822833,34032,1418
34253833,41122,1418
34807833,41122,1418
35480833,22688,1418
36170833,19852,1418
36518833,24106,1418
36854833,28360,1418
37247833,24106,1418
37706833,28360,1418
38128833,35450,1418
38598833,41122,1418
39176833,43958,1418
39856833,32614,1418
40592833,28360,1418
41100833,15598,1418
41527833,21270,1418
41851833,22688,1418
42202833,38286,1418
42577833,15598,1418
43137833,17016,1418
43490833,14180,1418
43768833,11344,1418
44016833,9926,1418
44252833,19852,1418
44484833,15598,1418
44795833,17016,1418
45085833,31196,1418
45371833,29778,1418
45801833,24106,1418
46300833,31196,1418
46738833,46794,1418
47254833,28360,1418
47982833,25524,1418
48445833,25524,1418
48876833,17016,1418
49304833,19852,1418
49624833,25524,1418
49954833,31196,1418
50362833,29778,1418
50862833,26942,1418
51363833,31196,1418
51826833,34032,1418
52345833,26942,1418
52912833,21270,1418
53335833,11344,1418
53684833,17016,1418
53959833,15598,1418
54246833,18434,1418
54514833,21270,1418
54813833,26942,1418
55155833,28360,1418
55579833,26942,1418
56048833,31196,1418
56502833,28360,1418
57019833,25524,1418
57487833,25524,1418
57918833,35450,1418
58346833,42540,1418
58917833,38286,1418
59613833,19852,1418
