timestamp,lastAckedSeq,highTxMark,availableTxBuffer,nextTxSeq,totalCwnd,unAckMeta
611833,5673,17017,1158,17017,11344,11344
611833,5673,17017,1158,17017,16592,11344
829833,11345,31197,1158,31197,16592,19852
1052833,29779,46795,1158,46795,18024,17016
1340833,48213,66647,1158,66647,18757,18434
1607833,66647,90753,1158,90753,25033,24106
1888833,83663,103515,1158,103515,19650,19852
2237833,107769,124785,1158,124785,17554,17016
2535833,126203,147473,1158,147473,22306,21270
2805833,144637,163071,1158,163071,19281,18434
3124833,164489,190013,1158,190013,25560,25524
3420833,184341,219791,2576,219791,36419,35450
3783833,207029,246733,1158,246733,37719,39704
4283833,239643,269421,1158,269421,28013,29778
4869833,277929,307707,1158,307707,28724,29778
5321833,307707,338903,1158,338903,30280,31196
5773833,337485,365845,1158,365845,27599,28360
6247833,370099,388533,1158,388533,18832,18434
6645833,395623,409803,1158,409803,15590,14180
6921833,412639,435327,1158,435327,22836,22688
7169833,426819,452343,1158,452343,24261,25524
7500833,449507,469359,1158,469359,21299,19852
7869833,473613,487793,1158,487793,15240,14180
8170833,492047,510481,1158,510481,18907,18434
8430833,507645,518989,1158,518989,12239,11344
8715833,521825,533169,1158,533169,11476,11344
8967833,533169,540259,1158,540259,8522,7090
9206833,541677,550185,1158,550185,9634,8508
9441833,550185,560111,1158,560111,10229,9926
9673833,560111,571455,1158,571455,12775,11344
9905833,571455,578545,1158,578545,8028,7090
10138833,578545,591307,1158,591307,12845,12762
10369833,591307,609741,1158,609741,19082,18434
10612833,606905,625339,1158,625339,19769,18434
10902833,625339,652281,1158,652281,26969,26942
11188833,643773,682059,1158,682059,37551,38286
11557833,667879,704747,1158,704747,36432,36868
12065833,700493,741615,1158,741615,38521,41122
12636833,737361,767139,1158,767139,27458,29778
13252833,779901,799753,1158,799753,18584,19852
13594833,802589,828113,1158,828113,26409,25524
13894833,822441,845129,1158,845129,23786,22688
14277833,846547,869235,1158,869235,21667,22688
14638833,870653,890505,1158,890505,19936,19852
14971833,891923,913193,1158,913193,20207,21270
15284833,913193,928791,1158,928791,17038,15598
15593833,931627,945807,1158,945807,15218,14180
15843833,947225,964241,1158,964241,18164,17016
16080833,962823,975585,1158,975585,13208,12762
16343833,977003,988347,1158,988347,12494,11344
16586833,988347,999691,1158,999691,11965,11344
16821833,1001109,1020961,1158,1020961,20093,19852
17053833,1013871,1032305,1158,1032305,18030,18434
17349833,1035141,1060665,1158,1060665,26548,25524
17628833,1052157,1084771,2576,1084771,33382,32614
18000833,1074845,1117385,1158,1117385,41000,42540
18476833,1106041,1132983,1158,1132983,24854,26942
19088833,1148581,1167015,1158,1167015,19244,18434
19418833,1168433,1189703,1158,1189703,21875,21270
19713833,1188285,1212391,1158,1212391,22775,24106
20039833,1210973,1240751,2576,1240751,32352,29778
20390833,1230825,1290381,1158,1290381,58123,59556
20851833,1260603,1304561,2576,1304561,42774,43958
21522833,1305979,1345683,1158,1345683,38899,39704
22277833,1354191,1386805,1158,1386805,31601,32614
22840833,1391059,1437853,1158,1437853,44944,46794
23353833,1423673,1483229,1158,1483229,57285,59556
24050833,1469049,1517261,2576,1517261,45468,48212
24955833,1528605,1566891,1158,1566891,36150,38286
25596833,1571145,1613685,1158,1613685,41735,42540
26179833,1609431,1651971,1158,1651971,40197,42540
26843833,1653389,1698765,2576,1698765,44847,45376
27489833,1694511,1742723,1158,1742723,45469,48212
28202833,1739887,1781009,1158,1781009,38423,41122
28940833,1790935,1815041,1158,1815041,25063,24106
29445833,1824967,1840565,2576,1840565,17633,15598
29766833,1846237,1863253,1158,1863253,17332,17016
30037833,1863253,1887359,1158,1887359,24796,24106
30300833,1878851,1907211,1158,1907211,28139,28360
30643833,1902957,1928481,1158,1928481,25203,25524
31051833,1929899,1956841,1158,1956841,27808,26942
31439833,1954005,1988037,1158,1988037,33286,34032
31863833,1980947,2014979,1158,2014979,32020,34032
32372833,2014979,2047593,1158,2047593,31899,32614
32873833,2047593,2077371,1158,2077371,28726,29778
33373833,2080207,2108567,1158,2108567,27412,28360
33822833,2109985,2146853,1158,2146853,35931,36868
34253833,2136927,2182303,1158,2182303,43608,45376
34807833,2172377,2217753,1158,2217753,42700,45376
35480833,2216335,2243277,1158,2243277,24671,26942
36170833,2263129,2285817,1158,2285817,21394,22688
36518833,2287235,2312759,1158,2312759,25741,25524
36854833,2308505,2339701,1158,2339701,29915,31196
37247833,2332611,2359553,1158,2359553,26197,26942
37706833,2363807,2395003,1158,2395003,30245,31196
38128833,2390749,2429035,1158,2429035,37611,38286
38598833,2420527,2465903,1158,2465903,43832,45376
39176833,2457395,2505607,1158,2505607,45481,48212
39856833,2502771,2539639,1158,2539639,34183,36868
40592833,2550983,2582179,1158,2582179,31080,31196
41100833,2586433,2603449,1158,2603449,18468,17016
41527833,2614793,2637481,1158,2637481,24169,22688
41851833,2634645,2658751,1158,2658751,24502,24106
42202833,2657333,2698455,1158,2698455,40415,41122
42577833,2681439,2701291,1158,2701291,17313,19852
43137833,2719725,2738159,1158,2738159,19508,18434
43490833,2742413,2758011,1158,2758011,16044,15598
43768833,2759429,2772191,1158,2772191,12873,12762
44016833,2773609,2784953,2576,2784953,13163,11344
44252833,2786371,2807641,1158,2807641,22243,21270
44484833,2799133,2817567,1158,2817567,18298,18434
44795833,2820403,2838837,1158,2838837,19206,18434
45085833,2840255,2872869,1158,2872869,32975,32614
45371833,2857271,2889885,1158,2889885,32198,32614
45801833,2885631,2912573,1158,2912573,26847,26942
46300833,2918245,2952277,1158,2952277,34113,34032
46738833,2946605,2996235,1158,2996235,48728,49630
47254833,2977801,3010415,1158,3010415,30488,32614
47982833,3027431,3055791,1158,3055791,27819,28360
48445833,3057209,3085569,1158,3085569,27027,28360
48876833,3086987,3105421,1158,3105421,18559,18434
49304833,3113929,3136617,1158,3136617,22041,22688
49624833,3136617,3163559,1158,3163559,28248,26942
49954833,3157887,3191919,1158,3191919,33370,34032
50362833,3183411,3216025,1158,3216025,31836,32614
50862833,3216025,3245803,1158,3245803,28657,29778
51363833,3248639,3282671,1158,3282671,32710,34032
51826833,3278417,3315285,1158,3315285,36361,36868
52345833,3312449,3343645,1158,3343645,28858,31196
52912833,3350735,3374841,2576,3374841,25562,24106
53335833,3379095,3391857,2576,3391857,15606,12762
53684833,3398947,3417381,1158,3417381,18912,18434
53959833,3417381,3434397,1158,3434397,17775,17016
54246833,3435815,3457085,1158,3457085,19977,21270
54514833,3452831,3476937,1158,3476937,22950,24106
54813833,3472683,3502461,1158,3502461,29266,29778
55155833,3493953,3525149,1158,3525149,30931,31196
55579833,3522313,3552091,1158,3552091,29291,29778
56048833,3552091,3586123,1158,3586123,33210,34032
56502833,3581869,3613065,1158,3613065,31188,31196
57019833,3615901,3644261,1158,3644261,27538,28360
57487833,3647097,3675457,1158,3675457,28345,28360
57918833,3675457,3713743,1158,3713743,37027,38286
58346833,3702399,3749193,1158,3749193,44351,46794
58917833,3739267,3781807,1158,3781807,40142,42540
59613833,3787479,3808749,1158,3808749,21983,21270
