timestamp,availableTxBuffer0,availableTxBuffer1
611833,246472,246472
611833,246472,246472
829833,237964,246472
1052833,211022,250726
1340833,165646,250726
1716833,135868,250726
2350833,150048,250726
3480833,185498,250726
5375833,165646,250726
6816833,174154,250726
8271833,194006,250726
9398833,194006,250726
10375833,194006,250726
11352833,228038,250726
12329833,237964,250726
12575833,243636,250726
12815833,242218,250726
13049833,242218,250726
13282833,243636,250726
13513833,240800,250726
13744833,243636,250726
13976833,245054,250726
14207833,242218,250726
14437833,242218,250726
14669833,245054,250726
14900833,246472,250726
15130833,245054,250726
15360833,245054,250726
15590833,242218,250726
15820833,245054,250726
16056833,249308,250726
16289833,246472,250726
16521833,243636,250726
16756833,242218,250726
16999833,240800,250726
17241833,239382,250726
17483833,230874,250726
17724833,212440,250726
18047833,215276,250726
18476833,208186,250726
19102833,202514,250726
19826833,195424,250726
20656833,195424,250726
21606833,203932,250726
22559833,219530,250726
23225833,235128,252144
23647833,232292,250726
23967833,235128,250726
24297833,236546,250726
24584833,240800,250726
24846833,243636,250726
25087833,247890,250726
25322833,249308,250726
25556833,247890,250726
25789833,247890,250726
26021833,246472,250726
26252833,243636,250726
26484833,246472,250726
26723833,246472,250726
26958833,245054,250726
27191833,245054,250726
27423833,245054,250726
27654833,246472,250726
27884833,245054,250726
28114833,237964,250726
28344833,230874,250726
28620833,219530,252144
28946833,211022,250726
29402833,223784,250726
30025833,239382,250726
30408833,240800,250726
30662833,240800,250726
30899833,226620,250726
31131833,226620,250726
31468833,235128,250726
31885833,235128,250726
32191833,236546,250726
32480833,237964,250726
32746833,233710,250726
33008833,236546,250726
33305833,242218,250726
33578833,242218,250726
33825833,243636,250726
34062833,240800,250726
34295833,240800,250726
34540833,242218,250726
34776833,242218,250726
35008833,240800,250726
35239833,242218,250726
35469833,245054,250726
35699833,246472,250726
35929833,243636,250726
36159833,246472,250726
36391833,246472,250726
36622833,247890,250726
36853833,245054,250726
37083833,245054,250726
37316833,246472,250726
37547833,243636,250726
37778833,242218,250726
38013833,247890,250726
38250833,246472,250726
38484833,247890,250726
38716833,247890,250726
38947833,245054,250726
39178833,243636,250726
39413833,236546,250726
39650833,236546,250726
39941833,237964,250726
40205833,239382,250726
40450833,245054,250726
40685833,245054,250726
40918833,246472,250726
41149833,247890,250726
41380833,249308,250726
41610833,249308,250726
41840833,249308,250726
42070833,249308,250726
42300833,249308,250726
42530833,249308,250726
42760833,247890,250726
42990833,242218,250726
43220833,237964,250726
43470833,245054,250726
43740833,245054,250726
43991833,247890,250726
44232833,246472,250726
44468833,247890,250726
44702833,247890,250726
44934833,245054,250726
45165833,242218,250726
45399833,243636,250726
45641833,245054,250726
45876833,243636,250726
46108833,242218,250726
46339833,239382,250726
46571833,233710,250726
46822833,236546,250726
47121833,235128,250726
47397833,239382,250726
47680833,245054,250726
47929833,246472,250726
48169833,247890,250726
48405833,246472,250726
48639833,246472,250726
48871833,247890,250726
49102833,246472,250726
49333833,246472,250726
49565833,246472,250726
49796833,247890,250726
50026833,243636,250726
50256833,243636,250726
50496833,247890,250726
50730833,247890,250726
50963833,247890,250726
51195833,247890,250726
51426833,245054,250726
51657833,246472,250726
51890833,249308,250726
52122833,249308,250726
52353833,249308,250726
52584833,250726,250726
52815833,250726,250726
53046833,250726,250726
53277833,249308,250726
53507833,247890,250726
53738833,246472,250726
53972833,246472,250726
54210833,246472,250726
54445833,245054,250726
54683833,249308,250726
54917833,246472,250726
55150833,243636,250726
55387833,240800,250726
55632833,246472,250726
55884833,246472,250726
56127833,246472,250726
56365833,245054,250726
56599833,243636,250726
56831833,242218,250726
57063833,240800,250726
57299833,243636,250726
57538833,246472,250726
57772833,246472,250726
58005833,246472,250726
58236833,245054,250726
58467833,243636,250726
58697833,239382,250726
58929833,239382,250726
59177833,233710,250726
59425833,235128,250726
59715833,237964,250726
