timestamp,unAck0,unAck1
611833,5672,5672
611833,5672,5672
829833,14180,5672
1052833,41122,1418
1340833,86498,1418
1716833,116276,1418
2350833,102096,1418
3480833,66646,1418
5375833,86498,1418
6816833,77990,1418
8271833,58138,1418
9398833,58138,1418
10375833,58138,1418
11352833,24106,1418
12329833,14180,1418
12575833,8508,1418
12815833,9926,1418
13049833,9926,1418
13282833,8508,1418
13513833,11344,1418
13744833,8508,1418
13976833,7090,1418
14207833,9926,1418
14437833,9926,1418
14669833,7090,1418
14900833,5672,1418
15130833,7090,1418
15360833,7090,1418
15590833,9926,1418
15820833,7090,1418
16056833,2836,1418
16289833,5672,1418
16521833,8508,1418
16756833,9926,1418
16999833,11344,1418
17241833,12762,1418
17483833,21270,1418
17724833,39704,1418
18047833,36868,1418
18476833,43958,1418
19102833,49630,1418
19826833,56720,1418
20656833,56720,1418
21606833,48212,1418
22559833,32614,1418
23225833,17016,0
23647833,19852,1418
23967833,17016,1418
24297833,15598,1418
24584833,11344,1418
24846833,8508,1418
25087833,4254,1418
25322833,2836,1418
25556833,4254,1418
25789833,4254,1418
26021833,5672,1418
26252833,8508,1418
26484833,5672,1418
26723833,5672,1418
26958833,7090,1418
27191833,7090,1418
27423833,7090,1418
27654833,5672,1418
27884833,7090,1418
28114833,14180,1418
28344833,21270,1418
28620833,32614,0
28946833,41122,1418
29402833,28360,1418
30025833,12762,1418
30408833,11344,1418
30662833,11344,1418
30899833,25524,1418
31131833,25524,1418
31468833,17016,1418
31885833,17016,1418
32191833,15598,1418
32480833,14180,1418
32746833,18434,1418
33008833,15598,1418
33305833,9926,1418
33578833,9926,1418
33825833,8508,1418
34062833,11344,1418
34295833,11344,1418
34540833,9926,1418
34776833,9926,1418
35008833,11344,1418
35239833,9926,1418
35469833,7090,1418
35699833,5672,1418
35929833,8508,1418
36159833,5672,1418
36391833,5672,1418
36622833,4254,1418
36853833,7090,1418
37083833,7090,1418
37316833,5672,1418
37547833,8508,1418
37778833,9926,1418
38013833,4254,1418
38250833,5672,1418
38484833,4254,1418
38716833,4254,1418
38947833,7090,1418
39178833,8508,1418
39413833,15598,1418
39650833,15598,1418
39941833,14180,1418
40205833,12762,1418
40450833,7090,1418
40685833,7090,1418
40918833,5672,1418
41149833,4254,1418
41380833,2836,1418
41610833,2836,1418
41840833,2836,1418
42070833,2836,1418
42300833,2836,1418
42530833,2836,1418
42760833,4254,1418
42990833,9926,1418
43220833,14180,1418
43470833,7090,1418
43740833,7090,1418
43991833,4254,1418
44232833,5672,1418
44468833,4254,1418
44702833,4254,1418
44934833,7090,1418
45165833,9926,1418
45399833,8508,1418
45641833,7090,1418
45876833,8508,1418
46108833,9926,1418
46339833,12762,1418
46571833,18434,1418
46822833,15598,1418
47121833,17016,1418
47397833,12762,1418
47680833,7090,1418
47929833,5672,1418
48169833,4254,1418
48405833,5672,1418
48639833,5672,1418
48871833,4254,1418
49102833,5672,1418
49333833,5672,1418
49565833,5672,1418
49796833,4254,1418
50026833,8508,1418
50256833,8508,1418
50496833,4254,1418
50730833,4254,1418
50963833,4254,1418
51195833,4254,1418
51426833,7090,1418
51657833,5672,1418
51890833,2836,1418
52122833,2836,1418
52353833,2836,1418
52584833,1418,1418
52815833,1418,1418
53046833,1418,1418
53277833,2836,1418
53507833,4254,1418
53738833,5672,1418
53972833,5672,1418
54210833,5672,1418
54445833,7090,1418
54683833,2836,1418
54917833,5672,1418
55150833,8508,1418
55387833,11344,1418
55632833,5672,1418
55884833,5672,1418
56127833,5672,1418
56365833,7090,1418
56599833,8508,1418
56831833,9926,1418
57063833,11344,1418
57299833,8508,1418
57538833,5672,1418
57772833,5672,1418
58005833,5672,1418
58236833,7090,1418
58467833,8508,1418
58697833,12762,1418
58929833,12762,1418
59177833,18434,1418
59425833,17016,1418
59715833,14180,1418
