timestamp,rWnd0,rWnd1
611833,1073725440,1073725440
611833,1073725440,1073725440
829833,1073725440,1073725440
1052833,1073725440,1073725440
1340833,1073725440,1073725440
1716833,1073725440,1073725440
2350833,1073725440,1073725440
3480833,1073725440,1073725440
5375833,1073725440,1073725440
6816833,1073725440,1073725440
8271833,1073725440,1073725440
9398833,1073725440,1073725440
10375833,1073725440,1073725440
11352833,1073725440,1073725440
12329833,1073725440,1073725440
12575833,1073725440,1073725440
12815833,1073725440,1073725440
13049833,1073725440,1073725440
13282833,1073725440,1073725440
13513833,1073725440,1073725440
13744833,1073725440,1073725440
13976833,1073725440,1073725440
14207833,1073725440,1073725440
14437833,1073725440,1073725440
14669833,1073725440,1073725440
14900833,1073725440,1073725440
15130833,1073725440,1073725440
15360833,1073725440,1073725440
15590833,1073725440,1073725440
15820833,1073725440,1073725440
16056833,1073725440,1073725440
16289833,1073725440,1073725440
16521833,1073725440,1073725440
16756833,1073725440,1073725440
16999833,1073725440,1073725440
17241833,1073725440,1073725440
17483833,1073725440,1073725440
17724833,1073725440,1073725440
18047833,1073725440,1073725440
18476833,1073725440,1073725440
19102833,1073725440,1073725440
19826833,1073725440,1073725440
20656833,1073725440,1073725440
21606833,1073725440,1073725440
22559833,1073725440,1073725440
23225833,1073725440,1073725440
23647833,1073725440,1073725440
23967833,1073725440,1073725440
24297833,1073725440,1073725440
24584833,1073725440,1073725440
24846833,1073725440,1073725440
25087833,1073725440,1073725440
25322833,1073725440,1073725440
25556833,1073725440,1073725440
25789833,1073725440,1073725440
26021833,1073725440,1073725440
26252833,1073725440,1073725440
26484833,1073725440,1073725440
26723833,1073725440,1073725440
26958833,1073725440,1073725440
27191833,1073725440,1073725440
27423833,1073725440,1073725440
27654833,1073725440,1073725440
27884833,1073725440,1073725440
28114833,1073725440,1073725440
28344833,1073725440,1073725440
28620833,1073725440,1073725440
28946833,1073725440,1073725440
29402833,1073725440,1073725440
30025833,1073725440,1073725440
30408833,1073725440,1073725440
30662833,1073725440,1073725440
30899833,1073725440,1073725440
31131833,1073725440,1073725440
31468833,1073725440,1073725440
31885833,1073725440,1073725440
32191833,1073725440,1073725440
32480833,1073725440,1073725440
32746833,1073725440,1073725440
33008833,1073725440,1073725440
33305833,1073725440,1073725440
33578833,1073725440,1073725440
33825833,1073725440,1073725440
34062833,1073725440,1073725440
34295833,1073725440,1073725440
34540833,1073725440,1073725440
34776833,1073725440,1073725440
35008833,1073725440,1073725440
35239833,1073725440,1073725440
35469833,1073725440,1073725440
35699833,1073725440,1073725440
35929833,1073725440,1073725440
36159833,1073725440,1073725440
36391833,1073725440,1073725440
36622833,1073725440,1073725440
36853833,1073725440,1073725440
37083833,1073725440,1073725440
37316833,1073725440,1073725440
37547833,1073725440,1073725440
37778833,1073725440,1073725440
38013833,1073725440,1073725440
38250833,1073725440,1073725440
38484833,1073725440,1073725440
38716833,1073725440,1073725440
38947833,1073725440,1073725440
39178833,1073725440,1073725440
39413833,1073725440,1073725440
39650833,1073725440,1073725440
39941833,1073725440,1073725440
40205833,1073725440,1073725440
40450833,1073725440,1073725440
40685833,1073725440,1073725440
40918833,1073725440,1073725440
41149833,1073725440,1073725440
41380833,1073725440,1073725440
41610833,1073725440,1073725440
41840833,1073725440,1073725440
42070833,1073725440,1073725440
42300833,1073725440,1073725440
42530833,1073725440,1073725440
42760833,1073725440,1073725440
42990833,1073725440,1073725440
43220833,1073725440,1073725440
43470833,1073725440,1073725440
43740833,1073725440,1073725440
43991833,1073725440,1073725440
44232833,1073725440,1073725440
44468833,1073725440,1073725440
44702833,1073725440,1073725440
44934833,1073725440,1073725440
45165833,1073725440,1073725440
45399833,1073725440,1073725440
45641833,1073725440,1073725440
45876833,1073725440,1073725440
46108833,1073725440,1073725440
46339833,1073725440,1073725440
46571833,1073725440,1073725440
46822833,1073725440,1073725440
47121833,1073725440,1073725440
47397833,1073725440,1073725440
47680833,1073725440,1073725440
47929833,1073725440,1073725440
48169833,1073725440,1073725440
48405833,1073725440,1073725440
48639833,1073725440,1073725440
48871833,1073725440,1073725440
49102833,1073725440,1073725440
49333833,1073725440,1073725440
49565833,1073725440,1073725440
49796833,1073725440,1073725440
50026833,1073725440,1073725440
50256833,1073725440,1073725440
50496833,1073725440,1073725440
50730833,1073725440,1073725440
50963833,1073725440,1073725440
51195833,1073725440,1073725440
51426833,1073725440,1073725440
51657833,1073725440,1073725440
51890833,1073725440,1073725440
52122833,1073725440,1073725440
52353833,1073725440,1073725440
52584833,1073725440,1073725440
52815833,1073725440,1073725440
53046833,1073725440,1073725440
53277833,1073725440,1073725440
53507833,1073725440,1073725440
53738833,1073725440,1073725440
53972833,1073725440,1073725440
54210833,1073725440,1073725440
54445833,1073725440,1073725440
54683833,1073725440,1073725440
54917833,1073725440,1073725440
55150833,1073725440,1073725440
55387833,1073725440,1073725440
55632833,1073725440,1073725440
55884833,1073725440,1073725440
56127833,1073725440,1073725440
56365833,1073725440,1073725440
56599833,1073725440,1073725440
56831833,1073725440,1073725440
57063833,1073725440,1073725440
57299833,1073725440,1073725440
57538833,1073725440,1073725440
57772833,1073725440,1073725440
58005833,1073725440,1073725440
58236833,1073725440,1073725440
58467833,1073725440,1073725440
58697833,1073725440,1073725440
58929833,1073725440,1073725440
59177833,1073725440,1073725440
59425833,1073725440,1073725440
59715833,1073725440,1073725440
