timestamp,cWnd0,cWnd1
611833,5672,5672
611833,15071,1500
829833,15071,1500
1052833,42122,1500
1340833,86975,1500
1716833,117684,1500
2350833,103270,1500
3480833,67699,1500
5375833,87494,1500
6816833,78382,1500
8271833,59514,1500
9398833,59160,1500
10375833,58913,1500
11352833,24793,1500
12329833,14366,1500
12575833,9561,1500
12815833,10529,1500
13049833,11341,1500
13282833,9666,1500
13513833,12387,1500
13744833,9780,1500
13976833,8126,1500
14207833,10968,1500
14437833,10898,1500
14669833,7598,1500
14900833,6141,1500
15130833,7214,1500
15360833,8342,1500
15590833,9974,1500
15820833,7615,1500
16056833,3713,1500
16289833,5964,1500
16521833,9694,1500
16756833,10846,1500
16999833,12606,1500
17241833,13203,1500
17483833,22612,1500
17724833,40861,1500
18047833,38111,1500
18476833,45076,1500
19102833,50305,1500
19826833,57570,1500
20656833,56922,1500
21606833,48722,1500
22559833,33444,1500
23225833,18226,1500
23647833,20938,1500
23967833,17677,1500
24297833,16848,1500
24584833,12801,1500
24846833,9748,1500
25087833,5121,1500
25322833,3805,1500
25556833,4711,1500
25789833,4998,1500
26021833,6230,1500
26252833,9498,1500
26484833,6925,1500
26723833,6175,1500
26958833,8256,1500
27191833,7599,1500
27423833,7560,1500
27654833,6663,1500
27884833,8051,1500
28114833,15556,1500
28344833,21483,1500
28620833,33394,1500
28946833,41312,1500
29402833,29173,1500
30025833,13613,1500
30408833,11848,1500
30662833,12313,1500
30899833,26623,1500
31131833,26030,1500
31468833,17895,1500
31885833,17091,1500
32191833,16232,1500
32480833,16420,1500
32746833,19167,1500
33008833,16865,1500
33305833,11155,1500
33578833,10243,1500
33825833,8628,1500
34062833,11870,1500
34295833,11791,1500
34540833,10410,1500
34776833,11181,1500
35008833,12488,1500
35239833,10149,1500
35469833,7182,1500
35699833,6167,1500
35929833,9925,1500
36159833,7029,1500
36391833,5886,1500
36622833,5422,1500
36853833,7308,1500
37083833,7779,1500
37316833,5960,1500
37547833,8571,1500
37778833,10097,1500
38013833,5637,1500
38250833,5816,1500
38484833,5482,1500
38716833,5192,1500
38947833,7841,1500
39178833,9376,1500
39413833,16095,1500
39650833,16045,1500
39941833,14817,1500
40205833,13625,1500
40450833,8047,1500
40685833,7647,1500
40918833,5901,1500
41149833,4428,1500
41380833,4038,1500
41610833,3656,1500
41840833,3847,1500
42070833,2926,1500
42300833,3405,1500
42530833,3234,1500
42760833,4675,1500
42990833,10876,1500
43220833,14910,1500
43470833,8209,1500
43740833,7292,1500
43991833,5578,1500
44232833,6446,1500
44468833,5571,1500
44702833,5351,1500
44934833,7794,1500
45165833,10274,1500
45399833,9903,1500
45641833,7945,1500
45876833,8853,1500
46108833,10865,1500
46339833,13167,1500
46571833,18499,1500
46822833,16640,1500
47121833,17192,1500
47397833,13429,1500
47680833,7923,1500
47929833,6342,1500
48169833,5471,1500
48405833,5758,1500
48639833,6331,1500
48871833,5451,1500
49102833,6820,1500
49333833,6408,1500
49565833,6693,1500
49796833,5092,1500
50026833,8693,1500
50256833,8686,1500
50496833,5588,1500
50730833,4821,1500
50963833,5370,1500
51195833,5399,1500
51426833,7194,1500
51657833,6787,1500
51890833,3313,1500
52122833,4076,1500
52353833,3633,1500
52584833,2677,1500
52815833,2187,1500
53046833,2496,1500
53277833,3401,1500
53507833,4600,1500
53738833,6153,1500
53972833,7019,1500
54210833,8059,1500
54445833,7916,1500
54683833,3954,1500
54917833,6531,1500
55150833,8767,1500
55387833,12295,1500
55632833,6904,1500
55884833,5989,1500
56127833,6149,1500
56365833,7787,1500
56599833,9835,1500
56831833,11297,1500
57063833,12242,1500
57299833,9138,1500
57538833,6844,1500
57772833,7363,1500
58005833,6978,1500
58236833,8063,1500
58467833,9809,1500
58697833,13231,1500
58929833,14235,1500
59177833,19808,1500
59425833,17809,1500
59715833,15109,1500
