timestamp,rtt0,rtt1
611833,218,184
611833,218,184
829833,223,184
1052833,288,219
1340833,376,221
1716833,634,223
2350833,1130,225
3480833,1895,227
5375833,1441,229
6816833,1455,229
8271833,1127,230
9398833,977,230
10375833,977,230
11352833,977,230
12329833,246,230
12575833,240,230
12815833,234,230
13049833,233,230
13282833,231,230
13513833,231,230
13744833,232,230
13976833,231,230
14207833,230,230
14437833,232,230
14669833,231,230
14900833,230,230
15130833,230,230
15360833,230,230
15590833,230,230
15820833,236,230
16056833,233,230
16289833,232,230
16521833,235,230
16756833,243,230
16999833,242,230
17241833,242,230
17483833,241,230
17724833,323,230
18047833,429,230
18476833,626,230
19102833,724,230
19826833,830,230
20656833,950,230
21606833,953,230
22559833,666,230
23225833,422,230
23647833,320,230
23967833,330,230
24297833,287,230
24584833,262,230
24846833,241,230
25087833,235,230
25322833,234,230
25556833,233,230
25789833,232,230
26021833,231,230
26252833,232,230
26484833,239,230
26723833,235,230
26958833,233,230
27191833,232,230
27423833,231,230
27654833,230,230
27884833,230,230
28114833,230,230
28344833,276,230
28620833,326,230
28946833,456,230
29402833,623,230
30025833,383,230
30408833,254,230
30662833,237,230
30899833,232,230
31131833,337,230
31468833,417,230
31885833,306,230
32191833,289,230
32480833,266,230
32746833,262,230
33008833,297,230
33305833,273,230
33578833,247,230
33825833,237,230
34062833,233,230
34295833,245,230
34540833,236,230
34776833,232,230
35008833,231,230
35239833,230,230
35469833,230,230
35699833,230,230
35929833,230,230
36159833,232,230
36391833,231,230
36622833,231,230
36853833,230,230
37083833,233,230
37316833,231,230
37547833,231,230
37778833,235,230
38013833,237,230
38250833,234,230
38484833,232,230
38716833,231,230
38947833,231,230
39178833,235,230
39413833,237,230
39650833,291,230
39941833,264,230
40205833,245,230
40450833,235,230
40685833,233,230
40918833,231,230
41149833,231,230
41380833,230,230
41610833,230,230
41840833,230,230
42070833,230,230
42300833,230,230
42530833,230,230
42760833,230,230
42990833,230,230
43220833,250,230
43470833,270,230
43740833,251,230
43991833,241,230
44232833,236,230
44468833,234,230
44702833,232,230
44934833,231,230
45165833,234,230
45399833,242,230
45641833,235,230
45876833,232,230
46108833,231,230
46339833,232,230
46571833,251,230
46822833,299,230
47121833,276,230
47397833,283,230
47680833,249,230
47929833,240,230
48169833,236,230
48405833,234,230
48639833,232,230
48871833,231,230
49102833,231,230
49333833,232,230
49565833,231,230
49796833,230,230
50026833,230,230
50256833,240,230
50496833,234,230
50730833,233,230
50963833,232,230
51195833,231,230
51426833,231,230
51657833,233,230
51890833,232,230
52122833,231,230
52353833,231,230
52584833,231,230
52815833,231,230
53046833,231,230
53277833,230,230
53507833,231,230
53738833,234,230
53972833,238,230
54210833,235,230
54445833,238,230
54683833,234,230
54917833,233,230
55150833,237,230
55387833,245,230
55632833,252,230
55884833,243,230
56127833,238,230
56365833,234,230
56599833,232,230
56831833,232,230
57063833,236,230
57299833,239,230
57538833,234,230
57772833,233,230
58005833,231,230
58236833,231,230
58467833,230,230
58697833,232,230
58929833,248,230
59177833,248,230
59425833,290,230
59715833,288,230
