timestamp,lastAckedSeq,highTxMark,availableTxBuffer,nextTxSeq,totalCwnd,unAckMeta
611833,5673,17017,1158,17017,11344,11344
611833,5673,17017,1158,17017,16571,11344
829833,11345,31197,1158,31197,16571,19852
1052833,29779,72319,1158,72319,43622,42540
1340833,46795,136129,1158,136129,88475,89334
1716833,70901,191431,1158,191431,119184,120530
2350833,109187,219791,1158,219791,104770,110604
3480833,178669,256659,1158,256659,69199,77990
5375833,304871,399877,1158,399877,88994,95006
6816833,401295,486375,1158,486375,79882,85080
8271833,497719,561529,1158,561529,61014,63810
9398833,571455,635265,1158,635265,60660,63810
10375833,635265,699075,1158,699075,60413,63810
11352833,703329,728853,2576,728853,26293,25524
12329833,767139,782737,1158,782737,15866,15598
12575833,782737,792663,1158,792663,11061,9926
12815833,792663,804007,1158,804007,12029,11344
13049833,804007,815351,1158,815351,12841,11344
13282833,815351,825277,1158,825277,11166,9926
13513833,825277,838039,1158,838039,13887,12762
13744833,838039,847965,1158,847965,11280,9926
13976833,847965,856473,1158,856473,9626,8508
14207833,856473,867817,1158,867817,12468,11344
14437833,867817,879161,1158,879161,12398,11344
14669833,879161,887669,1158,887669,9098,8508
14900833,887669,894759,1158,894759,7641,7090
15130833,894759,903267,1158,903267,8714,8508
15360833,903267,911775,1158,911775,9842,8508
15590833,911775,923119,1158,923119,11474,11344
15820833,923119,931627,1158,931627,9115,8508
16056833,931627,935881,1158,935881,5213,4254
16289833,935881,942971,1158,942971,7464,7090
16521833,942971,952897,1158,952897,11194,9926
16756833,952897,964241,1158,964241,12346,11344
16999833,965659,978421,1158,978421,14106,12762
17241833,978421,992601,1158,992601,14703,14180
17483833,994019,1016707,1158,1016707,24112,22688
17724833,1009617,1050739,1158,1050739,42361,41122
18047833,1028051,1069173,1158,1069173,39611,41122
18476833,1056411,1104623,1158,1104623,46576,48212
19102833,1097533,1151417,1158,1151417,51805,53884
19826833,1144327,1205301,1158,1205301,59070,60974
20656833,1198211,1260603,1158,1260603,58422,62392
21606833,1259185,1313069,1158,1313069,50222,53884
22559833,1322995,1359863,1158,1359863,34944,36868
23225833,1368371,1386805,1158,1386805,19726,18434
23647833,1396731,1418001,1158,1418001,22438,21270
23967833,1416583,1436435,1158,1436435,19177,19852
24297833,1439271,1456287,1158,1456287,18348,17016
24584833,1457705,1470467,2576,1470467,14301,12762
24846833,1470467,1480393,1158,1480393,11248,9926
25087833,1480393,1486065,1158,1486065,6621,5672
25322833,1486065,1490319,1158,1490319,5305,4254
25556833,1491737,1497409,1158,1497409,6211,5672
25789833,1497409,1503081,1158,1503081,6498,5672
26021833,1503081,1510171,1158,1510171,7730,7090
26252833,1510171,1520097,1158,1520097,10998,9926
26484833,1520097,1527187,1158,1527187,8425,7090
26723833,1527187,1534277,1158,1534277,7675,7090
26958833,1534277,1542785,1158,1542785,9756,8508
27191833,1542785,1551293,1158,1551293,9099,8508
27423833,1551293,1559801,1158,1559801,9060,8508
27654833,1559801,1566891,1158,1566891,8163,7090
27884833,1566891,1575399,1158,1575399,9551,8508
28114833,1575399,1590997,1158,1590997,17056,15598
28344833,1590997,1613685,1158,1613685,22983,22688
28620833,1608013,1642045,1158,1642045,34894,34032
28946833,1629283,1673241,1158,1673241,42812,43958
29402833,1657643,1690257,1158,1690257,30673,32614
30025833,1698765,1712945,1158,1712945,15113,14180
30408833,1721453,1734215,1158,1734215,13348,12762
30662833,1735633,1748395,1158,1748395,13813,12762
30899833,1748395,1775337,1158,1775337,28123,26942
31131833,1762575,1790935,1158,1790935,27530,28360
31468833,1785263,1805115,1158,1805115,19395,19852
31885833,1813623,1832057,1158,1832057,18591,18434
32191833,1832057,1850491,1158,1850491,17732,18434
32480833,1853327,1868925,2576,1868925,17920,15598
32746833,1870343,1890195,1158,1890195,20667,19852
33008833,1887359,1904375,1158,1904375,18365,17016
33305833,1904375,1915719,1158,1915719,12655,11344
33578833,1915719,1927063,1158,1927063,11743,11344
33825833,1928481,1938407,1158,1938407,10128,9926
34062833,1939825,1952587,1158,1952587,13370,12762
34295833,1952587,1965349,1158,1965349,13291,12762
34540833,1965349,1976693,1158,1976693,11910,11344
34776833,1976693,1988037,1158,1988037,12681,11344
35008833,1989455,2002217,1158,2002217,13988,12762
35239833,2002217,2013561,1158,2013561,11649,11344
35469833,2012143,2020651,1158,2020651,8682,8508
35699833,2020651,2027741,1158,2027741,7667,7090
35929833,2027741,2037667,1158,2037667,11425,9926
36159833,2037667,2044757,1158,2044757,8529,7090
36391833,2044757,2051847,1158,2051847,7386,7090
36622833,2051847,2057519,1158,2057519,6922,5672
36853833,2057519,2066027,1158,2066027,8808,8508
37083833,2066027,2074535,1158,2074535,9279,8508
37316833,2074535,2081625,1158,2081625,7460,7090
37547833,2081625,2091551,1158,2091551,10071,9926
37778833,2091551,2102895,1158,2102895,11597,11344
38013833,2102895,2108567,1158,2108567,7137,5672
38250833,2109985,2117075,1158,2117075,7316,7090
38484833,2117075,2122747,1158,2122747,6982,5672
38716833,2122747,2128419,1158,2128419,6692,5672
38947833,2128419,2136927,1158,2136927,9341,8508
39178833,2136927,2146853,1158,2146853,10876,9926
39413833,2146853,2163869,1158,2163869,17595,17016
39650833,2162451,2179467,1158,2179467,17545,17016
39941833,2180885,2196483,1158,2196483,16317,15598
40205833,2196483,2210663,1158,2210663,15125,14180
40450833,2210663,2219171,1158,2219171,9547,8508
40685833,2219171,2227679,1158,2227679,9147,8508
40918833,2227679,2234769,1158,2234769,7401,7090
41149833,2234769,2240441,1158,2240441,5928,5672
41380833,2240441,2244695,1158,2244695,5538,4254
41610833,2244695,2248949,1158,2248949,5156,4254
41840833,2248949,2253203,1158,2253203,5347,4254
42070833,2253203,2257457,1158,2257457,4426,4254
42300833,2257457,2261711,1158,2261711,4905,4254
42530833,2261711,2265965,1158,2265965,4734,4254
42760833,2265965,2271637,1158,2271637,6175,5672
42990833,2271637,2282981,1158,2282981,12376,11344
43220833,2282981,2298579,1158,2298579,16410,15598
43470833,2298579,2307087,1158,2307087,9709,8508
43740833,2307087,2315595,1158,2315595,8792,8508
43991833,2315595,2321267,1158,2321267,7078,5672
44232833,2322685,2329775,1158,2329775,7946,7090
44468833,2329775,2335447,1158,2335447,7071,5672
44702833,2335447,2341119,1158,2341119,6851,5672
44934833,2341119,2349627,1158,2349627,9294,8508
45165833,2349627,2360971,1158,2360971,11774,11344
45399833,2360971,2370897,1158,2370897,11403,9926
45641833,2370897,2379405,1158,2379405,9445,8508
45876833,2380823,2390749,1158,2390749,10353,9926
46108833,2390749,2402093,1158,2402093,12365,11344
46339833,2402093,2416273,1158,2416273,14667,14180
46571833,2416273,2436125,1158,2436125,19999,19852
46822833,2431871,2448887,1158,2448887,18140,17016
47121833,2453141,2471575,1158,2471575,18692,18434
47397833,2470157,2484337,1158,2484337,14929,14180
47680833,2484337,2492845,1158,2492845,9423,8508
47929833,2492845,2499935,1158,2499935,7842,7090
48169833,2499935,2505607,1158,2505607,6971,5672
48405833,2507025,2514115,1158,2514115,7258,7090
48639833,2514115,2521205,1158,2521205,7831,7090
48871833,2521205,2526877,1158,2526877,6951,5672
49102833,2526877,2533967,1158,2533967,8320,7090
49333833,2533967,2541057,1158,2541057,7908,7090
49565833,2541057,2548147,1158,2548147,8193,7090
49796833,2548147,2553819,1158,2553819,6592,5672
50026833,2553819,2563745,1158,2563745,10193,9926
50256833,2563745,2573671,1158,2573671,10186,9926
50496833,2573671,2579343,1158,2579343,7088,5672
50730833,2579343,2585015,1158,2585015,6321,5672
50963833,2585015,2590687,1158,2590687,6870,5672
51195833,2590687,2596359,1158,2596359,6899,5672
51426833,2596359,2604867,1158,2604867,8694,8508
51657833,2604867,2611957,1158,2611957,8287,7090
51890833,2611957,2616211,1158,2616211,4813,4254
52122833,2616211,2620465,1158,2620465,5576,4254
52353833,2620465,2624719,1158,2624719,5133,4254
52584833,2624719,2627555,1158,2627555,4177,2836
52815833,2627555,2630391,1158,2630391,3687,2836
53046833,2630391,2633227,1158,2633227,3996,2836
53277833,2633227,2637481,1158,2637481,4901,4254
53507833,2637481,2643153,1158,2643153,6100,5672
53738833,2643153,2650243,1158,2650243,7653,7090
53972833,2650243,2657333,1158,2657333,8519,7090
54210833,2658751,2665841,2576,2665841,9559,7090
54445833,2667259,2675767,1158,2675767,9416,8508
54683833,2675767,2680021,1158,2680021,5454,4254
54917833,2680021,2687111,1158,2687111,8031,7090
55150833,2687111,2697037,1158,2697037,10267,9926
55387833,2697037,2709799,1158,2709799,13795,12762
55632833,2709799,2716889,1158,2716889,8404,7090
55884833,2718307,2725397,1158,2725397,7489,7090
56127833,2725397,2732487,1158,2732487,7649,7090
56365833,2733905,2742413,1158,2742413,9287,8508
56599833,2742413,2752339,1158,2752339,11335,9926
56831833,2752339,2763683,1158,2763683,12797,11344
57063833,2763683,2776445,1158,2776445,13742,12762
57299833,2776445,2786371,1158,2786371,10638,9926
57538833,2786371,2793461,1158,2793461,8344,7090
57772833,2794879,2801969,2576,2801969,8863,7090
58005833,2801969,2809059,1158,2809059,8478,7090
58236833,2810477,2818985,1158,2818985,9563,8508
58467833,2818985,2828911,1158,2828911,11309,9926
58697833,2827493,2841673,1158,2841673,14731,14180
58929833,2843091,2857271,2576,2857271,15735,14180
59177833,2858689,2878541,1158,2878541,21308,19852
59425833,2872869,2892721,1158,2892721,19309,19852
59715833,2892721,2908319,1158,2908319,16609,15598
