timestamp,availableTxBuffer0,availableTxBuffer1
611833,246472,246472
611833,246472,246472
829833,225202,246472
1052833,219530,250726
1361833,225202,250726
1841833,220948,250726
2314833,226620,250726
2833833,228038,250726
3257833,225202,250726
3665833,226620,250726
4113833,229456,250726
4540833,232292,250726
4938833,225202,250726
5287833,219530,250726
5724833,226620,250726
6250833,233710,250726
6640833,236546,252144
6943833,229456,250726
7215833,229456,250726
7566833,211022,250726
7942833,220948,250726
8513833,212440,250726
9077833,218112,250726
9738833,229456,250726
10234833,230874,250726
10610833,222366,250726
10971833,201096,250726
11445833,189752,250726
12133833,175572,252144
13120833,169900,250726
14413833,176990,250726
15796833,209604,250726
16792833,220948,250726
17355833,216694,250726
17883833,213858,250726
18474833,209604,250726
19114833,206768,250726
19825833,212440,250726
