timestamp,rtt0,rtt1
611833,218,184
611833,218,184
829833,223,184
1052833,309,219
1361833,480,221
1841833,473,223
2314833,519,224
2833833,424,226
3257833,408,227
3665833,448,227
4113833,427,228
4540833,398,228
4938833,349,229
5287833,437,229
5724833,526,229
6250833,390,229
6640833,303,229
6943833,272,229
7215833,351,229
7566833,376,229
7942833,571,230
8513833,564,230
9077833,661,230
9738833,496,230
10234833,376,230
10610833,361,230
10971833,474,230
11445833,688,230
12133833,987,230
13120833,1293,230
14413833,1383,230
15796833,996,230
16792833,563,230
17355833,528,230
17883833,591,230
18474833,640,230
19114833,711,230
19825833,761,230
