timestamp,rWnd0,rWnd1
611833,1073725440,1073725440
611833,1073725440,1073725440
829833,1073725440,1073725440
1052833,1073725440,1073725440
1361833,1073725440,1073725440
1841833,1073725440,1073725440
2314833,1073725440,1073725440
2833833,1073725440,1073725440
3257833,1073725440,1073725440
3665833,1073725440,1073725440
4113833,1073725440,1073725440
4540833,1073725440,1073725440
4938833,1073725440,1073725440
5287833,1073725440,1073725440
5724833,1073725440,1073725440
6250833,1073725440,1073725440
6640833,1073725440,1073725440
6943833,1073725440,1073725440
7215833,1073725440,1073725440
7566833,1073725440,1073725440
7942833,1073725440,1073725440
8513833,1073725440,1073725440
9077833,1073725440,1073725440
9738833,1073725440,1073725440
10234833,1073725440,1073725440
10610833,1073725440,1073725440
10971833,1073725440,1073725440
11445833,1073725440,1073725440
12133833,1073725440,1073725440
13120833,1073725440,1073725440
14413833,1073725440,1073725440
15796833,1073725440,1073725440
16792833,1073725440,1073725440
17355833,1073725440,1073725440
17883833,1073725440,1073725440
18474833,1073725440,1073725440
19114833,1073725440,1073725440
19825833,1073725440,1073725440
