timestamp,unAck0,unAck1
611833,5672,5672
611833,5672,5672
829833,26942,5672
1052833,32614,1418
1361833,26942,1418
1841833,31196,1418
2314833,25524,1418
2833833,24106,1418
3257833,26942,1418
3665833,25524,1418
4113833,22688,1418
4540833,19852,1418
4938833,26942,1418
5287833,32614,1418
5724833,25524,1418
6250833,18434,1418
6640833,15598,0
6943833,22688,1418
7215833,22688,1418
7566833,41122,1418
7942833,31196,1418
8513833,39704,1418
9077833,34032,1418
9738833,22688,1418
10234833,21270,1418
10610833,29778,1418
10971833,51048,1418
11445833,62392,1418
12133833,76572,0
13120833,82244,1418
14413833,75154,1418
15796833,42540,1418
16792833,31196,1418
17355833,35450,1418
17883833,38286,1418
18474833,42540,1418
19114833,45376,1418
19825833,39704,1418
