timestamp,cWnd0,cWnd1
611833,5672,5672
611833,28088,1500
829833,28088,1500
1052833,32642,1500
1361833,26946,1500
1841833,31734,1500
2314833,26805,1500
2833833,24590,1500
3257833,27088,1500
3665833,26189,1500
4113833,24151,1500
4540833,20638,1500
4938833,28125,1500
5287833,32886,1500
5724833,26724,1500
6250833,18497,1500
6640833,16238,1500
6943833,23295,1500
7215833,23976,1500
7566833,41622,1500
7942833,32588,1500
8513833,41015,1500
9077833,34952,1500
9738833,23449,1500
10234833,22172,1500
10610833,30234,1500
10971833,51155,1500
11445833,63179,1500
12133833,78830,1500
13120833,82301,1500
14413833,75949,1500
15796833,43116,1500
16792833,31338,1500
17355833,36628,1500
17883833,38514,1500
18474833,43871,1500
19114833,46731,1500
19825833,39869,1500
