timestamp,lastAckedSeq,highTxMark,availableTxBuffer,nextTxSeq,totalCwnd,unAckMeta
611833,5673,17017,1158,17017,11344,11344
611833,5673,17017,1158,17017,29588,11344
829833,11345,43959,1158,43959,29588,32614
1052833,29779,63811,1158,63811,34142,34032
1361833,48213,77991,1158,77991,28446,29778
1841833,79409,113441,1158,113441,33234,34032
2314833,110605,138965,1158,138965,28305,28360
2833833,146055,172997,1158,172997,26090,26942
3257833,174415,202775,1158,202775,28588,28360
3665833,199939,228299,1158,228299,27689,28360
4113833,229717,255241,2576,255241,25651,25524
4540833,256659,279347,1158,279347,22138,22688
4938833,283601,311961,1158,311961,29625,28360
5287833,306289,341739,1158,341739,34386,35450
5724833,333231,363009,1158,363009,28224,29778
6250833,370099,389951,1158,389951,19997,19852
6640833,394205,411221,1158,411221,17738,17016
6943833,414057,439581,1158,439581,24795,25524
7215833,431073,456597,1158,456597,25476,25524
7566833,455179,497719,1158,497719,43122,42540
7942833,477867,513317,1158,513317,34088,35450
8513833,516153,558693,1158,558693,42515,42540
9077833,551603,589889,1158,589889,36452,38286
9738833,596979,621085,1158,621085,24949,24106
10234833,629593,653699,1158,653699,23672,24106
10610833,655117,686313,1158,686313,31734,31196
10971833,677805,731689,1158,731689,52655,53884
11445833,706165,774229,1158,774229,64679,68064
12133833,750123,832367,2576,832367,80330,82244
13120833,812515,903267,1158,903267,83801,90752
14413833,896177,979839,1158,979839,77449,83662
15796833,991183,1037977,1158,1037977,44616,46794
16792833,1057829,1091861,1158,1091861,32838,34032
17355833,1093279,1131565,1158,1131565,38128,38286
17883833,1127311,1169851,1158,1169851,40014,42540
18474833,1165597,1212391,1158,1212391,45371,46794
19114833,1208137,1257767,1158,1257767,48231,49630
19825833,1254931,1298889,1158,1298889,41369,43958
