timestamp,rtt0,rtt1
611833,218,184
611833,218,184
829833,223,184
1052833,309,219
1361833,574,221
1935833,1138,224
3073833,951,227
4024833,882,228
4906833,882,229
5788833,571,229
6359833,480,229
6839833,476,229
7315833,663,229
7978833,468,230
8446833,453,230
8899833,654,230
9553833,732,230
10285833,630,230
10915833,356,230
11271833,306,230
11577833,260,230
11837833,255,230
12092833,259,230
12351833,371,230
12722833,476,230
13198833,419,230
13617833,512,230
14129833,662,230
14791833,690,230
15481833,568,230
16049833,529,230
16578833,569,230
17147833,549,230
17696833,570,230
18266833,725,230
18991833,659,230
19650833,598,230
