timestamp,rWnd0,rWnd1
611833,1073725440,1073725440
611833,1073725440,1073725440
829833,1073725440,1073725440
1052833,1073725440,1073725440
1361833,1073725440,1073725440
1935833,1073725440,1073725440
3073833,1073725440,1073725440
4024833,1073725440,1073725440
4906833,1073725440,1073725440
5788833,1073725440,1073725440
6359833,1073725440,1073725440
6839833,1073725440,1073725440
7315833,1073725440,1073725440
7978833,1073725440,1073725440
8446833,1073725440,1073725440
8899833,1073725440,1073725440
9553833,1073725440,1073725440
10285833,1073725440,1073725440
10915833,1073725440,1073725440
11271833,1073725440,1073725440
11577833,1073725440,1073725440
11837833,1073725440,1073725440
12092833,1073725440,1073725440
12351833,1073725440,1073725440
12722833,1073725440,1073725440
13198833,1073725440,1073725440
13617833,1073725440,1073725440
14129833,1073725440,1073725440
14791833,1073725440,1073725440
15481833,1073725440,1073725440
16049833,1073725440,1073725440
16578833,1073725440,1073725440
17147833,1073725440,1073725440
17696833,1073725440,1073725440
18266833,1073725440,1073725440
18991833,1073725440,1073725440
19650833,1073725440,1073725440
