timestamp,availableTxBuffer0,availableTxBuffer1
611833,246472,246472
611833,246472,246472
829833,158556,246472
1052833,171318,250726
1361833,184080,250726
1935833,192588,250726
3073833,199678,250726
4024833,199678,250726
4906833,209604,250726
5788833,223784,250726
6359833,223784,250726
6839833,211022,250726
7315833,226620,250726
7978833,225202,250726
8446833,211022,250726
8899833,208186,250726
9553833,211022,250726
10285833,226620,250726
10915833,233710,250726
11271833,240800,250726
11577833,237964,250726
11837833,236546,250726
12092833,223784,250726
12351833,222366,250726
12722833,229456,250726
13198833,220948,250726
13617833,211022,250726
14129833,211022,250726
14791833,216694,250726
15481833,220948,252144
16049833,218112,250726
16578833,219530,250726
17147833,218112,252144
17696833,208186,250726
18266833,212440,250726
18991833,215276,250726
19650833,220948,250726
