timestamp,unAck0,unAck1
611833,5672,5672
611833,5672,5672
829833,93588,5672
1052833,80826,1418
1361833,68064,1418
1935833,59556,1418
3073833,52466,1418
4024833,52466,1418
4906833,42540,1418
5788833,28360,1418
6359833,28360,1418
6839833,41122,1418
7315833,25524,1418
7978833,26942,1418
8446833,41122,1418
8899833,43958,1418
9553833,41122,1418
10285833,25524,1418
10915833,18434,1418
11271833,11344,1418
11577833,14180,1418
11837833,15598,1418
12092833,28360,1418
12351833,29778,1418
12722833,22688,1418
13198833,31196,1418
13617833,41122,1418
14129833,41122,1418
14791833,35450,1418
15481833,31196,0
16049833,34032,1418
16578833,32614,1418
17147833,34032,0
17696833,43958,1418
18266833,39704,1418
18991833,36868,1418
19650833,31196,1418
