timestamp,cWnd0,cWnd1
611833,5672,5672
611833,94682,1500
829833,94682,1500
1052833,81949,1500
1361833,68627,1500
1935833,60737,1500
3073833,52926,1500
4024833,53632,1500
4906833,43828,1500
5788833,29157,1500
6359833,29311,1500
6839833,42127,1500
7315833,26114,1500
7978833,27805,1500
8446833,41394,1500
8899833,44901,1500
9553833,41782,1500
10285833,26267,1500
10915833,19291,1500
11271833,12661,1500
11577833,14879,1500
11837833,16145,1500
12092833,28991,1500
12351833,29984,1500
12722833,22953,1500
13198833,32440,1500
13617833,41502,1500
14129833,41513,1500
14791833,36148,1500
15481833,32603,1500
16049833,34768,1500
16578833,33970,1500
17147833,34883,1500
17696833,44521,1500
18266833,40247,1500
18991833,37995,1500
19650833,32301,1500
