timestamp,lastAckedSeq,highTxMark,availableTxBuffer,nextTxSeq,totalCwnd,unAckMeta
611833,5673,17017,1158,17017,11344,11344
611833,5673,17017,1158,17017,96182,11344
829833,11345,110605,1158,110605,96182,99260
1052833,29779,112023,1158,112023,83449,82244
1361833,48213,119113,1158,119113,70127,70900
1935833,82245,148891,1158,148891,62237,66646
3073833,158817,216955,1158,216955,54426,58138
4024833,221209,279347,1158,279347,55132,58138
4906833,279347,326141,1158,326141,45328,46794
5788833,338903,370099,1158,370099,30657,31196
6359833,375771,406967,1158,406967,30811,31196
6839833,406967,450925,1158,450925,43627,43958
7315833,436745,466523,1158,466523,27614,29778
7978833,480703,510481,1158,510481,29305,29778
8446833,511899,555857,1158,555857,42894,43958
8899833,540259,588471,1158,588471,46401,48212
9553833,582799,628175,1158,628175,43282,45376
10285833,632429,660789,1158,660789,27767,28360
10915833,673551,693403,1158,693403,20791,19852
11271833,696239,709001,1158,709001,14161,12762
11577833,713255,728853,1158,728853,16379,15598
11837833,730271,747287,1158,747287,17645,17016
12092833,745869,775647,1158,775647,30491,29778
12351833,761467,794081,1158,794081,31484,32614
12722833,786991,812515,1158,812515,24453,25524
13198833,818187,852219,1158,852219,33940,34032
13617833,843711,889087,1158,889087,43002,45376
14129833,877743,923119,1158,923119,43013,45376
14791833,920283,959987,1158,959987,37648,39704
15481833,965659,999691,1158,999691,34103,34032
16049833,1003945,1040813,1158,1040813,36268,36868
16578833,1037977,1073427,1158,1073427,35470,35450
17147833,1074845,1111713,1158,1111713,36383,36868
17696833,1110295,1158507,1158,1158507,46021,48212
18266833,1147163,1191121,1158,1191121,41747,43958
18991833,1195375,1235079,1158,1235079,39495,39704
19650833,1239333,1273365,1158,1273365,33801,34032
