timestamp,rWnd0,rWnd1
611833,1073725440,1073725440
611833,1073725440,1073725440
829833,1073725440,1073725440
1052833,1073725440,1073725440
1361833,1073725440,1073725440
1935833,1073725440,1073725440
2406833,1073725440,1073725440
2697833,1073725440,1073725440
2967833,1073725440,1073725440
3267833,1073725440,1073725440
3557833,1073725440,1073725440
3862833,1073725440,1073725440
4170833,1073725440,1073725440
4423833,1073725440,1073725440
4661833,1073725440,1073725440
4971833,1073725440,1073725440
5283833,1073725440,1073725440
5559833,1073725440,1073725440
5898833,1073725440,1073725440
6303833,1073725440,1073725440
6820833,1073725440,1073725440
7345833,1073725440,1073725440
7689833,1073725440,1073725440
8023833,1073725440,1073725440
8415833,1073725440,1073725440
8766833,1073725440,1073725440
9183833,1073725440,1073725440
9610833,1073725440,1073725440
9983833,1073725440,1073725440
10405833,1073725440,1073725440
11010833,1073725440,1073725440
11531833,1073725440,1073725440
12054833,1073725440,1073725440
12578833,1073725440,1073725440
13102833,1073725440,1073725440
13372833,1073725440,1073725440
13616833,1073725440,1073725440
13852833,1073725440,1073725440
14084833,1073725440,1073725440
14335833,1073725440,1073725440
14646833,1073725440,1073725440
14922833,1073725440,1073725440
15175833,1073725440,1073725440
15417833,1073725440,1073725440
15680833,1073725440,1073725440
16001833,1073725440,1073725440
16330833,1073725440,1073725440
16736833,1073725440,1073725440
17181833,1073725440,1073725440
17695833,1073725440,1073725440
18072833,1073725440,1073725440
18494833,1073725440,1073725440
18795833,1073725440,1073725440
19083833,1073725440,1073725440
19327833,1073725440,1073725440
19566833,1073725440,1073725440
19853833,1073725440,1073725440
