timestamp,rtt0,rtt1
611833,218,184
611833,218,184
829833,223,184
1052833,309,219
1361833,574,221
1935833,471,224
2406833,291,225
2697833,270,226
2967833,300,226
3267833,290,227
3557833,305,227
3862833,308,228
4170833,253,228
4423833,238,228
4661833,310,228
4971833,312,229
5283833,276,229
5559833,339,229
5898833,405,229
6303833,517,229
6820833,525,229
7345833,344,230
7689833,334,230
8023833,392,230
8415833,351,230
8766833,417,230
9183833,427,230
9610833,373,230
9983833,422,230
10405833,605,230
11010833,521,230
11531833,523,230
12054833,524,230
12578833,524,230
13102833,270,230
13372833,244,230
13616833,236,230
13852833,232,230
14084833,251,230
14335833,311,230
14646833,276,230
14922833,253,230
15175833,242,230
15417833,263,230
15680833,321,230
16001833,329,230
16330833,406,230
16736833,445,230
17181833,514,230
17695833,377,230
18072833,422,230
18494833,301,230
18795833,288,230
19083833,244,230
19327833,239,230
19566833,287,230
19853833,288,230
