timestamp,availableTxBuffer0,availableTxBuffer1
611833,246472,246472
611833,246472,246472
829833,202514,246472
1052833,215276,250726
1361833,233710,250726
1935833,242218,250726
2406833,236546,250726
2697833,233710,250726
2967833,235128,250726
3267833,233710,250726
3557833,233710,250726
3862833,240800,250726
4170833,239382,250726
4423833,232292,250726
4661833,233710,250726
4971833,236546,250726
5283833,230874,250726
5559833,226620,250726
5898833,219530,250726
6303833,220948,250726
6820833,232292,250726
7345833,232292,252144
7689833,228038,250726
8023833,232292,250726
8415833,226620,250726
8766833,226620,250726
9183833,230874,250726
9610833,226620,250726
9983833,212440,250726
10405833,223784,250726
11010833,220948,250726
11531833,220948,250726
12054833,220948,250726
12578833,240800,250726
13102833,242218,250726
13372833,242218,250726
13616833,243636,250726
13852833,239382,250726
14084833,232292,250726
14335833,237964,250726
14646833,245054,250726
14922833,246472,250726
15175833,240800,250726
15417833,233710,250726
15680833,232292,250726
16001833,226620,250726
16330833,225202,250726
16736833,220948,250726
17181833,237964,250726
17695833,226620,250726
18072833,235128,250726
18494833,235128,250726
18795833,239382,250726
19083833,237964,250726
19327833,233710,250726
19566833,235128,250726
19853833,237964,250726
