timestamp,unAck0,unAck1
611833,5672,5672
611833,5672,5672
829833,49630,5672
1052833,36868,1418
1361833,18434,1418
1935833,9926,1418
2406833,15598,1418
2697833,18434,1418
2967833,17016,1418
3267833,18434,1418
3557833,18434,1418
3862833,11344,1418
4170833,12762,1418
4423833,19852,1418
4661833,18434,1418
4971833,15598,1418
5283833,21270,1418
5559833,25524,1418
5898833,32614,1418
6303833,31196,1418
6820833,19852,1418
7345833,19852,0
7689833,24106,1418
8023833,19852,1418
8415833,25524,1418
8766833,25524,1418
9183833,21270,1418
9610833,25524,1418
9983833,39704,1418
10405833,28360,1418
11010833,31196,1418
11531833,31196,1418
12054833,31196,1418
12578833,11344,1418
13102833,9926,1418
13372833,9926,1418
13616833,8508,1418
13852833,12762,1418
14084833,19852,1418
14335833,14180,1418
14646833,7090,1418
14922833,5672,1418
15175833,11344,1418
15417833,18434,1418
15680833,19852,1418
16001833,25524,1418
16330833,26942,1418
16736833,31196,1418
17181833,14180,1418
17695833,25524,1418
18072833,17016,1418
18494833,17016,1418
18795833,12762,1418
19083833,14180,1418
19327833,18434,1418
19566833,17016,1418
19853833,14180,1418
