timestamp,cWnd0,cWnd1
611833,5672,5672
611833,49944,1500
829833,49944,1500
1052833,17327,1500
1361833,19096,1500
1935833,11108,1500
2406833,16738,1500
2697833,19425,1500
2967833,18156,1500
3267833,19094,1500
3557833,18660,1500
3862833,12430,1500
4170833,13191,1500
4423833,20356,1500
4661833,19481,1500
4971833,16407,1500
5283833,22104,1500
5559833,26260,1500
5898833,32658,1500
6303833,32291,1500
6820833,19980,1500
7345833,20383,1500
7689833,24440,1500
8023833,20466,1500
8415833,26328,1500
8766833,26663,1500
9183833,22644,1500
9610833,26001,1500
9983833,39921,1500
10405833,29642,1500
11010833,31902,1500
11531833,31888,1500
12054833,32384,1500
12578833,12711,1500
13102833,10544,1500
13372833,10378,1500
13616833,9774,1500
13852833,13022,1500
14084833,20618,1500
14335833,14918,1500
14646833,8261,1500
14922833,6586,1500
15175833,12720,1500
15417833,19694,1500
15680833,20666,1500
16001833,26712,1500
16330833,28323,1500
16736833,31471,1500
17181833,14919,1500
17695833,26612,1500
18072833,18266,1500
18494833,17815,1500
18795833,12822,1500
19083833,14964,1500
19327833,19030,1500
19566833,17614,1500
19853833,14838,1500
