timestamp,lastAckedSeq,highTxMark,availableTxBuffer,nextTxSeq,totalCwnd,unAckMeta
611833,5673,17017,1158,17017,11344,11344
611833,5673,17017,1158,17017,51444,11344
829833,11345,66647,1158,66647,51444,55302
1052833,29779,68065,1158,68065,18827,38286
1361833,48213,69483,1158,69483,20596,21270
1935833,82245,93589,1158,93589,12608,11344
2406833,110605,127621,1158,127621,18238,17016
2697833,129039,148891,1158,148891,20925,19852
2967833,146055,164489,1158,164489,19656,18434
3267833,165907,185759,1158,185759,20594,19852
3557833,184341,205611,1158,205611,20160,21270
3862833,205611,218373,1158,218373,13930,12762
4170833,221209,235389,1158,235389,14691,14180
4423833,236807,258077,1158,258077,21856,21270
4661833,252405,272257,1158,272257,20981,19852
4971833,272257,290691,1158,290691,17907,18434
5283833,293527,316215,1158,316215,23604,22688
5559833,311961,338903,2576,338903,27760,26942
5898833,333231,367263,1158,367263,34158,34032
6303833,358755,392787,1158,392787,33791,34032
6820833,391369,414057,1158,414057,21480,22688
7345833,426819,448089,1158,448089,21883,21270
7689833,449507,476449,1158,476449,25940,26942
8023833,472195,493465,1158,493465,21966,21270
8415833,496301,524661,1158,524661,27828,28360
8766833,520407,547349,1158,547349,28163,26942
9183833,545931,570037,1158,570037,24144,24106
9610833,574291,602651,1158,602651,27501,28360
9983833,599815,642355,1158,642355,41421,42540
10405833,626757,657953,2576,657953,31142,31196
11010833,666461,700493,1158,700493,33402,34032
11531833,700493,734525,1158,734525,33388,34032
12054833,734525,768557,1158,768557,33884,34032
12578833,769975,782737,2576,782737,14211,12762
13102833,795499,806843,1158,806843,12044,11344
13372833,808261,819605,1158,819605,11878,11344
13616833,819605,829531,1158,829531,11274,9926
13852833,830949,845129,1158,845129,14522,14180
14084833,845129,866399,1158,866399,22118,21270
14335833,859309,876325,1158,876325,16418,17016
14646833,876325,884833,1158,884833,9761,8508
14922833,884833,891923,1158,891923,8086,7090
15175833,893341,906103,1158,906103,14220,12762
15417833,907521,928791,1158,928791,21194,21270
15680833,924537,947225,1158,947225,22166,22688
16001833,945807,972749,1158,972749,28212,26942
16330833,967077,995437,1158,995437,29823,28360
16736833,992601,1026633,1158,1026633,32971,34032
17181833,1022379,1039395,1158,1039395,16419,17016
17695833,1054993,1083353,1158,1083353,28112,28360
18072833,1080517,1100369,1158,1100369,19766,19852
18494833,1108877,1127311,1158,1127311,19315,18434
18795833,1128729,1142909,1158,1142909,14322,14180
19083833,1147163,1162761,1158,1162761,16464,15598
19327833,1162761,1182613,1158,1182613,20530,19852
19566833,1178359,1196793,1158,1196793,19114,18434
19853833,1196793,1212391,1158,1212391,16338,15598
