timestamp,availableTxBuffer0,availableTxBuffer1
611833,246472,246472
611833,246472,246472
829833,233710,246472
1052833,229456,250726
1361833,223784,250726
1724833,232292,250726
2171833,237964,250726
2477833,232292,250726
2738833,235128,250726
3053833,236546,250726
3344833,230874,250726
3612833,232292,250726
3947833,229456,250726
4282833,232292,250726
4655833,233710,250726
4992833,236546,250726
5299833,233710,250726
5572833,235128,250726
5874833,232292,250726
6163833,237964,252144
6486833,239382,250726
6741833,237964,250726
6979833,223784,250726
7222833,233710,250726
7565833,236546,250726
7930833,225202,250726
8230833,232292,250726
8651833,230874,250726
9016833,211022,252144
9373833,199678,250726
9929833,209604,250726
10710833,212440,250726
11425833,201096,250726
12096833,189752,250726
12948833,220948,250726
14010833,222366,250726
14515833,219530,250726
15015833,229456,250726
15559833,228038,250726
15976833,220948,250726
16403833,222366,250726
16914833,216694,250726
17415833,222366,250726
18003833,220948,250726
18517833,222366,250726
19040833,225202,252144
19535833,230874,250726
19967833,235128,250726
