timestamp,rtt0,rtt1
611833,218,184
611833,218,184
829833,223,184
1052833,309,219
1361833,363,221
1724833,447,223
2171833,306,224
2477833,261,225
2738833,315,226
3053833,291,226
3344833,268,227
3612833,335,227
3947833,335,228
4282833,373,228
4655833,337,228
4992833,307,229
5299833,273,229
5572833,302,229
5874833,289,229
6163833,323,229
6486833,255,229
6741833,238,229
6979833,243,229
7222833,343,229
7565833,365,230
7930833,300,230
8230833,421,230
8651833,365,230
9016833,357,230
9373833,556,230
9929833,781,230
10710833,715,230
11425833,671,230
12096833,852,230
12948833,1062,230
14010833,505,230
14515833,500,230
15015833,544,230
15559833,417,230
15976833,427,230
16403833,511,230
16914833,501,230
17415833,588,230
18003833,514,230
18517833,523,230
19040833,495,230
19535833,432,230
19967833,340,230
