timestamp,unAck0,unAck1
611833,5672,5672
611833,5672,5672
829833,18434,5672
1052833,22688,1418
1361833,28360,1418
1724833,19852,1418
2171833,14180,1418
2477833,19852,1418
2738833,17016,1418
3053833,15598,1418
3344833,21270,1418
3612833,19852,1418
3947833,22688,1418
4282833,19852,1418
4655833,18434,1418
4992833,15598,1418
5299833,18434,1418
5572833,17016,1418
5874833,19852,1418
6163833,14180,0
6486833,12762,1418
6741833,14180,1418
6979833,28360,1418
7222833,18434,1418
7565833,15598,1418
7930833,26942,1418
8230833,19852,1418
8651833,21270,1418
9016833,41122,0
9373833,52466,1418
9929833,42540,1418
10710833,39704,1418
11425833,51048,1418
12096833,62392,1418
12948833,31196,1418
14010833,29778,1418
14515833,32614,1418
15015833,22688,1418
15559833,24106,1418
15976833,31196,1418
16403833,29778,1418
16914833,35450,1418
17415833,29778,1418
18003833,31196,1418
18517833,29778,1418
19040833,26942,0
19535833,21270,1418
19967833,17016,1418
