timestamp,rWnd0,rWnd1
611833,1073725440,1073725440
611833,1073725440,1073725440
829833,1073725440,1073725440
1052833,1073725440,1073725440
1361833,1073725440,1073725440
1724833,1073725440,1073725440
2171833,1073725440,1073725440
2477833,1073725440,1073725440
2738833,1073725440,1073725440
3053833,1073725440,1073725440
3344833,1073725440,1073725440
3612833,1073725440,1073725440
3947833,1073725440,1073725440
4282833,1073725440,1073725440
4655833,1073725440,1073725440
4992833,1073725440,1073725440
5299833,1073725440,1073725440
5572833,1073725440,1073725440
5874833,1073725440,1073725440
6163833,1073725440,1073725440
6486833,1073725440,1073725440
6741833,1073725440,1073725440
6979833,1073725440,1073725440
7222833,1073725440,1073725440
7565833,1073725440,1073725440
7930833,1073725440,1073725440
8230833,1073725440,1073725440
8651833,1073725440,1073725440
9016833,1073725440,1073725440
9373833,1073725440,1073725440
9929833,1073725440,1073725440
10710833,1073725440,1073725440
11425833,1073725440,1073725440
12096833,1073725440,1073725440
12948833,1073725440,1073725440
14010833,1073725440,1073725440
14515833,1073725440,1073725440
15015833,1073725440,1073725440
15559833,1073725440,1073725440
15976833,1073725440,1073725440
16403833,1073725440,1073725440
16914833,1073725440,1073725440
17415833,1073725440,1073725440
18003833,1073725440,1073725440
18517833,1073725440,1073725440
19040833,1073725440,1073725440
19535833,1073725440,1073725440
19967833,1073725440,1073725440
