timestamp,cWnd0,cWnd1
611833,5672,5672
611833,19052,1500
829833,19052,1500
1052833,23942,1500
1361833,29390,1500
1724833,20829,1500
2171833,14290,1500
2477833,20882,1500
2738833,18292,1500
3053833,16258,1500
3344833,22201,1500
3612833,20733,1500
3947833,23835,1500
4282833,20260,1500
4655833,19782,1500
4992833,16480,1500
5299833,18743,1500
5572833,17764,1500
5874833,20859,1500
6163833,15562,1500
6486833,14039,1500
6741833,15507,1500
6979833,28990,1500
7222833,19154,1500
7565833,16735,1500
7930833,26969,1500
8230833,20718,1500
8651833,21563,1500
9016833,42327,1500
9373833,53337,1500
9929833,43228,1500
10710833,40629,1500
11425833,51363,1500
12096833,64135,1500
12948833,32453,1500
14010833,29935,1500
14515833,33110,1500
15015833,23324,1500
15559833,26686,1500
15976833,31502,1500
16403833,30195,1500
16914833,36247,1500
17415833,30487,1500
18003833,31240,1500
18517833,30663,1500
19040833,27507,1500
19535833,21486,1500
19967833,18246,1500
