timestamp,lastAckedSeq,highTxMark,availableTxBuffer,nextTxSeq,totalCwnd,unAckMeta
611833,5673,17017,1158,17017,11344,11344
611833,5673,17017,1158,17017,20552,11344
829833,11345,35451,1158,35451,20552,24106
1052833,29779,53885,1158,53885,25442,24106
1361833,49631,79409,1158,79409,30890,29778
1724833,72319,95007,1158,95007,22329,22688
2171833,103515,119113,1158,119113,15790,15598
2477833,123367,144637,1158,144637,22382,21270
2738833,140383,158817,1158,158817,19792,18434
3053833,160235,177251,1158,177251,17758,17016
3344833,178669,202775,1158,202775,23701,24106
3612833,197103,219791,1158,219791,22233,22688
3947833,219791,243897,1158,243897,25335,24106
4282833,241061,263749,1158,263749,21760,22688
4655833,265167,285019,1158,285019,21282,19852
4992833,286437,304871,1158,304871,17980,18434
5299833,307707,327559,1158,327559,20243,19852
5572833,326141,344575,1158,344575,19264,18434
5874833,344575,365845,1158,365845,22359,21270
6163833,363009,378607,1158,378607,17062,15598
6486833,384279,398459,1158,398459,15539,14180
6741833,399877,415475,1158,415475,17007,15598
6979833,415475,445253,1158,445253,30490,29778
7222833,429655,450925,1158,450925,20654,21270
7565833,453761,470777,1158,470777,18235,17016
7930833,476449,506227,1158,506227,28469,29778
8230833,496301,518989,1158,518989,22218,22688
8651833,523243,547349,1158,547349,23063,24106
9016833,547349,589889,1158,589889,43827,42540
9373833,568619,625339,1158,625339,54837,56720
9929833,605487,652281,1158,652281,44728,46794
10710833,656535,700493,1158,700493,42129,43958
11425833,703329,758631,1158,758631,52863,55302
12096833,747287,813933,2576,813933,65635,66646
12948833,799753,838039,1158,838039,33953,38286
14010833,873489,906103,1158,906103,31435,32614
14515833,906103,942971,1158,942971,34610,36868
15015833,938717,965659,1158,965659,24824,26942
15559833,975585,1002527,2576,1002527,28186,26942
15976833,1002527,1036559,1158,1036559,33002,34032
16403833,1029469,1062083,1158,1062083,31695,32614
16914833,1062083,1101787,1158,1101787,37747,39704
17415833,1094697,1128729,1158,1128729,31987,34032
18003833,1134401,1168433,1158,1168433,32740,34032
18517833,1167015,1199629,1158,1199629,32163,32614
19040833,1202465,1230825,1158,1230825,29007,28360
19535833,1235079,1259185,1158,1259185,22986,24106
19967833,1263439,1281873,1158,1281873,19746,18434
