timestamp,availableTxBuffer0,availableTxBuffer1
611833,246472,246472
611833,246472,246472
829833,239382,246472
1052833,236546,250726
1329833,239382,250726
1592833,237964,250726
1832833,233710,250726
2072833,233710,250726
2359833,226620,250726
2663833,222366,250726
3057833,233710,252144
3532833,233710,250726
3865833,225202,250726
4178833,225202,250726
4596833,220948,250726
5045833,215276,250726
5560833,191170,250726
6188833,219530,250726
7126833,220948,250726
7674833,199678,250726
8201833,188334,250726
9032833,181244,252144
10082833,208186,250726
11296833,205350,250726
12082833,182662,250726
12868833,195424,250726
14019833,201096,250726
14913833,208186,250726
15743833,185498,250726
16506833,182662,250726
17616833,164228,250726
18783833,145794,250726
