timestamp,rWnd0,rWnd1
611833,1073725440,1073725440
611833,1073725440,1073725440
829833,1073725440,1073725440
1052833,1073725440,1073725440
1329833,1073725440,1073725440
1592833,1073725440,1073725440
1832833,1073725440,1073725440
2072833,1073725440,1073725440
2359833,1073725440,1073725440
2663833,1073725440,1073725440
3057833,1073725440,1073725440
3532833,1073725440,1073725440
3865833,1073725440,1073725440
4178833,1073725440,1073725440
4596833,1073725440,1073725440
5045833,1073725440,1073725440
5560833,1073725440,1073725440
6188833,1073725440,1073725440
7126833,1073725440,1073725440
7674833,1073725440,1073725440
8201833,1073725440,1073725440
9032833,1073725440,1073725440
10082833,1073725440,1073725440
11296833,1073725440,1073725440
12082833,1073725440,1073725440
12868833,1073725440,1073725440
14019833,1073725440,1073725440
14913833,1073725440,1073725440
15743833,1073725440,1073725440
16506833,1073725440,1073725440
17616833,1073725440,1073725440
18783833,1073725440,1073725440
