timestamp,rtt0,rtt1
611833,218,184
611833,218,184
829833,223,184
1052833,277,219
1329833,263,221
1592833,240,222
1832833,240,223
2072833,287,224
2359833,304,225
2663833,394,226
3057833,475,227
3532833,333,227
3865833,313,228
4178833,418,228
4596833,449,228
5045833,515,229
5560833,628,229
6188833,938,229
7126833,548,229
7674833,527,229
8201833,831,229
9032833,1050,230
10082833,1214,230
11296833,786,230
12082833,786,230
12868833,1151,230
14019833,894,230
14913833,830,230
15743833,763,230
16506833,1110,230
17616833,1167,230
18783833,1477,230
