timestamp,cWnd0,cWnd1
611833,5672,5672
611833,13010,1500
829833,13010,1500
1052833,15794,1500
1329833,13363,1500
1592833,14351,1500
1832833,18957,1500
2072833,19606,1500
2359833,26179,1500
2663833,29786,1500
3057833,18922,1500
3532833,18880,1500
3865833,27902,1500
4178833,27364,1500
4596833,31769,1500
5045833,38385,1500
5560833,61712,1500
6188833,32654,1500
7126833,31863,1500
7674833,53250,1500
8201833,64873,1500
9032833,72348,1500
10082833,46350,1500
11296833,48100,1500
12082833,70221,1500
12868833,57795,1500
14019833,52109,1500
14913833,44942,1500
15743833,67222,1500
16506833,70835,1500
17616833,88136,1500
18783833,107545,1500
