timestamp,unAck0,unAck1
611833,5672,5672
611833,5672,5672
829833,12762,5672
1052833,15598,1418
1329833,12762,1418
1592833,14180,1418
1832833,18434,1418
2072833,18434,1418
2359833,25524,1418
2663833,29778,1418
3057833,18434,0
3532833,18434,1418
3865833,26942,1418
4178833,26942,1418
4596833,31196,1418
5045833,36868,1418
5560833,60974,1418
6188833,32614,1418
7126833,31196,1418
7674833,52466,1418
8201833,63810,1418
9032833,70900,0
10082833,43958,1418
11296833,46794,1418
12082833,69482,1418
12868833,56720,1418
14019833,51048,1418
14913833,43958,1418
15743833,66646,1418
16506833,69482,1418
17616833,87916,1418
18783833,106350,1418
