timestamp,lastAckedSeq,highTxMark,availableTxBuffer,nextTxSeq,totalCwnd,unAckMeta
611833,5673,17017,1158,17017,11344,11344
611833,5673,17017,1158,17017,14510,11344
829833,11345,29779,1158,29779,14510,18434
1052833,29779,46795,1158,46795,17294,17016
1329833,46795,60975,1158,60975,14863,14180
1592833,63811,79409,1158,79409,15851,15598
1832833,79409,99261,1158,99261,20457,19852
2072833,95007,114859,1158,114859,21106,19852
2359833,113441,141801,1158,141801,27679,28360
2663833,133293,165907,1158,165907,31286,32614
3057833,157399,178669,1158,178669,20422,21270
3532833,190013,209865,1158,209865,20380,19852
3865833,211283,241061,1158,241061,29402,29778
4178833,231135,260913,1158,260913,28864,29778
4596833,259495,293527,1158,293527,33269,34032
5045833,289273,328977,2576,328977,39885,39704
5560833,320469,385697,1158,385697,63212,65228
6188833,358755,398459,1158,398459,34154,39704
7126833,423983,459433,1158,459433,33363,35450
7674833,460851,516153,1158,516153,54750,55302
8201833,492047,561529,1158,561529,66373,69482
9032833,545931,622503,2576,622503,73848,76572
10082833,613995,665043,2576,665043,47850,51048
11296833,694821,745869,1158,745869,49600,51048
12082833,745869,819605,1158,819605,71721,73736
12868833,795499,859309,1158,859309,59295,63810
14019833,872071,927373,1158,927373,53609,55302
14913833,931627,979839,1158,979839,46442,48212
15743833,985511,1057829,1158,1057829,68722,72318
16506833,1033723,1110295,1158,1110295,72335,76572
17616833,1106041,1199629,1158,1199629,89636,93588
18783833,1179777,1294635,1158,1294635,109045,114858
