timestamp,rtt0,rtt1
611833,218,184
611833,218,184
829833,223,184
1052833,309,219
1361833,574,221
1935833,763,224
2698833,701,226
3399833,831,227
4230833,524,228
4754833,486,229
5240833,340,229
5580833,288,229
5868833,247,229
6115833,244,229
6359833,288,229
6647833,288,229
6935833,251,229
7186833,237,229
7423833,233,229
7656833,232,229
7888833,232,229
8120833,244,230
8364833,235,230
8599833,306,230
8905833,407,230
9312833,457,230
9769833,387,230
10156833,527,230
10683833,347,230
11030833,317,230
11347833,350,230
11697833,336,230
12033833,272,230
12305833,286,230
12591833,249,230
12840833,236,230
13076833,251,230
13327833,241,230
13568833,273,230
13841833,246,230
14087833,235,230
14322833,232,230
14554833,231,230
14785833,231,230
15016833,230,230
15246833,232,230
15478833,285,230
15763833,285,230
16048833,264,230
16312833,311,230
16623833,308,230
16931833,278,230
17209833,432,230
17641833,535,230
18176833,443,230
18619833,597,230
19216833,296,230
19512833,253,230
19765833,239,230
