timestamp,cWnd0,cWnd1
611833,5672,5672
611833,46241,1500
829833,46241,1500
1052833,37241,1500
1361833,52961,1500
1935833,40698,1500
2698833,50716,1500
3399833,34240,1500
4230833,29962,1500
4754833,23447,1500
5240833,17490,1500
5580833,13416,1500
5868833,15035,1500
6115833,19338,1500
6359833,18065,1500
6647833,15507,1500
6935833,11292,1500
7186833,10587,1500
7423833,7897,1500
7656833,8771,1500
7888833,12386,1500
8120833,11662,1500
8364833,18635,1500
8599833,30341,1500
8905833,28197,1500
9312833,22194,1500
9769833,33775,1500
10156833,21403,1500
10683833,19220,1500
11030833,22629,1500
11347833,20370,1500
11697833,12075,1500
12033833,17222,1500
12305833,12150,1500
12591833,12351,1500
12840833,14194,1500
13076833,14248,1500
13327833,18226,1500
13568833,13895,1500
13841833,12785,1500
14087833,10629,1500
14322833,7620,1500
14554833,9910,1500
14785833,8959,1500
15016833,10514,1500
15246833,18353,1500
15478833,17770,1500
15763833,4918,1500
16048833,17638,1500
16312833,19563,1500
16623833,4308,1500
16931833,26833,1500
17209833,35662,1500
17641833,7656,1500
18176833,36063,1500
18619833,6481,1500
19216833,11153,1500
19512833,11256,1500
19765833,9302,1500
