timestamp,rWnd0,rWnd1
611833,1073725440,1073725440
611833,1073725440,1073725440
829833,1073725440,1073725440
1052833,1073725440,1073725440
1361833,1073725440,1073725440
1935833,1073725440,1073725440
2698833,1073725440,1073725440
3399833,1073725440,1073725440
4230833,1073725440,1073725440
4754833,1073725440,1073725440
5240833,1073725440,1073725440
5580833,1073725440,1073725440
5868833,1073725440,1073725440
6115833,1073725440,1073725440
6359833,1073725440,1073725440
6647833,1073725440,1073725440
6935833,1073725440,1073725440
7186833,1073725440,1073725440
7423833,1073725440,1073725440
7656833,1073725440,1073725440
7888833,1073725440,1073725440
8120833,1073725440,1073725440
8364833,1073725440,1073725440
8599833,1073725440,1073725440
8905833,1073725440,1073725440
9312833,1073725440,1073725440
9769833,1073725440,1073725440
10156833,1073725440,1073725440
10683833,1073725440,1073725440
11030833,1073725440,1073725440
11347833,1073725440,1073725440
11697833,1073725440,1073725440
12033833,1073725440,1073725440
12305833,1073725440,1073725440
12591833,1073725440,1073725440
12840833,1073725440,1073725440
13076833,1073725440,1073725440
13327833,1073725440,1073725440
13568833,1073725440,1073725440
13841833,1073725440,1073725440
14087833,1073725440,1073725440
14322833,1073725440,1073725440
14554833,1073725440,1073725440
14785833,1073725440,1073725440
15016833,1073725440,1073725440
15246833,1073725440,1073725440
15478833,1073725440,1073725440
15763833,1073725440,1073725440
16048833,1073725440,1073725440
16312833,1073725440,1073725440
16623833,1073725440,1073725440
16931833,1073725440,1073725440
17209833,1073725440,1073725440
17641833,1073725440,1073725440
18176833,1073725440,1073725440
18619833,1073725440,1073725440
19216833,1073725440,1073725440
19512833,1073725440,1073725440
19765833,1073725440,1073725440
