timestamp,availableTxBuffer0,availableTxBuffer1
611833,246472,246472
611833,246472,246472
829833,206768,246472
1052833,215276,250726
1361833,199678,250726
1935833,212440,250726
2698833,202514,250726
3399833,218112,250726
4230833,222366,250726
4754833,229456,250726
5240833,235128,250726
5580833,239382,250726
5868833,237964,250726
6115833,233710,250726
6359833,235128,250726
6647833,237964,252144
6935833,242218,250726
7186833,242218,250726
7423833,245054,250726
7656833,243636,250726
7888833,240800,250726
8120833,240800,250726
8364833,233710,250726
8599833,222366,250726
8905833,225202,250726
9312833,230874,250726
9769833,219530,250726
10156833,232292,250726
10683833,233710,250726
11030833,230874,250726
11347833,232292,250726
11697833,240800,250726
12033833,235128,250726
12305833,240800,250726
12591833,240800,250726
12840833,237964,250726
13076833,237964,250726
13327833,235128,250726
13568833,239382,250726
13841833,239382,250726
14087833,242218,250726
14322833,245054,250726
14554833,245054,250726
14785833,245054,250726
15016833,243636,250726
15246833,235128,250726
15478833,235128,250726
15763833,247890,250726
16048833,235128,250726
16312833,233710,250726
16623833,247890,250726
16931833,226620,250726
17209833,216694,250726
17641833,242218,250726
18176833,216694,250726
18619833,243636,250726
19216833,242218,250726
19512833,242218,250726
19765833,243636,250726
