timestamp,unAck0,unAck1
611833,5672,5672
611833,5672,5672
829833,45376,5672
1052833,36868,1418
1361833,52466,1418
1935833,39704,1418
2698833,49630,1418
3399833,34032,1418
4230833,29778,1418
4754833,22688,1418
5240833,17016,1418
5580833,12762,1418
5868833,14180,1418
6115833,18434,1418
6359833,17016,1418
6647833,14180,0
6935833,9926,1418
7186833,9926,1418
7423833,7090,1418
7656833,8508,1418
7888833,11344,1418
8120833,11344,1418
8364833,18434,1418
8599833,29778,1418
8905833,26942,1418
9312833,21270,1418
9769833,32614,1418
10156833,19852,1418
10683833,18434,1418
11030833,21270,1418
11347833,19852,1418
11697833,11344,1418
12033833,17016,1418
12305833,11344,1418
12591833,11344,1418
12840833,14180,1418
13076833,14180,1418
13327833,17016,1418
13568833,12762,1418
13841833,12762,1418
14087833,9926,1418
14322833,7090,1418
14554833,7090,1418
14785833,7090,1418
15016833,8508,1418
15246833,17016,1418
15478833,17016,1418
15763833,4254,1418
16048833,17016,1418
16312833,18434,1418
16623833,4254,1418
16931833,25524,1418
17209833,35450,1418
17641833,9926,1418
18176833,35450,1418
18619833,8508,1418
19216833,9926,1418
19512833,9926,1418
19765833,8508,1418
