timestamp,lastAckedSeq,highTxMark,availableTxBuffer,nextTxSeq,totalCwnd,unAckMeta
611833,5673,17017,1158,17017,11344,11344
611833,5673,17017,1158,17017,47741,11344
829833,11345,62393,1158,62393,47741,51048
1052833,29779,68065,1158,68065,38741,38286
1361833,48213,103515,1158,103515,54461,55302
1935833,83663,129039,1158,129039,42198,45376
2698833,134711,188595,1158,188595,52216,53884
3399833,180087,219791,1158,219791,35740,39704
4230833,235389,268003,1158,268003,31462,32614
4754833,270839,296363,1158,296363,24947,25524
5240833,303453,323305,1158,323305,18990,19852
5580833,324723,338903,1158,338903,14916,14180
5868833,343157,358755,1158,358755,16535,15598
6115833,358755,378607,1158,378607,20838,19852
6359833,374353,392787,1158,392787,19565,18434
6647833,392787,408385,1158,408385,17007,15598
6935833,409803,421147,1158,421147,12792,11344
7186833,422565,433909,1158,433909,12087,11344
7423833,433909,442417,1158,442417,9397,8508
7656833,442417,452343,1158,452343,10271,9926
7888833,452343,465105,1158,465105,13886,12762
8120833,465105,477867,1158,477867,13162,12762
8364833,477867,497719,1158,497719,20135,19852
8599833,492047,524661,1158,524661,31841,32614
8905833,511899,541677,1158,541677,29697,29778
9312833,538841,562947,1158,562947,23694,24106
9769833,568619,604069,1158,604069,35275,35450
10156833,594143,616831,2576,616831,22903,22688
10683833,629593,650863,1158,650863,20720,21270
11030833,652281,674969,1158,674969,24129,22688
11347833,672133,693403,1158,693403,21870,21270
11697833,694821,707583,1158,707583,13575,12762
12033833,714673,733107,1158,733107,18722,18434
12305833,731689,744451,1158,744451,13650,12762
12591833,747287,760049,1158,760049,13851,12762
12840833,761467,777065,1158,777065,15694,15598
13076833,777065,792663,1158,792663,15748,15598
13327833,794081,812515,1158,812515,19726,18434
13568833,809679,823859,1158,823859,15395,14180
13841833,825277,839457,1158,839457,14285,14180
14087833,839457,850801,1158,850801,12129,11344
14322833,850801,859309,1158,859309,9120,8508
14554833,860727,869235,2576,869235,11410,8508
14785833,870653,879161,2576,879161,10459,8508
15016833,880579,890505,2576,890505,12014,9926
15246833,890505,908939,1158,908939,19853,18434
15478833,906103,924537,1158,924537,19270,18434
15763833,924537,930209,1158,930209,6418,5672
16048833,933045,951479,1158,951479,19138,18434
16312833,950061,969913,1158,969913,21063,19852
16623833,971331,977003,1158,977003,5808,5672
16931833,982675,1009617,1158,1009617,28333,26942
17209833,998273,1036559,1158,1036559,37162,38286
17641833,1025215,1039395,1158,1039395,9156,14180
18176833,1057829,1096115,1158,1096115,37563,38286
18619833,1087607,1098951,1158,1098951,7981,11344
19216833,1120221,1131565,1158,1131565,12653,11344
19512833,1132983,1144327,1158,1144327,12756,11344
19765833,1144327,1154253,1158,1154253,10802,9926
