timestamp,unAck0,unAck1
611833,5672,5672
611833,5672,5672
829833,1418,5672
1052833,1418,1418
1276833,1418,1418
1500833,2836,1418
1725833,1418,1418
1951833,1418,1418
2178833,1418,1418
2405833,1418,1418
2633833,1418,1418
2861833,1418,1418
3089833,1418,1418
3317833,1418,1418
3545833,1418,1418
3774833,1418,1418
4003833,1418,1418
4232833,1418,1418
4461833,1418,1418
4690833,1418,1418
4919833,1418,1418
5148833,1418,1418
5377833,1418,1418
5606833,1418,1418
5835833,1418,1418
6065833,1418,1418
6295833,1418,1418
6525833,1418,1418
6755833,1418,1418
6985833,1418,1418
7215833,1418,1418
7445833,1418,1418
7675833,1418,1418
7905833,1418,1418
8135833,1418,1418
8365833,1418,1418
8595833,1418,1418
8825833,1418,1418
9055833,1418,1418
9285833,1418,1418
9515833,0,1418
9745833,1418,1418
9975833,1418,1418
10205833,1418,1418
10435833,1418,1418
10665833,1418,1418
10895833,1418,1418
11125833,1418,1418
11355833,1418,1418
11585833,1418,1418
11815833,1418,1418
12045833,1418,1418
12275833,1418,1418
12505833,1418,1418
12735833,1418,1418
12965833,1418,1418
13195833,1418,1418
13425833,2836,1418
13655833,1418,1418
13885833,1418,1418
14115833,1418,1418
14345833,1418,1418
14575833,1418,1418
14805833,1418,1418
15035833,1418,1418
15265833,1418,1418
15495833,1418,1418
15725833,1418,1418
15955833,1418,1418
16185833,1418,1418
16415833,1418,1418
16645833,1418,1418
16875833,1418,1418
17105833,1418,1418
17335833,1418,0
17565833,1418,1418
17795833,1418,1418
18025833,1418,1418
18255833,1418,1418
18485833,1418,1418
18715833,1418,1418
18945833,1418,1418
19175833,1418,1418
19405833,2836,1418
19635833,2836,1418
19865833,2836,1418
20095833,2836,1418
20325833,1418,1418
20555833,1418,1418
20785833,1418,1418
21015833,1418,1418
21245833,1418,1418
21475833,1418,1418
21705833,2836,1418
21935833,4254,1418
22165833,4254,1418
22397833,2836,1418
22629833,1418,1418
22860833,1418,1418
23091833,1418,1418
23322833,1418,1418
23553833,1418,1418
23784833,1418,1418
24015833,1418,1418
24245833,1418,1418
24475833,1418,1418
24705833,1418,1418
24935833,1418,1418
25165833,1418,1418
25395833,1418,1418
25625833,1418,1418
25855833,1418,1418
26085833,1418,1418
26315833,1418,1418
26545833,1418,1418
26775833,1418,1418
27005833,2836,1418
27235833,1418,1418
27465833,2836,1418
27695833,1418,1418
27925833,1418,1418
28155833,1418,1418
28385833,1418,1418
28615833,1418,1418
28845833,1418,1418
29075833,1418,1418
29305833,1418,1418
29535833,1418,1418
29765833,1418,1418
29995833,1418,1418
30225833,1418,1418
30455833,1418,1418
30685833,1418,1418
30915833,1418,1418
31145833,1418,1418
31375833,1418,1418
31605833,1418,1418
31835833,1418,1418
32065833,2836,1418
32295833,2836,1418
32525833,1418,1418
32755833,1418,1418
32985833,1418,1418
33215833,1418,1418
33445833,1418,1418
33675833,1418,1418
33905833,1418,1418
34135833,1418,1418
34365833,2836,1418
34595833,1418,1418
34825833,1418,1418
35055833,1418,1418
35285833,1418,1418
35515833,1418,1418
35745833,1418,1418
35975833,1418,1418
36205833,1418,1418
36435833,1418,1418
36665833,1418,1418
36895833,1418,1418
37125833,1418,1418
37355833,1418,1418
37585833,1418,1418
37815833,1418,1418
38045833,1418,1418
38275833,1418,1418
38505833,1418,1418
38735833,1418,1418
38965833,1418,1418
39195833,1418,1418
39425833,1418,1418
39655833,1418,1418
39885833,1418,1418
40115833,1418,1418
40345833,1418,1418
40575833,1418,1418
40805833,1418,1418
41035833,1418,1418
41265833,1418,1418
41495833,1418,1418
41725833,1418,1418
41955833,1418,1418
42185833,1418,1418
42415833,1418,1418
42645833,1418,1418
42875833,1418,1418
43105833,1418,1418
43335833,1418,1418
43565833,1418,1418
43795833,1418,1418
44025833,1418,1418
44255833,1418,1418
44485833,1418,1418
44715833,1418,1418
44945833,1418,1418
45175833,1418,1418
45405833,1418,1418
45635833,1418,1418
45865833,1418,1418
46095833,1418,1418
46325833,1418,1418
46555833,1418,1418
46785833,1418,1418
47015833,1418,1418
47245833,1418,1418
47475833,1418,1418
47705833,1418,1418
47935833,1418,1418
48165833,1418,1418
48395833,1418,1418
48625833,1418,1418
48855833,1418,1418
49085833,1418,1418
49315833,1418,1418
49545833,1418,1418
49775833,1418,1418
50005833,1418,1418
50235833,1418,1418
50465833,1418,1418
50695833,1418,1418
50925833,1418,1418
51155833,1418,1418
51385833,1418,1418
51615833,1418,1418
51845833,1418,1418
52075833,1418,1418
52305833,1418,1418
52535833,1418,1418
52765833,1418,1418
52995833,1418,1418
53225833,1418,1418
53455833,1418,1418
53685833,1418,1418
53915833,1418,1418
54145833,1418,1418
54375833,1418,1418
54605833,1418,1418
54835833,1418,1418
55065833,1418,1418
55295833,1418,1418
55525833,1418,1418
55755833,1418,1418
55985833,1418,1418
56215833,1418,1418
56445833,1418,0
56675833,1418,1418
56905833,1418,1418
57135833,1418,1418
57365833,1418,1418
57595833,1418,1418
57825833,1418,1418
58055833,1418,1418
58285833,1418,1418
58515833,1418,1418
58745833,1418,1418
58975833,1418,1418
59205833,1418,1418
59435833,1418,1418
59665833,1418,1418
59895833,1418,1418
