timestamp,rWnd0,rWnd1
611833,1073725440,1073725440
611833,1073725440,1073725440
829833,1073725440,1073725440
1052833,1073725440,1073725440
1276833,1073725440,1073725440
1500833,1073725440,1073725440
1725833,1073725440,1073725440
1951833,1073725440,1073725440
2178833,1073725440,1073725440
2405833,1073725440,1073725440
2633833,1073725440,1073725440
2861833,1073725440,1073725440
3089833,1073725440,1073725440
3317833,1073725440,1073725440
3545833,1073725440,1073725440
3774833,1073725440,1073725440
4003833,1073725440,1073725440
4232833,1073725440,1073725440
4461833,1073725440,1073725440
4690833,1073725440,1073725440
4919833,1073725440,1073725440
5148833,1073725440,1073725440
5377833,1073725440,1073725440
5606833,1073725440,1073725440
5835833,1073725440,1073725440
6065833,1073725440,1073725440
6295833,1073725440,1073725440
6525833,1073725440,1073725440
6755833,1073725440,1073725440
6985833,1073725440,1073725440
7215833,1073725440,1073725440
7445833,1073725440,1073725440
7675833,1073725440,1073725440
7905833,1073725440,1073725440
8135833,1073725440,1073725440
8365833,1073725440,1073725440
8595833,1073725440,1073725440
8825833,1073725440,1073725440
9055833,1073725440,1073725440
9285833,1073725440,1073725440
9515833,1073725440,1073725440
9745833,1073725440,1073725440
9975833,1073725440,1073725440
10205833,1073725440,1073725440
10435833,1073725440,1073725440
10665833,1073725440,1073725440
10895833,1073725440,1073725440
11125833,1073725440,1073725440
11355833,1073725440,1073725440
11585833,1073725440,1073725440
11815833,1073725440,1073725440
12045833,1073725440,1073725440
12275833,1073725440,1073725440
12505833,1073725440,1073725440
12735833,1073725440,1073725440
12965833,1073725440,1073725440
13195833,1073725440,1073725440
13425833,1073725440,1073725440
13655833,1073725440,1073725440
13885833,1073725440,1073725440
14115833,1073725440,1073725440
14345833,1073725440,1073725440
14575833,1073725440,1073725440
14805833,1073725440,1073725440
15035833,1073725440,1073725440
15265833,1073725440,1073725440
15495833,1073725440,1073725440
15725833,1073725440,1073725440
15955833,1073725440,1073725440
16185833,1073725440,1073725440
16415833,1073725440,1073725440
16645833,1073725440,1073725440
16875833,1073725440,1073725440
17105833,1073725440,1073725440
17335833,1073725440,1073725440
17565833,1073725440,1073725440
17795833,1073725440,1073725440
18025833,1073725440,1073725440
18255833,1073725440,1073725440
18485833,1073725440,1073725440
18715833,1073725440,1073725440
18945833,1073725440,1073725440
19175833,1073725440,1073725440
19405833,1073725440,1073725440
19635833,1073725440,1073725440
19865833,1073725440,1073725440
20095833,1073725440,1073725440
20325833,1073725440,1073725440
20555833,1073725440,1073725440
20785833,1073725440,1073725440
21015833,1073725440,1073725440
21245833,1073725440,1073725440
21475833,1073725440,1073725440
21705833,1073725440,1073725440
21935833,1073725440,1073725440
22165833,1073725440,1073725440
22397833,1073725440,1073725440
22629833,1073725440,1073725440
22860833,1073725440,1073725440
23091833,1073725440,1073725440
23322833,1073725440,1073725440
23553833,1073725440,1073725440
23784833,1073725440,1073725440
24015833,1073725440,1073725440
24245833,1073725440,1073725440
24475833,1073725440,1073725440
24705833,1073725440,1073725440
24935833,1073725440,1073725440
25165833,1073725440,1073725440
25395833,1073725440,1073725440
25625833,1073725440,1073725440
25855833,1073725440,1073725440
26085833,1073725440,1073725440
26315833,1073725440,1073725440
26545833,1073725440,1073725440
26775833,1073725440,1073725440
27005833,1073725440,1073725440
27235833,1073725440,1073725440
27465833,1073725440,1073725440
27695833,1073725440,1073725440
27925833,1073725440,1073725440
28155833,1073725440,1073725440
28385833,1073725440,1073725440
28615833,1073725440,1073725440
28845833,1073725440,1073725440
29075833,1073725440,1073725440
29305833,1073725440,1073725440
29535833,1073725440,1073725440
29765833,1073725440,1073725440
29995833,1073725440,1073725440
30225833,1073725440,1073725440
30455833,1073725440,1073725440
30685833,1073725440,1073725440
30915833,1073725440,1073725440
31145833,1073725440,1073725440
31375833,1073725440,1073725440
31605833,1073725440,1073725440
31835833,1073725440,1073725440
32065833,1073725440,1073725440
32295833,1073725440,1073725440
32525833,1073725440,1073725440
32755833,1073725440,1073725440
32985833,1073725440,1073725440
33215833,1073725440,1073725440
33445833,1073725440,1073725440
33675833,1073725440,1073725440
33905833,1073725440,1073725440
34135833,1073725440,1073725440
34365833,1073725440,1073725440
34595833,1073725440,1073725440
34825833,1073725440,1073725440
35055833,1073725440,1073725440
35285833,1073725440,1073725440
35515833,1073725440,1073725440
35745833,1073725440,1073725440
35975833,1073725440,1073725440
36205833,1073725440,1073725440
36435833,1073725440,1073725440
36665833,1073725440,1073725440
36895833,1073725440,1073725440
37125833,1073725440,1073725440
37355833,1073725440,1073725440
37585833,1073725440,1073725440
37815833,1073725440,1073725440
38045833,1073725440,1073725440
38275833,1073725440,1073725440
38505833,1073725440,1073725440
38735833,1073725440,1073725440
38965833,1073725440,1073725440
39195833,1073725440,1073725440
39425833,1073725440,1073725440
39655833,1073725440,1073725440
39885833,1073725440,1073725440
40115833,1073725440,1073725440
40345833,1073725440,1073725440
40575833,1073725440,1073725440
40805833,1073725440,1073725440
41035833,1073725440,1073725440
41265833,1073725440,1073725440
41495833,1073725440,1073725440
41725833,1073725440,1073725440
41955833,1073725440,1073725440
42185833,1073725440,1073725440
42415833,1073725440,1073725440
42645833,1073725440,1073725440
42875833,1073725440,1073725440
43105833,1073725440,1073725440
43335833,1073725440,1073725440
43565833,1073725440,1073725440
43795833,1073725440,1073725440
44025833,1073725440,1073725440
44255833,1073725440,1073725440
44485833,1073725440,1073725440
44715833,1073725440,1073725440
44945833,1073725440,1073725440
45175833,1073725440,1073725440
45405833,1073725440,1073725440
45635833,1073725440,1073725440
45865833,1073725440,1073725440
46095833,1073725440,1073725440
46325833,1073725440,1073725440
46555833,1073725440,1073725440
46785833,1073725440,1073725440
47015833,1073725440,1073725440
47245833,1073725440,1073725440
47475833,1073725440,1073725440
47705833,1073725440,1073725440
47935833,1073725440,1073725440
48165833,1073725440,1073725440
48395833,1073725440,1073725440
48625833,1073725440,1073725440
48855833,1073725440,1073725440
49085833,1073725440,1073725440
49315833,1073725440,1073725440
49545833,1073725440,1073725440
49775833,1073725440,1073725440
50005833,1073725440,1073725440
50235833,1073725440,1073725440
50465833,1073725440,1073725440
50695833,1073725440,1073725440
50925833,1073725440,1073725440
51155833,1073725440,1073725440
51385833,1073725440,1073725440
51615833,1073725440,1073725440
51845833,1073725440,1073725440
52075833,1073725440,1073725440
52305833,1073725440,1073725440
52535833,1073725440,1073725440
52765833,1073725440,1073725440
52995833,1073725440,1073725440
53225833,1073725440,1073725440
53455833,1073725440,1073725440
53685833,1073725440,1073725440
53915833,1073725440,1073725440
54145833,1073725440,1073725440
54375833,1073725440,1073725440
54605833,1073725440,1073725440
54835833,1073725440,1073725440
55065833,1073725440,1073725440
55295833,1073725440,1073725440
55525833,1073725440,1073725440
55755833,1073725440,1073725440
55985833,1073725440,1073725440
56215833,1073725440,1073725440
56445833,1073725440,1073725440
56675833,1073725440,1073725440
56905833,1073725440,1073725440
57135833,1073725440,1073725440
57365833,1073725440,1073725440
57595833,1073725440,1073725440
57825833,1073725440,1073725440
58055833,1073725440,1073725440
58285833,1073725440,1073725440
58515833,1073725440,1073725440
58745833,1073725440,1073725440
58975833,1073725440,1073725440
59205833,1073725440,1073725440
59435833,1073725440,1073725440
59665833,1073725440,1073725440
59895833,1073725440,1073725440
