timestamp,rtt0,rtt1
611833,218,184
611833,218,184
829833,223,184
1052833,224,219
1276833,224,221
1500833,225,222
1725833,226,223
1951833,227,224
2178833,227,225
2405833,228,225
2633833,228,226
2861833,228,226
3089833,228,227
3317833,228,227
3545833,229,227
3774833,229,228
4003833,229,228
4232833,229,228
4461833,229,228
4690833,229,229
4919833,229,229
5148833,229,229
5377833,229,229
5606833,229,229
5835833,230,229
6065833,230,229
6295833,230,229
6525833,230,229
6755833,230,229
6985833,230,229
7215833,230,230
7445833,230,230
7675833,230,230
7905833,230,230
8135833,230,230
8365833,230,230
8595833,230,230
8825833,230,230
9055833,230,230
9285833,230,230
9515833,230,230
9745833,230,230
9975833,230,230
10205833,230,230
10435833,230,230
10665833,230,230
10895833,230,230
11125833,230,230
11355833,230,230
11585833,230,230
11815833,230,230
12045833,230,230
12275833,230,230
12505833,230,230
12735833,230,230
12965833,230,230
13195833,230,230
13425833,230,230
13655833,230,230
13885833,230,230
14115833,230,230
14345833,230,230
14575833,230,230
14805833,230,230
15035833,230,230
15265833,230,230
15495833,230,230
15725833,230,230
15955833,230,230
16185833,230,230
16415833,230,230
16645833,230,230
16875833,230,230
17105833,230,230
17335833,230,230
17565833,230,230
17795833,230,230
18025833,230,230
18255833,230,230
18485833,230,230
18715833,230,230
18945833,230,230
19175833,230,230
19405833,230,230
19635833,230,230
19865833,230,230
20095833,230,230
20325833,230,230
20555833,230,230
20785833,230,230
21015833,230,230
21245833,230,230
21475833,230,230
21705833,230,230
21935833,230,230
22165833,232,230
22397833,232,230
22629833,231,230
22860833,231,230
23091833,231,230
23322833,231,230
23553833,231,230
23784833,231,230
24015833,230,230
24245833,230,230
24475833,230,230
24705833,230,230
24935833,230,230
25165833,230,230
25395833,230,230
25625833,230,230
25855833,230,230
26085833,230,230
26315833,230,230
26545833,230,230
26775833,230,230
27005833,230,230
27235833,230,230
27465833,230,230
27695833,230,230
27925833,230,230
28155833,230,230
28385833,230,230
28615833,230,230
28845833,230,230
29075833,230,230
29305833,230,230
29535833,230,230
29765833,230,230
29995833,230,230
30225833,230,230
30455833,230,230
30685833,230,230
30915833,230,230
31145833,230,230
31375833,230,230
31605833,230,230
31835833,230,230
32065833,230,230
32295833,230,230
32525833,230,230
32755833,230,230
32985833,230,230
33215833,230,230
33445833,230,230
33675833,230,230
33905833,230,230
34135833,230,230
34365833,230,230
34595833,230,230
34825833,230,230
35055833,230,230
35285833,230,230
35515833,230,230
35745833,230,230
35975833,230,230
36205833,230,230
36435833,230,230
36665833,230,230
36895833,230,230
37125833,230,230
37355833,230,230
37585833,230,230
37815833,230,230
38045833,230,230
38275833,230,230
38505833,230,230
38735833,230,230
38965833,230,230
39195833,230,230
39425833,230,230
39655833,230,230
39885833,230,230
40115833,230,230
40345833,230,230
40575833,230,230
40805833,230,230
41035833,230,230
41265833,230,230
41495833,230,230
41725833,230,230
41955833,230,230
42185833,230,230
42415833,230,230
42645833,230,230
42875833,230,230
43105833,230,230
43335833,230,230
43565833,230,230
43795833,230,230
44025833,230,230
44255833,230,230
44485833,230,230
44715833,230,230
44945833,230,230
45175833,230,230
45405833,230,230
45635833,230,230
45865833,230,230
46095833,230,230
46325833,230,230
46555833,230,230
46785833,230,230
47015833,230,230
47245833,230,230
47475833,230,230
47705833,230,230
47935833,230,230
48165833,230,230
48395833,230,230
48625833,230,230
48855833,230,230
49085833,230,230
49315833,230,230
49545833,230,230
49775833,230,230
50005833,230,230
50235833,230,230
50465833,230,230
50695833,230,230
50925833,230,230
51155833,230,230
51385833,230,230
51615833,230,230
51845833,230,230
52075833,230,230
52305833,230,230
52535833,230,230
52765833,230,230
52995833,230,230
53225833,230,230
53455833,230,230
53685833,230,230
53915833,230,230
54145833,230,230
54375833,230,230
54605833,230,230
54835833,230,230
55065833,230,230
55295833,230,230
55525833,230,230
55755833,230,230
55985833,230,230
56215833,230,230
56445833,230,230
56675833,230,230
56905833,230,230
57135833,230,230
57365833,230,230
57595833,230,230
57825833,230,230
58055833,230,230
58285833,230,230
58515833,230,230
58745833,230,230
58975833,230,230
59205833,230,230
59435833,230,230
59665833,230,230
59895833,230,230
