timestamp,cWnd0,cWnd1
611833,5672,5672
611833,1500,1500
829833,1500,1500
1052833,2820,1500
1276833,2305,1500
1500833,3686,1500
1725833,1709,1500
1951833,1500,1500
2178833,1500,1500
2405833,1727,1500
2633833,2164,1500
2861833,2055,1500
3089833,2132,1500
3317833,1661,1500
3545833,1500,1500
3774833,1500,1500
4003833,1500,1500
4232833,1500,1500
4461833,2013,1500
4690833,1721,1500
4919833,2242,1500
5148833,1637,1500
5377833,1500,1500
5606833,1500,1500
5835833,1500,1500
6065833,1500,1500
6295833,1500,1500
6525833,1500,1500
6755833,1500,1500
6985833,1500,1500
7215833,1500,1500
7445833,1500,1500
7675833,1500,1500
7905833,1500,1500
8135833,1500,1500
8365833,1500,1500
8595833,1500,1500
8825833,1500,1500
9055833,1500,1500
9285833,1500,1500
9515833,1500,1500
9745833,1500,1500
9975833,1500,1500
10205833,1500,1500
10435833,1500,1500
10665833,1500,1500
10895833,1500,1500
11125833,1500,1500
11355833,1500,1500
11585833,1500,1500
11815833,1500,1500
12045833,1500,1500
12275833,1500,1500
12505833,1500,1500
12735833,1638,1500
12965833,1709,1500
13195833,1625,1500
13425833,2934,1500
13655833,1711,1500
13885833,2161,1500
14115833,1696,1500
14345833,1500,1500
14575833,1681,1500
14805833,2209,1500
15035833,1826,1500
15265833,2140,1500
15495833,1578,1500
15725833,1730,1500
15955833,1500,1500
16185833,1500,1500
16415833,1500,1500
16645833,1500,1500
16875833,1500,1500
17105833,1500,1500
17335833,1500,1500
17565833,1512,1500
17795833,1767,1500
18025833,2261,1500
18255833,1987,1500
18485833,1955,1500
18715833,1791,1500
18945833,1670,1500
19175833,2407,1500
19405833,3436,1500
19635833,3526,1500
19865833,2970,1500
20095833,3063,1500
20325833,2272,1500
20555833,2115,1500
20785833,2072,1500
21015833,2053,1500
21245833,1963,1500
21475833,2590,1500
21705833,3301,1500
21935833,4283,1500
22165833,4999,1500
22397833,3208,1500
22629833,2169,1500
22860833,2491,1500
23091833,1500,1500
23322833,1500,1500
23553833,1867,1500
23784833,2002,1500
24015833,1715,1500
24245833,2112,1500
24475833,1928,1500
24705833,1752,1500
24935833,1500,1500
25165833,1562,1500
25395833,1587,1500
25625833,1855,1500
25855833,2777,1500
26085833,1690,1500
26315833,1860,1500
26545833,2202,1500
26775833,2205,1500
27005833,3016,1500
27235833,2467,1500
27465833,3233,1500
27695833,2374,1500
27925833,1500,1500
28155833,1500,1500
28385833,1500,1500
28615833,1554,1500
28845833,1500,1500
29075833,1590,1500
29305833,1500,1500
29535833,1500,1500
29765833,1651,1500
29995833,1752,1500
30225833,1565,1500
30455833,1935,1500
30685833,1898,1500
30915833,1881,1500
31145833,1898,1500
31375833,2208,1500
31605833,2190,1500
31835833,2187,1500
32065833,2860,1500
32295833,3365,1500
32525833,2098,1500
32755833,2674,1500
32985833,1500,1500
33215833,1601,1500
33445833,1500,1500
33675833,1721,1500
33905833,1718,1500
34135833,2647,1500
34365833,3247,1500
34595833,2414,1500
34825833,1783,1500
35055833,1615,1500
35285833,1500,1500
35515833,1500,1500
35745833,1500,1500
35975833,1530,1500
36205833,1672,1500
36435833,1500,1500
36665833,1500,1500
36895833,2042,1500
37125833,1500,1500
37355833,1500,1500
37585833,1500,1500
37815833,1500,1500
38045833,1500,1500
38275833,1500,1500
38505833,1500,1500
38735833,1500,1500
38965833,1500,1500
39195833,1500,1500
39425833,1500,1500
39655833,1500,1500
39885833,1500,1500
40115833,1500,1500
40345833,1500,1500
40575833,1556,1500
40805833,1500,1500
41035833,1500,1500
41265833,1500,1500
41495833,1500,1500
41725833,1679,1500
41955833,1500,1500
42185833,1500,1500
42415833,1954,1500
42645833,1500,1500
42875833,1500,1500
43105833,1500,1500
43335833,1500,1500
43565833,1975,1500
43795833,1500,1500
44025833,1776,1500
44255833,1500,1500
44485833,1758,1500
44715833,2546,1500
44945833,1500,1500
45175833,1500,1500
45405833,1500,1500
45635833,1500,1500
45865833,1500,1500
46095833,1500,1500
46325833,1500,1500
46555833,1500,1500
46785833,1500,1500
47015833,1500,1500
47245833,1500,1500
47475833,1500,1500
47705833,1500,1500
47935833,1500,1500
48165833,1500,1500
48395833,1500,1500
48625833,1500,1500
48855833,1500,1500
49085833,1500,1500
49315833,1500,1500
49545833,1500,1500
49775833,1500,1500
50005833,1655,1500
50235833,1500,1500
50465833,1637,1500
50695833,1500,1500
50925833,1500,1500
51155833,1500,1500
51385833,1500,1500
51615833,1500,1500
51845833,1500,1500
52075833,1500,1500
52305833,1500,1500
52535833,1500,1500
52765833,1500,1500
52995833,1500,1500
53225833,1500,1500
53455833,1500,1500
53685833,1500,1500
53915833,1500,1500
54145833,1500,1500
54375833,1500,1500
54605833,1500,1500
54835833,1500,1500
55065833,1500,1500
55295833,1500,1500
55525833,1500,1500
55755833,1500,1500
55985833,1500,1500
56215833,1500,1500
56445833,1500,1500
56675833,1500,1500
56905833,1500,1500
57135833,1500,1500
57365833,1500,1500
57595833,1721,1500
57825833,1743,1500
58055833,1687,1500
58285833,1500,1500
58515833,1500,1500
58745833,1500,1500
58975833,1500,1500
59205833,1500,1500
59435833,1500,1500
59665833,1500,1500
59895833,1500,1500
