timestamp,availableTxBuffer0,availableTxBuffer1
611833,246472,246472
611833,246472,246472
829833,250726,246472
1052833,250726,250726
1276833,250726,250726
1500833,249308,250726
1725833,250726,250726
1951833,250726,250726
2178833,250726,250726
2405833,250726,250726
2633833,250726,250726
2861833,250726,250726
3089833,250726,250726
3317833,250726,250726
3545833,250726,250726
3774833,250726,250726
4003833,250726,250726
4232833,250726,250726
4461833,250726,250726
4690833,250726,250726
4919833,250726,250726
5148833,250726,250726
5377833,250726,250726
5606833,250726,250726
5835833,250726,250726
6065833,250726,250726
6295833,250726,250726
6525833,250726,250726
6755833,250726,250726
6985833,250726,250726
7215833,250726,250726
7445833,250726,250726
7675833,250726,250726
7905833,250726,250726
8135833,250726,250726
8365833,250726,250726
8595833,250726,250726
8825833,250726,250726
9055833,250726,250726
9285833,250726,250726
9515833,252144,250726
9745833,250726,250726
9975833,250726,250726
10205833,250726,250726
10435833,250726,250726
10665833,250726,250726
10895833,250726,250726
11125833,250726,250726
11355833,250726,250726
11585833,250726,250726
11815833,250726,250726
12045833,250726,250726
12275833,250726,250726
12505833,250726,250726
12735833,250726,250726
12965833,250726,250726
13195833,250726,250726
13425833,249308,250726
13655833,250726,250726
13885833,250726,250726
14115833,250726,250726
14345833,250726,250726
14575833,250726,250726
14805833,250726,250726
15035833,250726,250726
15265833,250726,250726
15495833,250726,250726
15725833,250726,250726
15955833,250726,250726
16185833,250726,250726
16415833,250726,250726
16645833,250726,250726
16875833,250726,250726
17105833,250726,250726
17335833,250726,252144
17565833,250726,250726
17795833,250726,250726
18025833,250726,250726
18255833,250726,250726
18485833,250726,250726
18715833,250726,250726
18945833,250726,250726
19175833,250726,250726
19405833,249308,250726
19635833,249308,250726
19865833,249308,250726
20095833,249308,250726
20325833,250726,250726
20555833,250726,250726
20785833,250726,250726
21015833,250726,250726
21245833,250726,250726
21475833,250726,250726
21705833,249308,250726
21935833,247890,250726
22165833,247890,250726
22397833,249308,250726
22629833,250726,250726
22860833,250726,250726
23091833,250726,250726
23322833,250726,250726
23553833,250726,250726
23784833,250726,250726
24015833,250726,250726
24245833,250726,250726
24475833,250726,250726
24705833,250726,250726
24935833,250726,250726
25165833,250726,250726
25395833,250726,250726
25625833,250726,250726
25855833,250726,250726
26085833,250726,250726
26315833,250726,250726
26545833,250726,250726
26775833,250726,250726
27005833,249308,250726
27235833,250726,250726
27465833,249308,250726
27695833,250726,250726
27925833,250726,250726
28155833,250726,250726
28385833,250726,250726
28615833,250726,250726
28845833,250726,250726
29075833,250726,250726
29305833,250726,250726
29535833,250726,250726
29765833,250726,250726
29995833,250726,250726
30225833,250726,250726
30455833,250726,250726
30685833,250726,250726
30915833,250726,250726
31145833,250726,250726
31375833,250726,250726
31605833,250726,250726
31835833,250726,250726
32065833,249308,250726
32295833,249308,250726
32525833,250726,250726
32755833,250726,250726
32985833,250726,250726
33215833,250726,250726
33445833,250726,250726
33675833,250726,250726
33905833,250726,250726
34135833,250726,250726
34365833,249308,250726
34595833,250726,250726
34825833,250726,250726
35055833,250726,250726
35285833,250726,250726
35515833,250726,250726
35745833,250726,250726
35975833,250726,250726
36205833,250726,250726
36435833,250726,250726
36665833,250726,250726
36895833,250726,250726
37125833,250726,250726
37355833,250726,250726
37585833,250726,250726
37815833,250726,250726
38045833,250726,250726
38275833,250726,250726
38505833,250726,250726
38735833,250726,250726
38965833,250726,250726
39195833,250726,250726
39425833,250726,250726
39655833,250726,250726
39885833,250726,250726
40115833,250726,250726
40345833,250726,250726
40575833,250726,250726
40805833,250726,250726
41035833,250726,250726
41265833,250726,250726
41495833,250726,250726
41725833,250726,250726
41955833,250726,250726
42185833,250726,250726
42415833,250726,250726
42645833,250726,250726
42875833,250726,250726
43105833,250726,250726
43335833,250726,250726
43565833,250726,250726
43795833,250726,250726
44025833,250726,250726
44255833,250726,250726
44485833,250726,250726
44715833,250726,250726
44945833,250726,250726
45175833,250726,250726
45405833,250726,250726
45635833,250726,250726
45865833,250726,250726
46095833,250726,250726
46325833,250726,250726
46555833,250726,250726
46785833,250726,250726
47015833,250726,250726
47245833,250726,250726
47475833,250726,250726
47705833,250726,250726
47935833,250726,250726
48165833,250726,250726
48395833,250726,250726
48625833,250726,250726
48855833,250726,250726
49085833,250726,250726
49315833,250726,250726
49545833,250726,250726
49775833,250726,250726
50005833,250726,250726
50235833,250726,250726
50465833,250726,250726
50695833,250726,250726
50925833,250726,250726
51155833,250726,250726
51385833,250726,250726
51615833,250726,250726
51845833,250726,250726
52075833,250726,250726
52305833,250726,250726
52535833,250726,250726
52765833,250726,250726
52995833,250726,250726
53225833,250726,250726
53455833,250726,250726
53685833,250726,250726
53915833,250726,250726
54145833,250726,250726
54375833,250726,250726
54605833,250726,250726
54835833,250726,250726
55065833,250726,250726
55295833,250726,250726
55525833,250726,250726
55755833,250726,250726
55985833,250726,250726
56215833,250726,250726
56445833,250726,252144
56675833,250726,250726
56905833,250726,250726
57135833,250726,250726
57365833,250726,250726
57595833,250726,250726
57825833,250726,250726
58055833,250726,250726
58285833,250726,250726
58515833,250726,250726
58745833,250726,250726
58975833,250726,250726
59205833,250726,250726
59435833,250726,250726
59665833,250726,250726
59895833,250726,250726
