timestamp,rtt0,rtt1
611833,218,184
611833,218,184
829833,223,184
1052833,224,219
1276833,224,221
1500833,225,222
1725833,226,223
1951833,226,224
2177833,227,225
2404833,227,225
2631833,227,226
2858833,228,226
3086833,228,227
3314833,228,227
3542833,229,227
3771833,229,228
4000833,229,228
4229833,229,228
4458833,229,228
4687833,229,229
4916833,229,229
5145833,229,229
5374833,229,229
5603833,229,229
5832833,230,229
6062833,230,229
6292833,230,229
6522833,230,229
6752833,230,229
6982833,230,229
7212833,230,230
7442833,230,230
7672833,230,230
7902833,230,230
8132833,230,230
8362833,230,230
8592833,230,230
8822833,230,230
9052833,230,230
9282833,230,230
9512833,230,230
9742833,230,230
9972833,230,230
10202833,230,230
10432833,230,230
10662833,230,230
10892833,230,230
11122833,230,230
11352833,230,230
11582833,230,230
11812833,230,230
12042833,230,230
12272833,230,230
12502833,230,230
12732833,230,230
12962833,230,230
13192833,230,230
13422833,230,230
13652833,230,230
13882833,230,230
14112833,230,230
14342833,230,230
14572833,230,230
14802833,230,230
15032833,230,230
15262833,230,230
15492833,230,230
15722833,230,230
15952833,230,230
16182833,230,230
16412833,230,230
16642833,230,230
16872833,230,230
17102833,230,230
17332833,230,230
17562833,230,230
17792833,230,230
18022833,230,230
18252833,230,230
18482833,230,230
18712833,230,230
18942833,230,230
19172833,230,230
19402833,230,230
19632833,230,230
19862833,230,230
20092833,230,230
20322833,230,230
20552833,230,230
20782833,230,230
21012833,230,230
21242833,230,230
21472833,230,230
21702833,230,230
21932833,230,230
22162833,230,230
22392833,230,230
22622833,230,230
22852833,230,230
23082833,230,230
23312833,230,230
23542833,230,230
23772833,230,230
24002833,230,230
24232833,230,230
24462833,230,230
24692833,230,230
24922833,230,230
25152833,230,230
25382833,230,230
25612833,230,230
25842833,230,230
26072833,230,230
26302833,230,230
26532833,230,230
26762833,230,230
26992833,230,230
27222833,230,230
27452833,230,230
27682833,230,230
27912833,230,230
28142833,230,230
28372833,230,230
28602833,230,230
28832833,230,230
29062833,230,230
29292833,230,230
29522833,230,230
29752833,230,230
29982833,230,230
30212833,230,230
30442833,230,230
30672833,230,230
30902833,230,230
31132833,230,230
31362833,230,230
31592833,230,230
31822833,230,230
32052833,230,230
32282833,230,230
32512833,230,230
32742833,230,230
32972833,230,230
33202833,230,230
33432833,230,230
33662833,230,230
33892833,230,230
34122833,230,230
34352833,230,230
34582833,230,230
34812833,230,230
35042833,230,230
35272833,230,230
35502833,230,230
35732833,230,230
35962833,230,230
36192833,230,230
36422833,230,230
36652833,230,230
36882833,230,230
37112833,230,230
37342833,230,230
37572833,230,230
37802833,230,230
38032833,230,230
38262833,230,230
38492833,230,230
38722833,230,230
38952833,230,230
39182833,230,230
39412833,230,230
39642833,230,230
39872833,230,230
40102833,230,230
40332833,230,230
40562833,230,230
40792833,230,230
41022833,230,230
41252833,230,230
41482833,230,230
41712833,230,230
41942833,230,230
42172833,230,230
42402833,230,230
42632833,230,230
42862833,230,230
43092833,230,230
43322833,230,230
43552833,230,230
43782833,230,230
44012833,231,230
44243833,231,230
44474833,231,230
44705833,231,230
44936833,230,230
45166833,230,230
45396833,230,230
45626833,230,230
45856833,230,230
46086833,230,230
46316833,230,230
46546833,230,230
46776833,230,230
47006833,230,230
47236833,230,230
47466833,230,230
47696833,230,230
47926833,232,230
48158833,232,230
48390833,231,230
48621833,231,230
48852833,231,230
49083833,230,230
49313833,230,230
49543833,230,230
49773833,230,230
50003833,230,230
50233833,230,230
50463833,230,230
50693833,230,230
50923833,230,230
51153833,230,230
51383833,230,230
51613833,231,230
51844833,231,230
52075833,231,230
52306833,231,230
52537833,231,230
52768833,231,230
52999833,231,230
53230833,231,230
53461833,230,230
53691833,230,230
53921833,230,230
54151833,230,230
54381833,230,230
54611833,230,230
54841833,230,230
55071833,230,230
55301833,230,230
55531833,230,230
55761833,230,230
55991833,230,230
56221833,230,230
56451833,230,230
56681833,230,230
56911833,230,230
57141833,230,230
57371833,232,230
57603833,232,230
57835833,231,230
58066833,231,230
58297833,231,230
58528833,230,230
58758833,230,230
58988833,230,230
59218833,230,230
59448833,230,230
59678833,230,230
59908833,230,230
