timestamp,availableTxBuffer0,availableTxBuffer1
611833,246472,246472
611833,246472,246472
829833,250726,246472
1052833,250726,250726
1276833,250726,250726
1500833,250726,250726
1725833,250726,250726
1951833,250726,250726
2177833,250726,250726
2404833,250726,250726
2631833,250726,250726
2858833,250726,250726
3086833,250726,250726
3314833,250726,250726
3542833,250726,250726
3771833,250726,250726
4000833,250726,250726
4229833,250726,250726
4458833,250726,250726
4687833,250726,250726
4916833,250726,250726
5145833,250726,250726
5374833,250726,250726
5603833,250726,250726
5832833,250726,250726
6062833,250726,250726
6292833,250726,250726
6522833,250726,250726
6752833,250726,250726
6982833,250726,250726
7212833,250726,250726
7442833,250726,250726
7672833,250726,250726
7902833,250726,250726
8132833,250726,250726
8362833,250726,250726
8592833,250726,250726
8822833,250726,250726
9052833,252144,250726
9282833,250726,250726
9512833,250726,250726
9742833,250726,250726
9972833,250726,250726
10202833,250726,250726
10432833,250726,250726
10662833,250726,250726
10892833,250726,250726
11122833,250726,250726
11352833,250726,250726
11582833,250726,250726
11812833,250726,250726
12042833,250726,250726
12272833,250726,250726
12502833,249308,250726
12732833,250726,250726
12962833,250726,250726
13192833,250726,250726
13422833,250726,250726
13652833,250726,250726
13882833,250726,250726
14112833,250726,250726
14342833,250726,250726
14572833,250726,250726
14802833,250726,250726
15032833,250726,250726
15262833,250726,250726
15492833,250726,250726
15722833,250726,250726
15952833,250726,250726
16182833,250726,250726
16412833,249308,250726
16642833,249308,250726
16872833,249308,252144
17102833,250726,250726
17332833,250726,250726
17562833,250726,250726
17792833,250726,250726
18022833,250726,250726
18252833,250726,250726
18482833,250726,250726
18712833,250726,250726
18942833,250726,250726
19172833,250726,250726
19402833,250726,250726
19632833,250726,250726
19862833,250726,250726
20092833,250726,250726
20322833,250726,250726
20552833,250726,250726
20782833,250726,250726
21012833,250726,250726
21242833,250726,250726
21472833,250726,250726
21702833,250726,250726
21932833,250726,250726
22162833,250726,250726
22392833,250726,250726
22622833,250726,250726
22852833,250726,250726
23082833,250726,250726
23312833,250726,250726
23542833,249308,250726
23772833,250726,250726
24002833,250726,250726
24232833,250726,250726
24462833,250726,250726
24692833,250726,250726
24922833,250726,250726
25152833,250726,250726
25382833,250726,250726
25612833,250726,250726
25842833,250726,250726
26072833,250726,250726
26302833,250726,250726
26532833,250726,250726
26762833,250726,250726
26992833,250726,250726
27222833,250726,250726
27452833,250726,250726
27682833,250726,250726
27912833,250726,250726
28142833,250726,250726
28372833,250726,250726
28602833,250726,250726
28832833,250726,250726
29062833,250726,250726
29292833,250726,250726
29522833,250726,250726
29752833,250726,250726
29982833,250726,250726
30212833,250726,250726
30442833,250726,250726
30672833,250726,250726
30902833,250726,250726
31132833,250726,250726
31362833,250726,250726
31592833,250726,250726
31822833,250726,250726
32052833,249308,250726
32282833,249308,250726
32512833,250726,250726
32742833,250726,250726
32972833,250726,250726
33202833,250726,250726
33432833,250726,250726
33662833,250726,250726
33892833,250726,250726
34122833,250726,250726
34352833,250726,250726
34582833,250726,250726
34812833,250726,250726
35042833,250726,250726
35272833,250726,250726
35502833,250726,250726
35732833,250726,250726
35962833,250726,250726
36192833,250726,250726
36422833,250726,250726
36652833,250726,250726
36882833,250726,250726
37112833,250726,250726
37342833,250726,250726
37572833,250726,250726
37802833,250726,250726
38032833,250726,250726
38262833,250726,250726
38492833,250726,250726
38722833,250726,250726
38952833,249308,250726
39182833,250726,250726
39412833,250726,250726
39642833,250726,250726
39872833,250726,250726
40102833,250726,250726
40332833,250726,250726
40562833,250726,250726
40792833,249308,250726
41022833,249308,250726
41252833,249308,250726
41482833,249308,250726
41712833,249308,250726
41942833,249308,250726
42172833,249308,250726
42402833,249308,250726
42632833,250726,250726
42862833,249308,250726
43092833,250726,250726
43322833,250726,250726
43552833,250726,250726
43782833,249308,250726
44012833,249308,250726
44243833,249308,250726
44474833,250726,250726
44705833,250726,250726
44936833,250726,250726
45166833,250726,250726
45396833,250726,250726
45626833,250726,250726
45856833,250726,250726
46086833,250726,250726
46316833,250726,250726
46546833,252144,250726
46776833,250726,250726
47006833,250726,250726
47236833,250726,250726
47466833,250726,250726
47696833,249308,250726
47926833,250726,250726
48158833,249308,250726
48390833,249308,250726
48621833,249308,250726
48852833,250726,250726
49083833,252144,250726
49313833,250726,250726
49543833,250726,250726
49773833,250726,250726
50003833,250726,250726
50233833,250726,250726
50463833,250726,250726
50693833,250726,250726
50923833,250726,250726
51153833,250726,250726
51383833,249308,250726
51613833,250726,250726
51844833,250726,250726
52075833,250726,250726
52306833,250726,250726
52537833,250726,250726
52768833,250726,250726
52999833,250726,250726
53230833,250726,250726
53461833,250726,250726
53691833,250726,250726
53921833,250726,250726
54151833,250726,250726
54381833,250726,250726
54611833,250726,250726
54841833,250726,250726
55071833,250726,250726
55301833,250726,250726
55531833,250726,250726
55761833,250726,250726
55991833,250726,250726
56221833,250726,250726
56451833,250726,250726
56681833,249308,250726
56911833,249308,250726
57141833,247890,250726
57371833,247890,252144
57603833,247890,250726
57835833,249308,250726
58066833,250726,250726
58297833,250726,250726
58528833,250726,252144
58758833,250726,250726
58988833,250726,250726
59218833,250726,250726
59448833,250726,250726
59678833,250726,250726
59908833,250726,250726
