timestamp,cWnd0,cWnd1
611833,5672,5672
611833,1500,1500
829833,1500,1500
1052833,1500,1500
1276833,1500,1500
1500833,1500,1500
1725833,1500,1500
1951833,1500,1500
2177833,1500,1500
2404833,1772,1500
2631833,2184,1500
2858833,1599,1500
3086833,1901,1500
3314833,1753,1500
3542833,1801,1500
3771833,2489,1500
4000833,1763,1500
4229833,1560,1500
4458833,1697,1500
4687833,1500,1500
4916833,1500,1500
5145833,1500,1500
5374833,1500,1500
5603833,1787,1500
5832833,1663,1500
6062833,1641,1500
6292833,2080,1500
6522833,2546,1500
6752833,1983,1500
6982833,2274,1500
7212833,1500,1500
7442833,1500,1500
7672833,1500,1500
7902833,1500,1500
8132833,1500,1500
8362833,1500,1500
8592833,1500,1500
8822833,1500,1500
9052833,1500,1500
9282833,1500,1500
9512833,1620,1500
9742833,1705,1500
9972833,1500,1500
10202833,1500,1500
10432833,1545,1500
10662833,1687,1500
10892833,1567,1500
11122833,2145,1500
11352833,2310,1500
11582833,2387,1500
11812833,2386,1500
12042833,2229,1500
12272833,2708,1500
12502833,2937,1500
12732833,1500,1500
12962833,1500,1500
13192833,1500,1500
13422833,1500,1500
13652833,1500,1500
13882833,1500,1500
14112833,1500,1500
14342833,1500,1500
14572833,1500,1500
14802833,1500,1500
15032833,1500,1500
15262833,1720,1500
15492833,1724,1500
15722833,1500,1500
15952833,2248,1500
16182833,2785,1500
16412833,3191,1500
16642833,3244,1500
16872833,3262,1500
17102833,1808,1500
17332833,1650,1500
17562833,1542,1500
17792833,1707,1500
18022833,1569,1500
18252833,1500,1500
18482833,1500,1500
18712833,1500,1500
18942833,1500,1500
19172833,1500,1500
19402833,1500,1500
19632833,2096,1500
19862833,2436,1500
20092833,1601,1500
20322833,1500,1500
20552833,1500,1500
20782833,1500,1500
21012833,1500,1500
21242833,1500,1500
21472833,1500,1500
21702833,1836,1500
21932833,1500,1500
22162833,1500,1500
22392833,1500,1500
22622833,1500,1500
22852833,1500,1500
23082833,1694,1500
23312833,2404,1500
23542833,3043,1500
23772833,2114,1500
24002833,2402,1500
24232833,2284,1500
24462833,1523,1500
24692833,1500,1500
24922833,1500,1500
25152833,1500,1500
25382833,1500,1500
25612833,1500,1500
25842833,1500,1500
26072833,1500,1500
26302833,1500,1500
26532833,1500,1500
26762833,1500,1500
26992833,1500,1500
27222833,1500,1500
27452833,1500,1500
27682833,1500,1500
27912833,1500,1500
28142833,1500,1500
28372833,1500,1500
28602833,1500,1500
28832833,1500,1500
29062833,1500,1500
29292833,1500,1500
29522833,1500,1500
29752833,1500,1500
29982833,1500,1500
30212833,1500,1500
30442833,1500,1500
30672833,1714,1500
30902833,2119,1500
31132833,2320,1500
31362833,2329,1500
31592833,1916,1500
31822833,2185,1500
32052833,3052,1500
32282833,3110,1500
32512833,2697,1500
32742833,2187,1500
32972833,2436,1500
33202833,1993,1500
33432833,1500,1500
33662833,1500,1500
33892833,1500,1500
34122833,1500,1500
34352833,1500,1500
34582833,1500,1500
34812833,1500,1500
35042833,1500,1500
35272833,1500,1500
35502833,1500,1500
35732833,1500,1500
35962833,1500,1500
36192833,1500,1500
36422833,1500,1500
36652833,1500,1500
36882833,1500,1500
37112833,1500,1500
37342833,1500,1500
37572833,1500,1500
37802833,1500,1500
38032833,1500,1500
38262833,1753,1500
38492833,2661,1500
38722833,1970,1500
38952833,2866,1500
39182833,2575,1500
39412833,2205,1500
39642833,2199,1500
39872833,1955,1500
40102833,1752,1500
40332833,1784,1500
40562833,2238,1500
40792833,3277,1500
41022833,3390,1500
41252833,3278,1500
41482833,3653,1500
41712833,3101,1500
41942833,3023,1500
42172833,3929,1500
42402833,3124,1500
42632833,2556,1500
42862833,3021,1500
43092833,2733,1500
43322833,1994,1500
43552833,2653,1500
43782833,3400,1500
44012833,4020,1500
44243833,3035,1500
44474833,2475,1500
44705833,1936,1500
44936833,1510,1500
45166833,1500,1500
45396833,1640,1500
45626833,1937,1500
45856833,1512,1500
46086833,1500,1500
46316833,1500,1500
46546833,1517,1500
46776833,2040,1500
47006833,2412,1500
47236833,2361,1500
47466833,2632,1500
47696833,2935,1500
47926833,2367,1500
48158833,3168,1500
48390833,3198,1500
48621833,3220,1500
48852833,1774,1500
49083833,2140,1500
49313833,2834,1500
49543833,2533,1500
49773833,1789,1500
50003833,2457,1500
50233833,1900,1500
50463833,1551,1500
50693833,1745,1500
50923833,2372,1500
51153833,2319,1500
51383833,3247,1500
51613833,2021,1500
51844833,2209,1500
52075833,1518,1500
52306833,1594,1500
52537833,2017,1500
52768833,2208,1500
52999833,1757,1500
53230833,2751,1500
53461833,2303,1500
53691833,1810,1500
53921833,1970,1500
54151833,1659,1500
54381833,1721,1500
54611833,1941,1500
54841833,1500,1500
55071833,1500,1500
55301833,1500,1500
55531833,1741,1500
55761833,1500,1500
55991833,1500,1500
56221833,1500,1500
56451833,1937,1500
56681833,3091,1500
56911833,4212,1500
57141833,5298,1500
57371833,5627,1500
57603833,4356,1500
57835833,2883,1500
58066833,2268,1500
58297833,1776,1500
58528833,1500,1500
58758833,1500,1500
58988833,1500,1500
59218833,1500,1500
59448833,1500,1500
59678833,1500,1500
59908833,1500,1500
