timestamp,unAck0,unAck1
611833,5672,5672
611833,5672,5672
829833,1418,5672
1052833,1418,1418
1276833,1418,1418
1500833,1418,1418
1725833,1418,1418
1951833,1418,1418
2177833,1418,1418
2404833,1418,1418
2631833,1418,1418
2858833,1418,1418
3086833,1418,1418
3314833,1418,1418
3542833,1418,1418
3771833,1418,1418
4000833,1418,1418
4229833,1418,1418
4458833,1418,1418
4687833,1418,1418
4916833,1418,1418
5145833,1418,1418
5374833,1418,1418
5603833,1418,1418
5832833,1418,1418
6062833,1418,1418
6292833,1418,1418
6522833,1418,1418
6752833,1418,1418
6982833,1418,1418
7212833,1418,1418
7442833,1418,1418
7672833,1418,1418
7902833,1418,1418
8132833,1418,1418
8362833,1418,1418
8592833,1418,1418
8822833,1418,1418
9052833,0,1418
9282833,1418,1418
9512833,1418,1418
9742833,1418,1418
9972833,1418,1418
10202833,1418,1418
10432833,1418,1418
10662833,1418,1418
10892833,1418,1418
11122833,1418,1418
11352833,1418,1418
11582833,1418,1418
11812833,1418,1418
12042833,1418,1418
12272833,1418,1418
12502833,2836,1418
12732833,1418,1418
12962833,1418,1418
13192833,1418,1418
13422833,1418,1418
13652833,1418,1418
13882833,1418,1418
14112833,1418,1418
14342833,1418,1418
14572833,1418,1418
14802833,1418,1418
15032833,1418,1418
15262833,1418,1418
15492833,1418,1418
15722833,1418,1418
15952833,1418,1418
16182833,1418,1418
16412833,2836,1418
16642833,2836,1418
16872833,2836,0
17102833,1418,1418
17332833,1418,1418
17562833,1418,1418
17792833,1418,1418
18022833,1418,1418
18252833,1418,1418
18482833,1418,1418
18712833,1418,1418
18942833,1418,1418
19172833,1418,1418
19402833,1418,1418
19632833,1418,1418
19862833,1418,1418
20092833,1418,1418
20322833,1418,1418
20552833,1418,1418
20782833,1418,1418
21012833,1418,1418
21242833,1418,1418
21472833,1418,1418
21702833,1418,1418
21932833,1418,1418
22162833,1418,1418
22392833,1418,1418
22622833,1418,1418
22852833,1418,1418
23082833,1418,1418
23312833,1418,1418
23542833,2836,1418
23772833,1418,1418
24002833,1418,1418
24232833,1418,1418
24462833,1418,1418
24692833,1418,1418
24922833,1418,1418
25152833,1418,1418
25382833,1418,1418
25612833,1418,1418
25842833,1418,1418
26072833,1418,1418
26302833,1418,1418
26532833,1418,1418
26762833,1418,1418
26992833,1418,1418
27222833,1418,1418
27452833,1418,1418
27682833,1418,1418
27912833,1418,1418
28142833,1418,1418
28372833,1418,1418
28602833,1418,1418
28832833,1418,1418
29062833,1418,1418
29292833,1418,1418
29522833,1418,1418
29752833,1418,1418
29982833,1418,1418
30212833,1418,1418
30442833,1418,1418
30672833,1418,1418
30902833,1418,1418
31132833,1418,1418
31362833,1418,1418
31592833,1418,1418
31822833,1418,1418
32052833,2836,1418
32282833,2836,1418
32512833,1418,1418
32742833,1418,1418
32972833,1418,1418
33202833,1418,1418
33432833,1418,1418
33662833,1418,1418
33892833,1418,1418
34122833,1418,1418
34352833,1418,1418
34582833,1418,1418
34812833,1418,1418
35042833,1418,1418
35272833,1418,1418
35502833,1418,1418
35732833,1418,1418
35962833,1418,1418
36192833,1418,1418
36422833,1418,1418
36652833,1418,1418
36882833,1418,1418
37112833,1418,1418
37342833,1418,1418
37572833,1418,1418
37802833,1418,1418
38032833,1418,1418
38262833,1418,1418
38492833,1418,1418
38722833,1418,1418
38952833,2836,1418
39182833,1418,1418
39412833,1418,1418
39642833,1418,1418
39872833,1418,1418
40102833,1418,1418
40332833,1418,1418
40562833,1418,1418
40792833,2836,1418
41022833,2836,1418
41252833,2836,1418
41482833,2836,1418
41712833,2836,1418
41942833,2836,1418
42172833,2836,1418
42402833,2836,1418
42632833,1418,1418
42862833,2836,1418
43092833,1418,1418
43322833,1418,1418
43552833,1418,1418
43782833,2836,1418
44012833,2836,1418
44243833,2836,1418
44474833,1418,1418
44705833,1418,1418
44936833,1418,1418
45166833,1418,1418
45396833,1418,1418
45626833,1418,1418
45856833,1418,1418
46086833,1418,1418
46316833,1418,1418
46546833,0,1418
46776833,1418,1418
47006833,1418,1418
47236833,1418,1418
47466833,1418,1418
47696833,2836,1418
47926833,1418,1418
48158833,2836,1418
48390833,2836,1418
48621833,2836,1418
48852833,1418,1418
49083833,0,1418
49313833,1418,1418
49543833,1418,1418
49773833,1418,1418
50003833,1418,1418
50233833,1418,1418
50463833,1418,1418
50693833,1418,1418
50923833,1418,1418
51153833,1418,1418
51383833,2836,1418
51613833,1418,1418
51844833,1418,1418
52075833,1418,1418
52306833,1418,1418
52537833,1418,1418
52768833,1418,1418
52999833,1418,1418
53230833,1418,1418
53461833,1418,1418
53691833,1418,1418
53921833,1418,1418
54151833,1418,1418
54381833,1418,1418
54611833,1418,1418
54841833,1418,1418
55071833,1418,1418
55301833,1418,1418
55531833,1418,1418
55761833,1418,1418
55991833,1418,1418
56221833,1418,1418
56451833,1418,1418
56681833,2836,1418
56911833,2836,1418
57141833,4254,1418
57371833,4254,0
57603833,4254,1418
57835833,2836,1418
58066833,1418,1418
58297833,1418,1418
58528833,1418,0
58758833,1418,1418
58988833,1418,1418
59218833,1418,1418
59448833,1418,1418
59678833,1418,1418
59908833,1418,1418
