timestamp,availableTxBuffer0,availableTxBuffer1
611833,246472,246472
611833,246472,246472
829833,250726,246472
1052833,250726,250726
1276833,250726,250726
1500833,250726,250726
1725833,250726,250726
1951833,250726,250726
2177833,250726,250726
2404833,250726,250726
2631833,250726,250726
2858833,250726,250726
3086833,250726,250726
3314833,250726,250726
3542833,250726,250726
3771833,250726,250726
4000833,250726,250726
4229833,250726,250726
4458833,250726,250726
4687833,250726,250726
4916833,250726,250726
5145833,250726,250726
5374833,250726,250726
5603833,250726,250726
5832833,250726,250726
6062833,250726,250726
6292833,250726,250726
6522833,250726,250726
6752833,250726,250726
6982833,250726,250726
7212833,250726,250726
7442833,250726,250726
7672833,250726,250726
7902833,250726,250726
8132833,250726,250726
8362833,250726,250726
8592833,250726,250726
8822833,250726,250726
9052833,252144,250726
9282833,250726,250726
9512833,250726,250726
9742833,250726,250726
9972833,250726,250726
10202833,250726,250726
10432833,250726,250726
10662833,250726,250726
10892833,250726,250726
11122833,250726,250726
11352833,250726,250726
11582833,250726,250726
11812833,250726,250726
12042833,250726,250726
12272833,250726,250726
12502833,250726,250726
12732833,250726,250726
12962833,250726,250726
13192833,250726,250726
13422833,250726,250726
13652833,250726,250726
13882833,250726,250726
14112833,250726,250726
14342833,250726,250726
14572833,250726,250726
14802833,250726,250726
15032833,250726,250726
15262833,250726,250726
15492833,250726,250726
15722833,250726,250726
15952833,250726,250726
16182833,250726,250726
16412833,250726,250726
16642833,250726,250726
16872833,250726,252144
17102833,250726,250726
17332833,250726,250726
17562833,249308,250726
17792833,249308,250726
18022833,250726,250726
18252833,250726,250726
18482833,250726,250726
18712833,250726,250726
18942833,250726,250726
19172833,250726,250726
19402833,250726,250726
19632833,249308,250726
19862833,249308,250726
20092833,249308,250726
20322833,250726,250726
20552833,250726,250726
20782833,250726,250726
21012833,250726,250726
21242833,250726,250726
21472833,250726,250726
21702833,250726,250726
21932833,250726,250726
22162833,250726,250726
22392833,250726,250726
22622833,250726,250726
22852833,250726,250726
23082833,250726,250726
23312833,250726,250726
23542833,250726,250726
23772833,250726,250726
24002833,250726,250726
24232833,250726,250726
24462833,250726,250726
24692833,250726,250726
24922833,250726,250726
25152833,250726,250726
25382833,250726,250726
25612833,250726,250726
25842833,250726,250726
26072833,250726,250726
26302833,250726,250726
26532833,250726,250726
26762833,250726,250726
26992833,250726,250726
27222833,250726,250726
27452833,250726,250726
27682833,250726,250726
27912833,250726,250726
28142833,250726,250726
28372833,250726,250726
28602833,250726,250726
28832833,250726,250726
29062833,250726,250726
29292833,250726,250726
29522833,250726,250726
29752833,250726,250726
29982833,250726,250726
30212833,250726,250726
30442833,250726,250726
30672833,250726,250726
30902833,250726,250726
31132833,250726,250726
31362833,250726,250726
31592833,250726,250726
31822833,250726,250726
32052833,250726,250726
32282833,250726,250726
32512833,250726,250726
32742833,250726,250726
32972833,250726,250726
33202833,250726,250726
33432833,250726,250726
33662833,250726,250726
33892833,250726,250726
34122833,250726,250726
34352833,250726,250726
34582833,250726,250726
34812833,250726,250726
35042833,250726,250726
35272833,250726,250726
35502833,249308,250726
35732833,249308,250726
35962833,250726,250726
36192833,250726,250726
36422833,250726,250726
36652833,250726,250726
36882833,250726,250726
37112833,250726,250726
37342833,250726,250726
37572833,250726,250726
37802833,250726,250726
38032833,250726,250726
38262833,250726,250726
38492833,249308,250726
38722833,250726,250726
38952833,249308,250726
39182833,249308,250726
39412833,249308,250726
39642833,250726,250726
39872833,250726,250726
40102833,250726,250726
40332833,250726,250726
40562833,250726,250726
40792833,250726,250726
41022833,250726,250726
41252833,250726,250726
41482833,250726,250726
41712833,250726,250726
41942833,250726,250726
42172833,250726,250726
42402833,250726,250726
42632833,250726,250726
42862833,250726,250726
43092833,250726,250726
43322833,250726,250726
43552833,250726,250726
43782833,250726,250726
44012833,250726,250726
44242833,250726,250726
44472833,250726,250726
44702833,250726,250726
44932833,250726,250726
45162833,250726,250726
45392833,250726,250726
45622833,250726,250726
45852833,250726,250726
46082833,250726,250726
46312833,250726,250726
46542833,252144,250726
46772833,250726,250726
47002833,250726,250726
47232833,250726,250726
47462833,250726,250726
47692833,250726,250726
47922833,250726,250726
48152833,250726,250726
48382833,250726,250726
48612833,250726,250726
48842833,250726,250726
49072833,250726,250726
49302833,250726,250726
49532833,250726,250726
49762833,250726,250726
49992833,250726,250726
50222833,250726,250726
50452833,250726,250726
50682833,250726,250726
50912833,250726,250726
51142833,250726,250726
51372833,250726,250726
51602833,250726,250726
51832833,250726,250726
52062833,247890,250726
52292833,247890,250726
52526833,250726,250726
52759833,250726,250726
52992833,250726,250726
53224833,250726,250726
53456833,250726,250726
53688833,250726,250726
53919833,250726,250726
54150833,250726,250726
54381833,249308,250726
54612833,252144,250726
54842833,250726,250726
55072833,250726,250726
55302833,250726,250726
55532833,250726,250726
55762833,250726,250726
55992833,250726,250726
56222833,250726,250726
56452833,250726,250726
56682833,250726,250726
56912833,250726,250726
57142833,250726,250726
57372833,250726,250726
57602833,250726,252144
57832833,250726,250726
58062833,250726,250726
58292833,250726,250726
58522833,250726,250726
58752833,250726,250726
58982833,250726,250726
59212833,250726,250726
59442833,250726,250726
59672833,250726,250726
59902833,250726,250726
