timestamp,rtt0,rtt1
611833,218,184
611833,218,184
829833,223,184
1052833,224,219
1276833,224,221
1500833,225,222
1725833,226,223
1951833,226,224
2177833,227,225
2404833,227,225
2631833,227,226
2858833,228,226
3086833,228,227
3314833,228,227
3542833,229,227
3771833,229,228
4000833,229,228
4229833,229,228
4458833,229,228
4687833,229,229
4916833,229,229
5145833,229,229
5374833,229,229
5603833,229,229
5832833,230,229
6062833,230,229
6292833,230,229
6522833,230,229
6752833,230,229
6982833,230,229
7212833,230,230
7442833,230,230
7672833,230,230
7902833,230,230
8132833,230,230
8362833,230,230
8592833,230,230
8822833,230,230
9052833,230,230
9282833,230,230
9512833,230,230
9742833,230,230
9972833,230,230
10202833,230,230
10432833,230,230
10662833,230,230
10892833,230,230
11122833,230,230
11352833,230,230
11582833,230,230
11812833,230,230
12042833,230,230
12272833,230,230
12502833,230,230
12732833,230,230
12962833,230,230
13192833,230,230
13422833,230,230
13652833,230,230
13882833,230,230
14112833,230,230
14342833,230,230
14572833,230,230
14802833,230,230
15032833,230,230
15262833,230,230
15492833,230,230
15722833,230,230
15952833,230,230
16182833,230,230
16412833,230,230
16642833,230,230
16872833,230,230
17102833,230,230
17332833,230,230
17562833,230,230
17792833,230,230
18022833,230,230
18252833,230,230
18482833,230,230
18712833,230,230
18942833,230,230
19172833,230,230
19402833,230,230
19632833,230,230
19862833,230,230
20092833,230,230
20322833,230,230
20552833,230,230
20782833,230,230
21012833,230,230
21242833,230,230
21472833,230,230
21702833,230,230
21932833,230,230
22162833,230,230
22392833,230,230
22622833,230,230
22852833,230,230
23082833,230,230
23312833,230,230
23542833,230,230
23772833,230,230
24002833,230,230
24232833,230,230
24462833,230,230
24692833,230,230
24922833,230,230
25152833,230,230
25382833,230,230
25612833,230,230
25842833,230,230
26072833,230,230
26302833,230,230
26532833,230,230
26762833,230,230
26992833,230,230
27222833,230,230
27452833,230,230
27682833,230,230
27912833,230,230
28142833,230,230
28372833,230,230
28602833,230,230
28832833,230,230
29062833,230,230
29292833,230,230
29522833,230,230
29752833,230,230
29982833,230,230
30212833,230,230
30442833,230,230
30672833,230,230
30902833,230,230
31132833,230,230
31362833,230,230
31592833,230,230
31822833,230,230
32052833,230,230
32282833,230,230
32512833,230,230
32742833,230,230
32972833,230,230
33202833,230,230
33432833,230,230
33662833,230,230
33892833,230,230
34122833,230,230
34352833,230,230
34582833,230,230
34812833,230,230
35042833,230,230
35272833,230,230
35502833,230,230
35732833,230,230
35962833,230,230
36192833,230,230
36422833,230,230
36652833,230,230
36882833,230,230
37112833,230,230
37342833,230,230
37572833,230,230
37802833,230,230
38032833,230,230
38262833,230,230
38492833,230,230
38722833,230,230
38952833,230,230
39182833,230,230
39412833,230,230
39642833,230,230
39872833,230,230
40102833,230,230
40332833,230,230
40562833,230,230
40792833,230,230
41022833,230,230
41252833,230,230
41482833,230,230
41712833,230,230
41942833,230,230
42172833,230,230
42402833,230,230
42632833,230,230
42862833,230,230
43092833,230,230
43322833,230,230
43552833,230,230
43782833,230,230
44012833,230,230
44242833,230,230
44472833,230,230
44702833,230,230
44932833,230,230
45162833,230,230
45392833,230,230
45622833,230,230
45852833,230,230
46082833,230,230
46312833,230,230
46542833,230,230
46772833,230,230
47002833,230,230
47232833,230,230
47462833,230,230
47692833,230,230
47922833,230,230
48152833,230,230
48382833,230,230
48612833,230,230
48842833,230,230
49072833,230,230
49302833,230,230
49532833,230,230
49762833,230,230
49992833,230,230
50222833,230,230
50452833,230,230
50682833,230,230
50912833,230,230
51142833,230,230
51372833,230,230
51602833,230,230
51832833,230,230
52062833,230,230
52292833,234,230
52526833,233,230
52759833,233,230
52992833,232,230
53224833,232,230
53456833,232,230
53688833,231,230
53919833,231,230
54150833,231,230
54381833,231,230
54612833,230,230
54842833,230,230
55072833,230,230
55302833,230,230
55532833,230,230
55762833,230,230
55992833,230,230
56222833,230,230
56452833,230,230
56682833,230,230
56912833,230,230
57142833,230,230
57372833,230,230
57602833,230,230
57832833,230,230
58062833,230,230
58292833,230,230
58522833,230,230
58752833,230,230
58982833,230,230
59212833,230,230
59442833,230,230
59672833,230,230
59902833,230,230
