timestamp,rWnd0,rWnd1
611833,1073725440,1073725440
611833,1073725440,1073725440
829833,1073725440,1073725440
1052833,1073725440,1073725440
1276833,1073725440,1073725440
1500833,1073725440,1073725440
1725833,1073725440,1073725440
1951833,1073725440,1073725440
2177833,1073725440,1073725440
2404833,1073725440,1073725440
2631833,1073725440,1073725440
2858833,1073725440,1073725440
3086833,1073725440,1073725440
3314833,1073725440,1073725440
3542833,1073725440,1073725440
3771833,1073725440,1073725440
4000833,1073725440,1073725440
4229833,1073725440,1073725440
4458833,1073725440,1073725440
4687833,1073725440,1073725440
4916833,1073725440,1073725440
5145833,1073725440,1073725440
5374833,1073725440,1073725440
5603833,1073725440,1073725440
5832833,1073725440,1073725440
6062833,1073725440,1073725440
6292833,1073725440,1073725440
6522833,1073725440,1073725440
6752833,1073725440,1073725440
6982833,1073725440,1073725440
7212833,1073725440,1073725440
7442833,1073725440,1073725440
7672833,1073725440,1073725440
7902833,1073725440,1073725440
8132833,1073725440,1073725440
8362833,1073725440,1073725440
8592833,1073725440,1073725440
8822833,1073725440,1073725440
9052833,1073725440,1073725440
9282833,1073725440,1073725440
9512833,1073725440,1073725440
9742833,1073725440,1073725440
9972833,1073725440,1073725440
10202833,1073725440,1073725440
10432833,1073725440,1073725440
10662833,1073725440,1073725440
10892833,1073725440,1073725440
11122833,1073725440,1073725440
11352833,1073725440,1073725440
11582833,1073725440,1073725440
11812833,1073725440,1073725440
12042833,1073725440,1073725440
12272833,1073725440,1073725440
12502833,1073725440,1073725440
12732833,1073725440,1073725440
12962833,1073725440,1073725440
13192833,1073725440,1073725440
13422833,1073725440,1073725440
13652833,1073725440,1073725440
13882833,1073725440,1073725440
14112833,1073725440,1073725440
14342833,1073725440,1073725440
14572833,1073725440,1073725440
14802833,1073725440,1073725440
15032833,1073725440,1073725440
15262833,1073725440,1073725440
15492833,1073725440,1073725440
15722833,1073725440,1073725440
15952833,1073725440,1073725440
16182833,1073725440,1073725440
16412833,1073725440,1073725440
16642833,1073725440,1073725440
16872833,1073725440,1073725440
17102833,1073725440,1073725440
17332833,1073725440,1073725440
17562833,1073725440,1073725440
17792833,1073725440,1073725440
18022833,1073725440,1073725440
18252833,1073725440,1073725440
18482833,1073725440,1073725440
18712833,1073725440,1073725440
18942833,1073725440,1073725440
19172833,1073725440,1073725440
19402833,1073725440,1073725440
19632833,1073725440,1073725440
19862833,1073725440,1073725440
20092833,1073725440,1073725440
20322833,1073725440,1073725440
20552833,1073725440,1073725440
20782833,1073725440,1073725440
21012833,1073725440,1073725440
21242833,1073725440,1073725440
21472833,1073725440,1073725440
21702833,1073725440,1073725440
21932833,1073725440,1073725440
22162833,1073725440,1073725440
22392833,1073725440,1073725440
22622833,1073725440,1073725440
22852833,1073725440,1073725440
23082833,1073725440,1073725440
23312833,1073725440,1073725440
23542833,1073725440,1073725440
23772833,1073725440,1073725440
24002833,1073725440,1073725440
24232833,1073725440,1073725440
24462833,1073725440,1073725440
24692833,1073725440,1073725440
24922833,1073725440,1073725440
25152833,1073725440,1073725440
25382833,1073725440,1073725440
25612833,1073725440,1073725440
25842833,1073725440,1073725440
26072833,1073725440,1073725440
26302833,1073725440,1073725440
26532833,1073725440,1073725440
26762833,1073725440,1073725440
26992833,1073725440,1073725440
27222833,1073725440,1073725440
27452833,1073725440,1073725440
27682833,1073725440,1073725440
27912833,1073725440,1073725440
28142833,1073725440,1073725440
28372833,1073725440,1073725440
28602833,1073725440,1073725440
28832833,1073725440,1073725440
29062833,1073725440,1073725440
29292833,1073725440,1073725440
29522833,1073725440,1073725440
29752833,1073725440,1073725440
29982833,1073725440,1073725440
30212833,1073725440,1073725440
30442833,1073725440,1073725440
30672833,1073725440,1073725440
30902833,1073725440,1073725440
31132833,1073725440,1073725440
31362833,1073725440,1073725440
31592833,1073725440,1073725440
31822833,1073725440,1073725440
32052833,1073725440,1073725440
32282833,1073725440,1073725440
32512833,1073725440,1073725440
32742833,1073725440,1073725440
32972833,1073725440,1073725440
33202833,1073725440,1073725440
33432833,1073725440,1073725440
33662833,1073725440,1073725440
33892833,1073725440,1073725440
34122833,1073725440,1073725440
34352833,1073725440,1073725440
34582833,1073725440,1073725440
34812833,1073725440,1073725440
35042833,1073725440,1073725440
35272833,1073725440,1073725440
35502833,1073725440,1073725440
35732833,1073725440,1073725440
35962833,1073725440,1073725440
36192833,1073725440,1073725440
36422833,1073725440,1073725440
36652833,1073725440,1073725440
36882833,1073725440,1073725440
37112833,1073725440,1073725440
37342833,1073725440,1073725440
37572833,1073725440,1073725440
37802833,1073725440,1073725440
38032833,1073725440,1073725440
38262833,1073725440,1073725440
38492833,1073725440,1073725440
38722833,1073725440,1073725440
38952833,1073725440,1073725440
39182833,1073725440,1073725440
39412833,1073725440,1073725440
39642833,1073725440,1073725440
39872833,1073725440,1073725440
40102833,1073725440,1073725440
40332833,1073725440,1073725440
40562833,1073725440,1073725440
40792833,1073725440,1073725440
41022833,1073725440,1073725440
41252833,1073725440,1073725440
41482833,1073725440,1073725440
41712833,1073725440,1073725440
41942833,1073725440,1073725440
42172833,1073725440,1073725440
42402833,1073725440,1073725440
42632833,1073725440,1073725440
42862833,1073725440,1073725440
43092833,1073725440,1073725440
43322833,1073725440,1073725440
43552833,1073725440,1073725440
43782833,1073725440,1073725440
44012833,1073725440,1073725440
44242833,1073725440,1073725440
44472833,1073725440,1073725440
44702833,1073725440,1073725440
44932833,1073725440,1073725440
45162833,1073725440,1073725440
45392833,1073725440,1073725440
45622833,1073725440,1073725440
45852833,1073725440,1073725440
46082833,1073725440,1073725440
46312833,1073725440,1073725440
46542833,1073725440,1073725440
46772833,1073725440,1073725440
47002833,1073725440,1073725440
47232833,1073725440,1073725440
47462833,1073725440,1073725440
47692833,1073725440,1073725440
47922833,1073725440,1073725440
48152833,1073725440,1073725440
48382833,1073725440,1073725440
48612833,1073725440,1073725440
48842833,1073725440,1073725440
49072833,1073725440,1073725440
49302833,1073725440,1073725440
49532833,1073725440,1073725440
49762833,1073725440,1073725440
49992833,1073725440,1073725440
50222833,1073725440,1073725440
50452833,1073725440,1073725440
50682833,1073725440,1073725440
50912833,1073725440,1073725440
51142833,1073725440,1073725440
51372833,1073725440,1073725440
51602833,1073725440,1073725440
51832833,1073725440,1073725440
52062833,1073725440,1073725440
52292833,1073725440,1073725440
52526833,1073725440,1073725440
52759833,1073725440,1073725440
52992833,1073725440,1073725440
53224833,1073725440,1073725440
53456833,1073725440,1073725440
53688833,1073725440,1073725440
53919833,1073725440,1073725440
54150833,1073725440,1073725440
54381833,1073725440,1073725440
54612833,1073725440,1073725440
54842833,1073725440,1073725440
55072833,1073725440,1073725440
55302833,1073725440,1073725440
55532833,1073725440,1073725440
55762833,1073725440,1073725440
55992833,1073725440,1073725440
56222833,1073725440,1073725440
56452833,1073725440,1073725440
56682833,1073725440,1073725440
56912833,1073725440,1073725440
57142833,1073725440,1073725440
57372833,1073725440,1073725440
57602833,1073725440,1073725440
57832833,1073725440,1073725440
58062833,1073725440,1073725440
58292833,1073725440,1073725440
58522833,1073725440,1073725440
58752833,1073725440,1073725440
58982833,1073725440,1073725440
59212833,1073725440,1073725440
59442833,1073725440,1073725440
59672833,1073725440,1073725440
59902833,1073725440,1073725440
