timestamp,cWnd0,cWnd1
611833,5672,5672
611833,1500,1500
829833,1500,1500
1052833,1500,1500
1276833,1500,1500
1500833,1587,1500
1725833,1562,1500
1951833,1500,1500
2177833,1813,1500
2404833,1500,1500
2631833,2188,1500
2858833,2300,1500
3086833,1974,1500
3314833,2371,1500
3542833,2563,1500
3771833,1809,1500
4000833,1997,1500
4229833,1500,1500
4458833,1500,1500
4687833,1500,1500
4916833,1730,1500
5145833,2107,1500
5374833,2204,1500
5603833,2012,1500
5832833,1677,1500
6062833,2266,1500
6292833,1940,1500
6522833,1500,1500
6752833,1500,1500
6982833,1500,1500
7212833,1500,1500
7442833,1777,1500
7672833,1650,1500
7902833,1684,1500
8132833,2031,1500
8362833,1500,1500
8592833,1500,1500
8822833,1500,1500
9052833,1500,1500
9282833,1500,1500
9512833,1500,1500
9742833,1500,1500
9972833,1500,1500
10202833,1500,1500
10432833,1500,1500
10662833,1500,1500
10892833,1500,1500
11122833,1500,1500
11352833,1500,1500
11582833,1500,1500
11812833,1500,1500
12042833,1500,1500
12272833,1500,1500
12502833,1500,1500
12732833,1500,1500
12962833,1500,1500
13192833,1500,1500
13422833,1500,1500
13652833,1936,1500
13882833,2262,1500
14112833,1500,1500
14342833,1500,1500
14572833,1500,1500
14802833,1500,1500
15032833,1500,1500
15262833,1500,1500
15492833,1500,1500
15722833,1500,1500
15952833,1500,1500
16182833,1500,1500
16412833,1899,1500
16642833,2420,1500
16872833,2089,1500
17102833,1500,1500
17332833,1727,1500
17562833,2881,1500
17792833,3105,1500
18022833,1500,1500
18252833,2003,1500
18482833,1500,1500
18712833,1500,1500
18942833,1873,1500
19172833,1938,1500
19402833,1691,1500
19632833,3603,1500
19862833,3679,1500
20092833,3300,1500
20322833,2391,1500
20552833,2056,1500
20782833,2608,1500
21012833,2526,1500
21242833,2069,1500
21472833,2134,1500
21702833,1823,1500
21932833,1630,1500
22162833,1564,1500
22392833,1500,1500
22622833,1500,1500
22852833,1500,1500
23082833,1500,1500
23312833,1500,1500
23542833,1500,1500
23772833,1500,1500
24002833,1500,1500
24232833,1500,1500
24462833,1500,1500
24692833,1500,1500
24922833,1500,1500
25152833,1500,1500
25382833,1500,1500
25612833,1500,1500
25842833,1500,1500
26072833,1500,1500
26302833,1844,1500
26532833,1630,1500
26762833,1837,1500
26992833,1500,1500
27222833,1500,1500
27452833,1500,1500
27682833,1500,1500
27912833,1500,1500
28142833,1500,1500
28372833,1500,1500
28602833,1500,1500
28832833,1500,1500
29062833,1500,1500
29292833,1500,1500
29522833,1500,1500
29752833,1575,1500
29982833,1500,1500
30212833,1500,1500
30442833,1500,1500
30672833,1500,1500
30902833,1500,1500
31132833,1500,1500
31362833,1500,1500
31592833,1500,1500
31822833,1500,1500
32052833,1500,1500
32282833,1500,1500
32512833,1500,1500
32742833,1500,1500
32972833,1500,1500
33202833,1500,1500
33432833,1500,1500
33662833,1909,1500
33892833,2524,1500
34122833,1761,1500
34352833,1532,1500
34582833,1500,1500
34812833,1500,1500
35042833,1560,1500
35272833,2693,1500
35502833,4201,1500
35732833,3661,1500
35962833,2468,1500
36192833,1698,1500
36422833,1500,1500
36652833,1560,1500
36882833,1500,1500
37112833,2289,1500
37342833,2465,1500
37572833,1894,1500
37802833,1757,1500
38032833,2043,1500
38262833,2780,1500
38492833,2837,1500
38722833,2161,1500
38952833,3070,1500
39182833,3822,1500
39412833,2949,1500
39642833,2579,1500
39872833,2271,1500
40102833,1588,1500
40332833,1500,1500
40562833,1500,1500
40792833,1500,1500
41022833,1575,1500
41252833,1500,1500
41482833,1500,1500
41712833,1500,1500
41942833,1500,1500
42172833,1804,1500
42402833,2562,1500
42632833,2437,1500
42862833,1500,1500
43092833,1500,1500
43322833,1500,1500
43552833,1500,1500
43782833,1500,1500
44012833,1500,1500
44242833,1500,1500
44472833,2500,1500
44702833,1753,1500
44932833,1500,1500
45162833,2017,1500
45392833,1500,1500
45622833,1500,1500
45852833,1500,1500
46082833,1500,1500
46312833,1500,1500
46542833,1500,1500
46772833,1500,1500
47002833,1500,1500
47232833,1500,1500
47462833,1500,1500
47692833,1500,1500
47922833,1500,1500
48152833,1500,1500
48382833,1500,1500
48612833,1500,1500
48842833,1500,1500
49072833,1500,1500
49302833,1500,1500
49532833,1500,1500
49762833,1500,1500
49992833,1500,1500
50222833,1500,1500
50452833,1500,1500
50682833,1500,1500
50912833,1500,1500
51142833,1500,1500
51372833,1878,1500
51602833,2526,1500
51832833,2742,1500
52062833,4692,1500
52292833,4475,1500
52526833,2697,1500
52759833,2513,1500
52992833,2027,1500
53224833,1911,1500
53456833,2209,1500
53688833,2375,1500
53919833,3391,1500
54150833,2435,1500
54381833,4194,1500
54612833,2751,1500
54842833,1838,1500
55072833,1747,1500
55302833,1688,1500
55532833,1508,1500
55762833,1500,1500
55992833,1560,1500
56222833,1500,1500
56452833,1500,1500
56682833,1500,1500
56912833,1500,1500
57142833,1500,1500
57372833,1500,1500
57602833,1500,1500
57832833,1500,1500
58062833,1500,1500
58292833,1500,1500
58522833,1500,1500
58752833,1500,1500
58982833,1500,1500
59212833,1500,1500
59442833,2577,1500
59672833,2607,1500
59902833,1584,1500
