timestamp,rWnd0,rWnd1
611833,1073725440,1073725440
611833,1073725440,1073725440
829833,1073725440,1073725440
1052833,1073725440,1073725440
1329833,1073725440,1073725440
1654833,1073725440,1073725440
1946833,1073725440,1073725440
2198833,1073725440,1073725440
2439833,1073725440,1073725440
2674833,1073725440,1073725440
2909833,1073725440,1073725440
3142833,1073725440,1073725440
3374833,1073725440,1073725440
3606833,1073725440,1073725440
3837833,1073725440,1073725440
4068833,1073725440,1073725440
4299833,1073725440,1073725440
4565833,1073725440,1073725440
4836833,1073725440,1073725440
5079833,1073725440,1073725440
5313833,1073725440,1073725440
5618833,1073725440,1073725440
6031833,1073725440,1073725440
6355833,1073725440,1073725440
6625833,1073725440,1073725440
6870833,1073725440,1073725440
7127833,1073725440,1073725440
7403833,1073725440,1073725440
7655833,1073725440,1073725440
7896833,1073725440,1073725440
8132833,1073725440,1073725440
8365833,1073725440,1073725440
8597833,1073725440,1073725440
8828833,1073725440,1073725440
9059833,1073725440,1073725440
9289833,1073725440,1073725440
9519833,1073725440,1073725440
9749833,1073725440,1073725440
9979833,1073725440,1073725440
10209833,1073725440,1073725440
10439833,1073725440,1073725440
10669833,1073725440,1073725440
10899833,1073725440,1073725440
11129833,1073725440,1073725440
11359833,1073725440,1073725440
11589833,1073725440,1073725440
11826833,1073725440,1073725440
12072833,1073725440,1073725440
12311833,1073725440,1073725440
12546833,1073725440,1073725440
12779833,1073725440,1073725440
13015833,1073725440,1073725440
13255833,1073725440,1073725440
13489833,1073725440,1073725440
13721833,1073725440,1073725440
13952833,1073725440,1073725440
14183833,1073725440,1073725440
14413833,1073725440,1073725440
14643833,1073725440,1073725440
14876833,1073725440,1073725440
15108833,1073725440,1073725440
15340833,1073725440,1073725440
15571833,1073725440,1073725440
15802833,1073725440,1073725440
16033833,1073725440,1073725440
16263833,1073725440,1073725440
16493833,1073725440,1073725440
16723833,1073725440,1073725440
16956833,1073725440,1073725440
17197833,1073725440,1073725440
17462833,1073725440,1073725440
17706833,1073725440,1073725440
17943833,1073725440,1073725440
18176833,1073725440,1073725440
18443833,1073725440,1073725440
18698833,1073725440,1073725440
18940833,1073725440,1073725440
19174833,1073725440,1073725440
19417833,1073725440,1073725440
19655833,1073725440,1073725440
19888833,1073725440,1073725440
20120833,1073725440,1073725440
20351833,1073725440,1073725440
20582833,1073725440,1073725440
20813833,1073725440,1073725440
21046833,1073725440,1073725440
21331833,1073725440,1073725440
21581833,1073725440,1073725440
21817833,1073725440,1073725440
22050833,1073725440,1073725440
22284833,1073725440,1073725440
22627833,1073725440,1073725440
23096833,1073725440,1073725440
23377833,1073725440,1073725440
23623833,1073725440,1073725440
23858833,1073725440,1073725440
24152833,1073725440,1073725440
24427833,1073725440,1073725440
24671833,1073725440,1073725440
24907833,1073725440,1073725440
25140833,1073725440,1073725440
25372833,1073725440,1073725440
25604833,1073725440,1073725440
25835833,1073725440,1073725440
26066833,1073725440,1073725440
26298833,1073725440,1073725440
26549833,1073725440,1073725440
26787833,1073725440,1073725440
27021833,1073725440,1073725440
27257833,1073725440,1073725440
27496833,1073725440,1073725440
27730833,1073725440,1073725440
27972833,1073725440,1073725440
28206833,1073725440,1073725440
28438833,1073725440,1073725440
28669833,1073725440,1073725440
28899833,1073725440,1073725440
29129833,1073725440,1073725440
29359833,1073725440,1073725440
29589833,1073725440,1073725440
29819833,1073725440,1073725440
30049833,1073725440,1073725440
30279833,1073725440,1073725440
30509833,1073725440,1073725440
30739833,1073725440,1073725440
30969833,1073725440,1073725440
31199833,1073725440,1073725440
31435833,1073725440,1073725440
31681833,1073725440,1073725440
31918833,1073725440,1073725440
32151833,1073725440,1073725440
32383833,1073725440,1073725440
32614833,1073725440,1073725440
32844833,1073725440,1073725440
33076833,1073725440,1073725440
33310833,1073725440,1073725440
33542833,1073725440,1073725440
33836833,1073725440,1073725440
34091833,1073725440,1073725440
34334833,1073725440,1073725440
34575833,1073725440,1073725440
34809833,1073725440,1073725440
35041833,1073725440,1073725440
35272833,1073725440,1073725440
35502833,1073725440,1073725440
35733833,1073725440,1073725440
35963833,1073725440,1073725440
36193833,1073725440,1073725440
36425833,1073725440,1073725440
36656833,1073725440,1073725440
36890833,1073725440,1073725440
37122833,1073725440,1073725440
37354833,1073725440,1073725440
37585833,1073725440,1073725440
37887833,1073725440,1073725440
38286833,1073725440,1073725440
38614833,1073725440,1073725440
38892833,1073725440,1073725440
39138833,1073725440,1073725440
39472833,1073725440,1073725440
39767833,1073725440,1073725440
40036833,1073725440,1073725440
40281833,1073725440,1073725440
40566833,1073725440,1073725440
40820833,1073725440,1073725440
41062833,1073725440,1073725440
41298833,1073725440,1073725440
41531833,1073725440,1073725440
41763833,1073725440,1073725440
41994833,1073725440,1073725440
42225833,1073725440,1073725440
42485833,1073725440,1073725440
42787833,1073725440,1073725440
43095833,1073725440,1073725440
43343833,1073725440,1073725440
43578833,1073725440,1073725440
43810833,1073725440,1073725440
44126833,1073725440,1073725440
44413833,1073725440,1073725440
44658833,1073725440,1073725440
44894833,1073725440,1073725440
45137833,1073725440,1073725440
45449833,1073725440,1073725440
45723833,1073725440,1073725440
45987833,1073725440,1073725440
46344833,1073725440,1073725440
46758833,1073725440,1073725440
47102833,1073725440,1073725440
47365833,1073725440,1073725440
47605833,1073725440,1073725440
47840833,1073725440,1073725440
48072833,1073725440,1073725440
48307833,1073725440,1073725440
48539833,1073725440,1073725440
48774833,1073725440,1073725440
49006833,1073725440,1073725440
49237833,1073725440,1073725440
49468833,1073725440,1073725440
49698833,1073725440,1073725440
49980833,1073725440,1073725440
50370833,1073725440,1073725440
50927833,1073725440,1073725440
51396833,1073725440,1073725440
51786833,1073725440,1073725440
52209833,1073725440,1073725440
52718833,1073725440,1073725440
53157833,1073725440,1073725440
53652833,1073725440,1073725440
54069833,1073725440,1073725440
54644833,1073725440,1073725440
55127833,1073725440,1073725440
55670833,1073725440,1073725440
56095833,1073725440,1073725440
56383833,1073725440,1073725440
56631833,1073725440,1073725440
56869833,1073725440,1073725440
57102833,1073725440,1073725440
57335833,1073725440,1073725440
57590833,1073725440,1073725440
57842833,1073725440,1073725440
58079833,1073725440,1073725440
58312833,1073725440,1073725440
58544833,1073725440,1073725440
58775833,1073725440,1073725440
59006833,1073725440,1073725440
59236833,1073725440,1073725440
59466833,1073725440,1073725440
59696833,1073725440,1073725440
59971833,1073725440,1073725440
