timestamp,cWnd0,cWnd1
611833,5672,5672
611833,13679,1500
829833,13679,1500
1052833,21372,1500
1329833,18129,1500
1654833,14445,1500
1946833,7900,1500
2198833,8385,1500
2439833,11211,1500
2674833,7440,1500
2909833,5071,1500
3142833,6579,1500
3374833,5502,1500
3606833,6512,1500
3837833,6548,1500
4068833,13685,1500
4299833,15750,1500
4565833,11449,1500
4836833,14065,1500
5079833,20046,1500
5313833,30143,1500
5618833,16766,1500
6031833,16551,1500
6355833,12412,1500
6625833,15032,1500
6870833,17031,1500
7127833,14485,1500
7403833,6468,1500
7655833,8344,1500
7896833,7525,1500
8132833,4719,1500
8365833,5553,1500
8597833,5170,1500
8828833,5167,1500
9059833,4760,1500
9289833,5916,1500
9519833,6446,1500
9749833,7022,1500
9979833,6617,1500
10209833,5399,1500
10439833,5358,1500
10669833,6739,1500
10899833,5678,1500
11129833,4058,1500
11359833,7163,1500
11589833,10619,1500
11826833,6092,1500
12072833,6678,1500
12311833,9767,1500
12546833,10479,1500
12779833,11841,1500
13015833,10119,1500
13255833,7309,1500
13489833,6669,1500
13721833,4321,1500
13952833,3202,1500
14183833,2492,1500
14413833,4793,1500
14643833,3934,1500
14876833,3937,1500
15108833,3985,1500
15340833,2427,1500
15571833,3410,1500
15802833,4025,1500
16033833,3488,1500
16263833,4119,1500
16493833,5219,1500
16723833,7998,1500
16956833,11375,1500
17197833,10680,1500
17462833,7986,1500
17706833,7795,1500
17943833,12803,1500
18176833,15594,1500
18443833,9288,1500
18698833,12685,1500
18940833,15278,1500
19174833,14420,1500
19417833,11465,1500
19655833,10880,1500
19888833,8172,1500
20120833,7456,1500
20351833,9142,1500
20582833,10958,1500
20813833,18182,1500
21046833,15470,1500
21331833,13519,1500
21581833,10369,1500
21817833,13980,1500
22050833,29629,1500
22284833,30990,1500
22627833,15325,1500
23096833,15491,1500
23377833,13926,1500
23623833,18858,1500
23858833,16732,1500
24152833,12636,1500
24427833,10394,1500
24671833,7060,1500
24907833,5666,1500
25140833,5044,1500
25372833,6150,1500
25604833,6642,1500
25835833,7630,1500
26066833,11764,1500
26298833,11823,1500
26549833,6536,1500
26787833,10137,1500
27021833,11779,1500
27257833,10299,1500
27496833,13215,1500
27730833,12919,1500
27972833,12099,1500
28206833,12618,1500
28438833,10436,1500
28669833,8072,1500
28899833,8301,1500
29129833,7868,1500
29359833,7647,1500
29589833,4885,1500
29819833,4018,1500
30049833,3750,1500
30279833,3555,1500
30509833,3810,1500
30739833,3303,1500
30969833,7971,1500
31199833,10741,1500
31435833,9208,1500
31681833,8816,1500
31918833,7616,1500
32151833,5214,1500
32383833,5758,1500
32614833,7841,1500
32844833,8552,1500
33076833,9239,1500
33310833,16751,1500
33542833,14936,1500
33836833,8082,1500
34091833,11515,1500
34334833,10217,1500
34575833,9383,1500
34809833,9852,1500
35041833,11029,1500
35272833,11983,1500
35502833,8701,1500
35733833,8342,1500
35963833,10144,1500
36193833,8912,1500
36425833,12122,1500
36656833,9225,1500
36890833,12561,1500
37122833,11134,1500
37354833,18985,1500
37585833,28774,1500
37887833,15833,1500
38286833,17687,1500
38614833,12987,1500
38892833,21614,1500
39138833,17829,1500
39472833,16607,1500
39767833,10468,1500
40036833,18082,1500
40281833,14672,1500
40566833,8310,1500
40820833,7133,1500
41062833,10110,1500
41298833,10394,1500
41531833,6469,1500
41763833,8145,1500
41994833,13878,1500
42225833,19023,1500
42485833,19086,1500
42787833,12960,1500
43095833,14073,1500
43343833,13368,1500
43578833,21277,1500
43810833,16884,1500
44126833,13175,1500
44413833,10578,1500
44658833,12496,1500
44894833,19643,1500
45137833,16952,1500
45449833,16363,1500
45723833,25086,1500
45987833,26190,1500
46344833,21340,1500
46758833,16455,1500
47102833,13232,1500
47365833,9856,1500
47605833,8408,1500
47840833,12312,1500
48072833,8497,1500
48307833,10631,1500
48539833,7092,1500
48774833,7355,1500
49006833,9376,1500
49237833,7373,1500
49468833,16478,1500
49698833,32020,1500
49980833,41257,1500
50370833,28001,1500
50927833,21916,1500
51396833,26333,1500
51786833,31819,1500
52209833,24258,1500
52718833,30662,1500
53157833,22757,1500
53652833,36836,1500
54069833,24823,1500
54644833,33893,1500
55127833,28491,1500
55670833,19037,1500
56095833,14079,1500
56383833,9105,1500
56631833,8079,1500
56869833,11063,1500
57102833,12796,1500
57335833,15003,1500
57590833,13729,1500
57842833,10704,1500
58079833,7584,1500
58312833,7532,1500
58544833,8827,1500
58775833,8899,1500
59006833,9758,1500
59236833,9659,1500
59466833,16009,1500
59696833,32848,1500
59971833,32730,1500
