timestamp,availableTxBuffer0,availableTxBuffer1
611833,246472,246472
611833,246472,246472
829833,239382,246472
1052833,230874,250726
1329833,235128,250726
1654833,237964,250726
1946833,245054,250726
2198833,245054,250726
2439833,242218,250726
2674833,245054,250726
2909833,247890,250726
3142833,246472,250726
3374833,247890,250726
3606833,246472,250726
3837833,246472,250726
4068833,239382,250726
4299833,236546,250726
4565833,240800,250726
4836833,239382,250726
5079833,232292,250726
5313833,222366,250726
5618833,236546,250726
6031833,236546,250726
6355833,240800,250726
6625833,237964,250726
6870833,235128,250726
7127833,237964,250726
7403833,246472,250726
7655833,245054,250726
7896833,245054,250726
8132833,247890,250726
8365833,247890,250726
8597833,247890,250726
8828833,247890,250726
9059833,247890,250726
9289833,246472,250726
9519833,246472,250726
9749833,246472,250726
9979833,246472,250726
10209833,247890,250726
10439833,247890,250726
10669833,246472,250726
10899833,246472,250726
11129833,249308,250726
11359833,245054,250726
11589833,242218,250726
11826833,246472,250726
12072833,246472,250726
12311833,243636,250726
12546833,242218,250726
12779833,240800,250726
13015833,242218,250726
13255833,245054,250726
13489833,246472,250726
13721833,247890,250726
13952833,249308,250726
14183833,250726,250726
14413833,247890,250726
14643833,249308,250726
14876833,249308,250726
15108833,249308,250726
15340833,250726,250726
15571833,249308,250726
15802833,250726,250726
16033833,250726,250726
16263833,249308,250726
16493833,247890,250726
16723833,245054,250726
16956833,242218,250726
17197833,242218,250726
17462833,245054,250726
17706833,245054,250726
17943833,239382,250726
18176833,237964,250726
18443833,243636,250726
18698833,242218,252144
18940833,237964,250726
19174833,237964,250726
19417833,240800,250726
19655833,242218,250726
19888833,245054,250726
20120833,245054,250726
20351833,243636,250726
20582833,242218,250726
20813833,235128,250726
21046833,237964,250726
21331833,239382,250726
21581833,242218,250726
21817833,239382,250726
22050833,223784,250726
22284833,222366,250726
22627833,237964,250726
23096833,237964,250726
23377833,239382,250726
23623833,233710,250726
23858833,236546,250726
24152833,240800,250726
24427833,242218,250726
24671833,246472,250726
24907833,247890,250726
25140833,247890,250726
25372833,246472,250726
25604833,246472,250726
25835833,245054,250726
26066833,240800,250726
26298833,240800,250726
26549833,246472,250726
26787833,242218,250726
27021833,240800,250726
27257833,242218,250726
27496833,239382,250726
27730833,239382,250726
27972833,240800,250726
28206833,240800,250726
28438833,242218,250726
28669833,245054,250726
28899833,245054,250726
29129833,245054,250726
29359833,245054,250726
29589833,247890,250726
29819833,249308,250726
30049833,249308,250726
30279833,249308,250726
30509833,249308,250726
30739833,249308,250726
30969833,245054,250726
31199833,242218,250726
31435833,243636,250726
31681833,243636,250726
31918833,245054,250726
32151833,247890,250726
32383833,246472,250726
32614833,245054,250726
32844833,243636,250726
33076833,245054,250726
33310833,236546,250726
33542833,237964,250726
33836833,245054,250726
34091833,240800,250726
34334833,242218,250726
34575833,243636,250726
34809833,243636,250726
35041833,242218,250726
35272833,240800,250726
35502833,243636,250726
35733833,245054,250726
35963833,242218,250726
36193833,243636,250726
36425833,240800,250726
36656833,243636,250726
36890833,240800,250726
37122833,242218,250726
37354833,233710,250726
37585833,223784,250726
37887833,236546,250726
38286833,235128,250726
38614833,240800,250726
38892833,230874,250726
39138833,235128,250726
39472833,236546,250726
39767833,242218,250726
40036833,235128,250726
40281833,237964,250726
40566833,245054,250726
40820833,245054,250726
41062833,242218,250726
41298833,242218,250726
41531833,246472,250726
41763833,245054,250726
41994833,239382,250726
42225833,233710,250726
42485833,233710,250726
42787833,239382,250726
43095833,239382,250726
43343833,239382,250726
43578833,230874,250726
43810833,236546,250726
44126833,239382,250726
44413833,242218,250726
44658833,240800,250726
44894833,233710,250726
45137833,237964,250726
45449833,236546,250726
45723833,228038,250726
45987833,226620,250726
46344833,230874,250726
46758833,236546,250726
47102833,239382,250726
47365833,243636,250726
47605833,245054,250726
47840833,240800,250726
48072833,245054,250726
48307833,242218,250726
48539833,245054,250726
48774833,245054,250726
49006833,243636,250726
49237833,245054,250726
49468833,236546,250726
49698833,220948,250726
49980833,211022,250726
50370833,225202,250726
50927833,230874,250726
51396833,226620,250726
51786833,220948,250726
52209833,228038,250726
52718833,222366,250726
53157833,229456,250726
53652833,216694,250726
54069833,228038,250726
54644833,219530,250726
55127833,223784,250726
55670833,233710,250726
56095833,239382,250726
56383833,243636,250726
56631833,245054,250726
56869833,242218,250726
57102833,239382,250726
57335833,237964,250726
57590833,239382,250726
57842833,242218,250726
58079833,245054,250726
58312833,245054,250726
58544833,245054,250726
58775833,245054,250726
59006833,245054,250726
59236833,243636,250726
59466833,236546,250726
59696833,219530,250726
59971833,219530,250726
