timestamp,unAck0,unAck1
611833,5672,5672
611833,5672,5672
829833,12762,5672
1052833,21270,1418
1329833,17016,1418
1654833,14180,1418
1946833,7090,1418
2198833,7090,1418
2439833,9926,1418
2674833,7090,1418
2909833,4254,1418
3142833,5672,1418
3374833,4254,1418
3606833,5672,1418
3837833,5672,1418
4068833,12762,1418
4299833,15598,1418
4565833,11344,1418
4836833,12762,1418
5079833,19852,1418
5313833,29778,1418
5618833,15598,1418
6031833,15598,1418
6355833,11344,1418
6625833,14180,1418
6870833,17016,1418
7127833,14180,1418
7403833,5672,1418
7655833,7090,1418
7896833,7090,1418
8132833,4254,1418
8365833,4254,1418
8597833,4254,1418
8828833,4254,1418
9059833,4254,1418
9289833,5672,1418
9519833,5672,1418
9749833,5672,1418
9979833,5672,1418
10209833,4254,1418
10439833,4254,1418
10669833,5672,1418
10899833,5672,1418
11129833,2836,1418
11359833,7090,1418
11589833,9926,1418
11826833,5672,1418
12072833,5672,1418
12311833,8508,1418
12546833,9926,1418
12779833,11344,1418
13015833,9926,1418
13255833,7090,1418
13489833,5672,1418
13721833,4254,1418
13952833,2836,1418
14183833,1418,1418
14413833,4254,1418
14643833,2836,1418
14876833,2836,1418
15108833,2836,1418
15340833,1418,1418
15571833,2836,1418
15802833,1418,1418
16033833,1418,1418
16263833,2836,1418
16493833,4254,1418
16723833,7090,1418
16956833,9926,1418
17197833,9926,1418
17462833,7090,1418
17706833,7090,1418
17943833,12762,1418
18176833,14180,1418
18443833,8508,1418
18698833,9926,0
18940833,14180,1418
19174833,14180,1418
19417833,11344,1418
19655833,9926,1418
19888833,7090,1418
20120833,7090,1418
20351833,8508,1418
20582833,9926,1418
20813833,17016,1418
21046833,14180,1418
21331833,12762,1418
21581833,9926,1418
21817833,12762,1418
22050833,28360,1418
22284833,29778,1418
22627833,14180,1418
23096833,14180,1418
23377833,12762,1418
23623833,18434,1418
23858833,15598,1418
24152833,11344,1418
24427833,9926,1418
24671833,5672,1418
24907833,4254,1418
25140833,4254,1418
25372833,5672,1418
25604833,5672,1418
25835833,7090,1418
26066833,11344,1418
26298833,11344,1418
26549833,5672,1418
26787833,9926,1418
27021833,11344,1418
27257833,9926,1418
27496833,12762,1418
27730833,12762,1418
27972833,11344,1418
28206833,11344,1418
28438833,9926,1418
28669833,7090,1418
28899833,7090,1418
29129833,7090,1418
29359833,7090,1418
29589833,4254,1418
29819833,2836,1418
30049833,2836,1418
30279833,2836,1418
30509833,2836,1418
30739833,2836,1418
30969833,7090,1418
31199833,9926,1418
31435833,8508,1418
31681833,8508,1418
31918833,7090,1418
32151833,4254,1418
32383833,5672,1418
32614833,7090,1418
32844833,8508,1418
33076833,7090,1418
33310833,15598,1418
33542833,14180,1418
33836833,7090,1418
34091833,11344,1418
34334833,9926,1418
34575833,8508,1418
34809833,8508,1418
35041833,9926,1418
35272833,11344,1418
35502833,8508,1418
35733833,7090,1418
35963833,9926,1418
36193833,8508,1418
36425833,11344,1418
36656833,8508,1418
36890833,11344,1418
37122833,9926,1418
37354833,18434,1418
37585833,28360,1418
37887833,15598,1418
38286833,17016,1418
38614833,11344,1418
38892833,21270,1418
39138833,17016,1418
39472833,15598,1418
39767833,9926,1418
40036833,17016,1418
40281833,14180,1418
40566833,7090,1418
40820833,7090,1418
41062833,9926,1418
41298833,9926,1418
41531833,5672,1418
41763833,7090,1418
41994833,12762,1418
42225833,18434,1418
42485833,18434,1418
42787833,12762,1418
43095833,12762,1418
43343833,12762,1418
43578833,21270,1418
43810833,15598,1418
44126833,12762,1418
44413833,9926,1418
44658833,11344,1418
44894833,18434,1418
45137833,14180,1418
45449833,15598,1418
45723833,24106,1418
45987833,25524,1418
46344833,21270,1418
46758833,15598,1418
47102833,12762,1418
47365833,8508,1418
47605833,7090,1418
47840833,11344,1418
48072833,7090,1418
48307833,9926,1418
48539833,7090,1418
48774833,7090,1418
49006833,8508,1418
49237833,7090,1418
49468833,15598,1418
49698833,31196,1418
49980833,41122,1418
50370833,26942,1418
50927833,21270,1418
51396833,25524,1418
51786833,31196,1418
52209833,24106,1418
52718833,29778,1418
53157833,22688,1418
53652833,35450,1418
54069833,24106,1418
54644833,32614,1418
55127833,28360,1418
55670833,18434,1418
56095833,12762,1418
56383833,8508,1418
56631833,7090,1418
56869833,9926,1418
57102833,12762,1418
57335833,14180,1418
57590833,12762,1418
57842833,9926,1418
58079833,7090,1418
58312833,7090,1418
58544833,7090,1418
58775833,7090,1418
59006833,7090,1418
59236833,8508,1418
59466833,15598,1418
59696833,32614,1418
59971833,32614,1418
