timestamp,rtt0,rtt1
611833,218,184
611833,218,184
829833,223,184
1052833,277,219
1329833,325,221
1654833,292,223
1946833,252,224
2198833,241,225
2439833,235,225
2674833,235,226
2909833,233,226
3142833,232,227
3374833,232,227
3606833,231,227
3837833,231,228
4068833,231,228
4299833,266,228
4565833,271,228
4836833,243,229
5079833,234,229
5313833,305,229
5618833,413,229
6031833,324,229
6355833,270,230
6625833,245,230
6870833,257,230
7127833,276,230
7403833,252,230
7655833,241,230
7896833,236,230
8132833,233,230
8365833,232,230
8597833,231,230
8828833,231,230
9059833,230,230
9289833,230,230
9519833,230,230
9749833,230,230
9979833,230,230
10209833,230,230
10439833,230,230
10669833,230,230
10899833,230,230
11129833,230,230
11359833,230,230
11589833,237,230
11826833,246,230
12072833,239,230
12311833,235,230
12546833,233,230
12779833,236,230
13015833,240,230
13255833,234,230
13489833,232,230
13721833,231,230
13952833,231,230
14183833,230,230
14413833,230,230
14643833,233,230
14876833,232,230
15108833,232,230
15340833,231,230
15571833,231,230
15802833,231,230
16033833,230,230
16263833,230,230
16493833,230,230
16723833,233,230
16956833,241,230
17197833,265,230
17462833,244,230
17706833,237,230
17943833,233,230
18176833,267,230
18443833,255,230
18698833,242,230
18940833,234,230
19174833,243,230
19417833,238,230
19655833,233,230
19888833,232,230
20120833,231,230
20351833,231,230
20582833,231,230
20813833,233,230
21046833,285,230
21331833,250,230
21581833,236,230
21817833,233,230
22050833,234,230
22284833,343,230
22627833,469,230
23096833,281,230
23377833,246,230
23623833,235,230
23858833,294,230
24152833,275,230
24427833,244,230
24671833,236,230
24907833,233,230
25140833,232,230
25372833,232,230
25604833,231,230
25835833,231,230
26066833,232,230
26298833,251,230
26549833,238,230
26787833,234,230
27021833,236,230
27257833,239,230
27496833,234,230
27730833,242,230
27972833,234,230
28206833,232,230
28438833,231,230
28669833,230,230
28899833,230,230
29129833,230,230
29359833,230,230
29589833,230,230
29819833,230,230
30049833,230,230
30279833,230,230
30509833,230,230
30739833,230,230
30969833,230,230
31199833,236,230
31435833,246,230
31681833,237,230
31918833,233,230
32151833,232,230
32383833,231,230
32614833,230,230
32844833,232,230
33076833,234,230
33310833,232,230
33542833,294,230
33836833,255,230
34091833,243,230
34334833,241,230
34575833,234,230
34809833,232,230
35041833,231,230
35272833,230,230
35502833,231,230
35733833,230,230
35963833,230,230
36193833,232,230
36425833,231,230
36656833,234,230
36890833,232,230
37122833,232,230
37354833,231,230
37585833,302,230
37887833,399,230
38286833,328,230
38614833,278,230
38892833,246,230
39138833,334,230
39472833,295,230
39767833,269,230
40036833,245,230
40281833,285,230
40566833,254,230
40820833,242,230
41062833,236,230
41298833,233,230
41531833,232,230
41763833,231,230
41994833,231,230
42225833,260,230
42485833,302,230
42787833,308,230
43095833,248,230
43343833,235,230
43578833,232,230
43810833,316,230
44126833,287,230
44413833,245,230
44658833,236,230
44894833,243,230
45137833,312,230
45449833,274,230
45723833,264,230
45987833,357,230
46344833,414,230
46758833,344,230
47102833,263,230
47365833,240,230
47605833,235,230
47840833,232,230
48072833,235,230
48307833,232,230
48539833,235,230
48774833,232,230
49006833,231,230
49237833,231,230
49468833,230,230
49698833,282,230
49980833,390,230
50370833,557,230
50927833,469,230
51396833,390,230
51786833,423,230
52209833,509,230
52718833,439,230
53157833,495,230
53652833,417,230
54069833,575,230
54644833,483,230
55127833,543,230
55670833,425,230
56095833,288,230
56383833,248,230
56631833,238,230
56869833,233,230
57102833,233,230
57335833,255,230
57590833,252,230
57842833,237,230
58079833,233,230
58312833,232,230
58544833,231,230
58775833,231,230
59006833,230,230
59236833,230,230
59466833,230,230
59696833,275,230
59971833,381,230
