timestamp,lastAckedSeq,highTxMark,availableTxBuffer,nextTxSeq,totalCwnd,unAckMeta
611833,5673,17017,1158,17017,11344,11344
611833,5673,17017,1158,17017,15179,11344
829833,11345,29779,1158,29779,15179,18434
1052833,29779,52467,1158,52467,22872,22688
1329833,48213,66647,1158,66647,19629,18434
1654833,69483,85081,1158,85081,15945,15598
1946833,85081,93589,1158,93589,9400,8508
2198833,93589,102097,1158,102097,9885,8508
2439833,103515,114859,1158,114859,12711,11344
2674833,114859,123367,1158,123367,8940,8508
2909833,123367,129039,1158,129039,6571,5672
3142833,129039,136129,1158,136129,8079,7090
3374833,136129,141801,1158,141801,7002,5672
3606833,141801,148891,1158,148891,8012,7090
3837833,148891,155981,1158,155981,8048,7090
4068833,155981,170161,1158,170161,15185,14180
4299833,170161,187177,1158,187177,17250,17016
4565833,187177,199939,1158,199939,12949,12762
4836833,201357,215537,1158,215537,15565,14180
5079833,216955,238225,1158,238225,21546,21270
5313833,232553,263749,1158,263749,31643,31196
5618833,250987,269421,1158,269421,18266,18434
6031833,279347,296363,1158,296363,18051,17016
6355833,299199,311961,1158,311961,13912,12762
6625833,313379,328977,1158,328977,16532,15598
6870833,330395,348829,1158,348829,18531,18434
7127833,345993,361591,1158,361591,15985,15598
7403833,361591,368681,1158,368681,7968,7090
7655833,370099,378607,1158,378607,9844,8508
7896833,378607,387115,1158,387115,9025,8508
8132833,387115,392787,1158,392787,6219,5672
8365833,392787,398459,1158,398459,7053,5672
8597833,398459,404131,1158,404131,6670,5672
8828833,404131,409803,1158,409803,6667,5672
9059833,409803,415475,1158,415475,6260,5672
9289833,415475,422565,1158,422565,7416,7090
9519833,422565,429655,1158,429655,7946,7090
9749833,429655,436745,1158,436745,8522,7090
9979833,436745,443835,1158,443835,8117,7090
10209833,443835,449507,1158,449507,6899,5672
10439833,449507,455179,1158,455179,6858,5672
10669833,455179,462269,1158,462269,8239,7090
10899833,462269,469359,1158,469359,7178,7090
11129833,469359,473613,1158,473613,5558,4254
11359833,473613,482121,1158,482121,8663,8508
11589833,482121,493465,1158,493465,12119,11344
11826833,493465,500555,1158,500555,7592,7090
12072833,500555,507645,1158,507645,8178,7090
12311833,509063,518989,1158,518989,11267,9926
12546833,518989,530333,1158,530333,11979,11344
12779833,530333,543095,1158,543095,13341,12762
13015833,543095,554439,1158,554439,11619,11344
13255833,554439,562947,1158,562947,8809,8508
13489833,562947,570037,1158,570037,8169,7090
13721833,570037,575709,1158,575709,5821,5672
13952833,575709,579963,1158,579963,4702,4254
14183833,579963,582799,1158,582799,3992,2836
14413833,582799,588471,1158,588471,6293,5672
14643833,588471,592725,1158,592725,5434,4254
14876833,592725,596979,1158,596979,5437,4254
15108833,596979,601233,1158,601233,5485,4254
15340833,601233,604069,1158,604069,3927,2836
15571833,605487,609741,1158,609741,4910,4254
15802833,609741,612577,2576,612577,5525,2836
16033833,613995,616831,2576,616831,4988,2836
16263833,616831,621085,1158,621085,5619,4254
16493833,621085,626757,1158,626757,6719,5672
16723833,626757,635265,1158,635265,9498,8508
16956833,636683,648027,2576,648027,12875,11344
17197833,648027,659371,1158,659371,12180,11344
17462833,659371,667879,1158,667879,9486,8508
17706833,667879,676387,1158,676387,9295,8508
17943833,677805,691985,1158,691985,14303,14180
18176833,691985,707583,1158,707583,17094,15598
18443833,707583,717509,1158,717509,10788,9926
18698833,721763,731689,3994,731689,14185,9926
18940833,733107,750123,1158,750123,16778,17016
19174833,750123,765721,1158,765721,15920,15598
19417833,765721,778483,1158,778483,12965,12762
19655833,778483,789827,1158,789827,12380,11344
19888833,789827,798335,1158,798335,9672,8508
20120833,798335,806843,1158,806843,8956,8508
20351833,806843,816769,1158,816769,10642,9926
20582833,816769,828113,1158,828113,12458,11344
20813833,828113,846547,1158,846547,19682,18434
21046833,842293,859309,1158,859309,16970,17016
21331833,860727,874907,1158,874907,15019,14180
21581833,874907,886251,1158,886251,11869,11344
21817833,887669,901849,1158,901849,15480,14180
22050833,901849,931627,1158,931627,31129,29778
22284833,916029,948643,1158,948643,32490,32614
22627833,937299,954315,1158,954315,16825,17016
23096833,969913,985511,1158,985511,16991,15598
23377833,986929,1001109,1158,1001109,15426,14180
23623833,1001109,1020961,1158,1020961,20358,19852
23858833,1016707,1033723,1158,1033723,18232,17016
24152833,1035141,1047903,1158,1047903,14136,12762
24427833,1049321,1060665,1158,1060665,11894,11344
24671833,1060665,1067755,1158,1067755,8560,7090
24907833,1067755,1073427,1158,1073427,7166,5672
25140833,1073427,1079099,1158,1079099,6544,5672
25372833,1079099,1086189,1158,1086189,7650,7090
25604833,1086189,1093279,1158,1093279,8142,7090
25835833,1093279,1101787,1158,1101787,9130,8508
26066833,1101787,1114549,1158,1114549,13264,12762
26298833,1114549,1127311,1158,1127311,13323,12762
26549833,1127311,1134401,1158,1134401,8036,7090
26787833,1135819,1147163,1158,1147163,11637,11344
27021833,1147163,1159925,1158,1159925,13279,12762
27257833,1159925,1171269,1158,1171269,11799,11344
27496833,1171269,1185449,1158,1185449,14715,14180
27730833,1185449,1199629,1158,1199629,14419,14180
27972833,1199629,1212391,1158,1212391,13599,12762
28206833,1212391,1225153,1158,1225153,14118,12762
28438833,1225153,1236497,1158,1236497,11936,11344
28669833,1236497,1245005,1158,1245005,9572,8508
28899833,1245005,1253513,1158,1253513,9801,8508
29129833,1253513,1262021,1158,1262021,9368,8508
29359833,1262021,1270529,1158,1270529,9147,8508
29589833,1270529,1276201,1158,1276201,6385,5672
29819833,1276201,1280455,1158,1280455,5518,4254
30049833,1280455,1284709,1158,1284709,5250,4254
30279833,1284709,1288963,1158,1288963,5055,4254
30509833,1288963,1293217,1158,1293217,5310,4254
30739833,1293217,1297471,1158,1297471,4803,4254
30969833,1297471,1305979,1158,1305979,9471,8508
31199833,1305979,1317323,1158,1317323,12241,11344
31435833,1317323,1327249,1158,1327249,10708,9926
31681833,1327249,1337175,1158,1337175,10316,9926
31918833,1337175,1345683,1158,1345683,9116,8508
32151833,1345683,1351355,1158,1351355,6714,5672
32383833,1352773,1359863,1158,1359863,7258,7090
32614833,1359863,1368371,1158,1368371,9341,8508
32844833,1366953,1376879,1158,1376879,10052,9926
33076833,1378297,1386805,2576,1386805,10739,8508
33310833,1388223,1405239,1158,1405239,18251,17016
33542833,1402403,1418001,1158,1418001,16436,15598
33836833,1418001,1426509,1158,1426509,9582,8508
34091833,1429345,1442107,1158,1442107,13015,12762
34334833,1442107,1453451,1158,1453451,11717,11344
34575833,1453451,1463377,1158,1463377,10883,9926
34809833,1463377,1473303,1158,1473303,11352,9926
35041833,1473303,1484647,1158,1484647,12529,11344
35272833,1484647,1497409,1158,1497409,13483,12762
35502833,1497409,1507335,1158,1507335,10201,9926
35733833,1507335,1515843,1158,1515843,9842,8508
35963833,1515843,1527187,1158,1527187,11644,11344
36193833,1527187,1537113,1158,1537113,10412,9926
36425833,1537113,1549875,1158,1549875,13622,12762
36656833,1549875,1559801,1158,1559801,10725,9926
36890833,1559801,1572563,1158,1572563,14061,12762
37122833,1572563,1583907,1158,1583907,12634,11344
37354833,1583907,1603759,1158,1603759,20485,19852
37585833,1599505,1629283,1158,1629283,30274,29778
37887833,1619357,1637791,1158,1637791,17333,18434
38286833,1644881,1663315,1158,1663315,19187,18434
38614833,1667569,1680331,2576,1680331,14487,12762
38892833,1683167,1705855,1158,1705855,23114,22688
39138833,1698765,1718617,1158,1718617,19329,19852
39472833,1721453,1738469,1158,1738469,18107,17016
39767833,1738469,1749813,1158,1749813,11968,11344
40036833,1752649,1772501,1158,1772501,19582,19852
40281833,1768247,1785263,1158,1785263,16172,17016
40566833,1785263,1793771,1158,1793771,9810,8508
40820833,1793771,1802279,1158,1802279,8633,8508
41062833,1803697,1815041,1158,1815041,11610,11344
41298833,1815041,1826385,1158,1826385,11894,11344
41531833,1826385,1833475,1158,1833475,7969,7090
41763833,1833475,1841983,1158,1841983,9645,8508
41994833,1841983,1856163,1158,1856163,15378,14180
42225833,1856163,1876015,1158,1876015,20523,19852
42485833,1873179,1893031,1158,1893031,20586,19852
42787833,1893031,1907211,1158,1907211,14460,14180
43095833,1911465,1925645,1158,1925645,15573,14180
43343833,1927063,1941243,1158,1941243,14868,14180
43578833,1941243,1963931,1158,1963931,22777,22688
43810833,1955423,1973857,1158,1973857,18384,18434
44126833,1975275,1989455,1158,1989455,14675,14180
44413833,1990873,2002217,1158,2002217,12078,11344
44658833,2002217,2014979,1158,2014979,13996,12762
44894833,2014979,2034831,1158,2034831,21143,19852
45137833,2031995,2047593,2576,2047593,18452,15598
45449833,2053265,2070281,2576,2070281,17863,17016
45723833,2070281,2095805,1158,2095805,26586,25524
45987833,2085879,2114239,1158,2114239,27690,28360
46344833,2109985,2132673,1158,2132673,22840,22688
46758833,2136927,2153943,1158,2153943,17955,17016
47102833,2159615,2173795,1158,2173795,14732,14180
47365833,2173795,2183721,1158,2183721,11356,9926
47605833,2183721,2192229,1158,2192229,9908,8508
47840833,2193647,2206409,1158,2206409,13812,12762
48072833,2206409,2214917,1158,2214917,9997,8508
48307833,2214917,2226261,1158,2226261,12131,11344
48539833,2226261,2234769,1158,2234769,8592,8508
48774833,2234769,2243277,1158,2243277,8855,8508
49006833,2243277,2253203,1158,2253203,10876,9926
49237833,2253203,2261711,1158,2261711,8873,8508
49468833,2261711,2278727,1158,2278727,17978,17016
49698833,2277309,2309923,1158,2309923,33520,32614
49980833,2294325,2338283,1158,2338283,42757,43958
50370833,2318431,2349627,1158,2349627,29501,31196
50927833,2355299,2379405,1158,2379405,23416,24106
51396833,2386495,2414855,1158,2414855,27833,28360
51786833,2412019,2444633,1158,2444633,33319,32614
52209833,2438961,2465903,1158,2465903,25758,26942
52718833,2471575,2504189,1158,2504189,32162,32614
53157833,2501353,2526877,1158,2526877,24257,25524
53652833,2532549,2570835,1158,2570835,38336,38286
54069833,2560909,2587851,1158,2587851,26323,26942
54644833,2597777,2633227,1158,2633227,35393,35450
55127833,2628973,2660169,1158,2660169,29991,31196
55670833,2665841,2687111,1158,2687111,20537,21270
56095833,2694201,2708381,1158,2708381,15579,14180
56383833,2708381,2718307,1158,2718307,10605,9926
56631833,2718307,2726815,1158,2726815,9579,8508
56869833,2728233,2739577,1158,2739577,12563,11344
57102833,2739577,2753757,1158,2753757,14296,14180
57335833,2753757,2769355,1158,2769355,16503,15598
57590833,2769355,2783535,1158,2783535,15229,14180
57842833,2783535,2794879,1158,2794879,12204,11344
58079833,2794879,2803387,1158,2803387,9084,8508
58312833,2803387,2811895,1158,2811895,9032,8508
58544833,2813313,2821821,2576,2821821,10327,8508
58775833,2823239,2831747,2576,2831747,10399,8508
59006833,2833165,2841673,2576,2841673,11258,8508
59236833,2841673,2851599,1158,2851599,11159,9926
59466833,2851599,2868615,1158,2868615,17509,17016
59696833,2867197,2901229,1158,2901229,34348,34032
59971833,2884213,2919663,1158,2919663,34230,35450
