timestamp,cWnd0,cWnd1
611833,5672,5672
611833,1753,1500
829833,1753,1500
1052833,1515,1500
1276833,1944,1500
1500833,2798,1500
1725833,2531,1500
1951833,1768,1500
2177833,2556,1500
2404833,2534,1500
2631833,1500,1500
2858833,1891,1500
3086833,1500,1500
3314833,1500,1500
3542833,1500,1500
3771833,1784,1500
4000833,1501,1500
4229833,1705,1500
4458833,2130,1500
4687833,1585,1500
4916833,1965,1500
5145833,1844,1500
5374833,1500,1500
5603833,1500,1500
5832833,1500,1500
6062833,1500,1500
6292833,1500,1500
6522833,1500,1500
6752833,1500,1500
6982833,1500,1500
7212833,1769,1500
7442833,2021,1500
7672833,3306,1500
7902833,2819,1500
8133833,1924,1500
8364833,2975,1500
8595833,2189,1500
8828833,2251,1500
9060833,2538,1500
9292833,2384,1500
9524833,2120,1500
9755833,2167,1500
9986833,2832,1500
10217833,4715,1500
10448833,3424,1500
10684833,4472,1500
10919833,2987,1500
11154833,1770,1500
11388833,1500,1500
11621833,1500,1500
11854833,1500,1500
12086833,1891,1500
12318833,1500,1500
12550833,1674,1500
12781833,1825,1500
13012833,1624,1500
13243833,1820,1500
13474833,1500,1500
13705833,1500,1500
13936833,1586,1500
14167833,1552,1500
14397833,1859,1500
14627833,1641,1500
14857833,1774,1500
15087833,1500,1500
15317833,1742,1500
15547833,1620,1500
15777833,1666,1500
16007833,2560,1500
16237833,3084,1500
16467833,3079,1500
16698833,2760,1500
16929833,3059,1500
17160833,2146,1500
17392833,2003,1500
17624833,2496,1500
17856833,3578,1500
18087833,1922,1500
18320833,1500,1500
18552833,1500,1500
18784833,1500,1500
19016833,1500,1500
19248833,1500,1500
19479833,1814,1500
19710833,1981,1500
19941833,2724,1500
20172833,2777,1500
20403833,1805,1500
20634833,3181,1500
20864833,2476,1500
21096833,3350,1500
21327833,3896,1500
21560833,4741,1500
21792833,3341,1500
22027833,2852,1500
22261833,2366,1500
22494833,2372,1500
22727833,2072,1500
22959833,2038,1500
23191833,2383,1500
23423833,2274,1500
23655833,1709,1500
23886833,1689,1500
24117833,1703,1500
24348833,1662,1500
24579833,2341,1500
24810833,2908,1500
25041833,2071,1500
25272833,2522,1500
25503833,2223,1500
25733833,1808,1500
25963833,1500,1500
26193833,1500,1500
26423833,1500,1500
26653833,1500,1500
26883833,1500,1500
27113833,1500,1500
27343833,1500,1500
27573833,1500,1500
27803833,1821,1500
28033833,2478,1500
28263833,2226,1500
28493833,2405,1500
28723833,3256,1500
28953833,1926,1500
29186833,1740,1500
29418833,1779,1500
29650833,1507,1500
29881833,1637,1500
30112833,2851,1500
30343833,2916,1500
30576833,3045,1500
30808833,2332,1500
31040833,2552,1500
31271833,3413,1500
31502833,3655,1500
31735833,3783,1500
31968833,2727,1500
32200833,2580,1500
32432833,3333,1500
32663833,2951,1500
32896833,2954,1500
33128833,3918,1500
33360833,3605,1500
33591833,3157,1500
33822833,2911,1500
34052833,4141,1500
34282833,3444,1500
34512833,2601,1500
34742833,2262,1500
34972833,2964,1500
35202833,3350,1500
35434833,3518,1500
35666833,2445,1500
35898833,3643,1500
36129833,3318,1500
36360833,3730,1500
36591833,3417,1500
36821833,3992,1500
37051833,3732,1500
37281833,2729,1500
37511833,4190,1500
37741833,3492,1500
37971833,2655,1500
38201833,1965,1500
38431833,1500,1500
38661833,1500,1500
38891833,1500,1500
39121833,1500,1500
39351833,1859,1500
39581833,1556,1500
39811833,1887,1500
40041833,2162,1500
40271833,3432,1500
40501833,3078,1500
40731833,3699,1500
40961833,2704,1500
41191833,2644,1500
41421833,1500,1500
41651833,1500,1500
41881833,1500,1500
42111833,1500,1500
42341833,1500,1500
42571833,1500,1500
42801833,1500,1500
43031833,1500,1500
43261833,1500,1500
43491833,1500,1500
43721833,1500,1500
43951833,1500,1500
44181833,1500,1500
44411833,1500,1500
44641833,1500,1500
44871833,1500,1500
45101833,1500,1500
45331833,1500,1500
45561833,1500,1500
45791833,1500,1500
46021833,1500,1500
46251833,1500,1500
46481833,1500,1500
46711833,1500,1500
46941833,1500,1500
47171833,1500,1500
47401833,1500,1500
47631833,1500,1500
47861833,1500,1500
48091833,1500,1500
48321833,1500,1500
48551833,1500,1500
48781833,1500,1500
49011833,1500,1500
49241833,1629,1500
49471833,1500,1500
49701833,1500,1500
49931833,1500,1500
50161833,1893,1500
50391833,2194,1500
50621833,1893,1500
50851833,1500,1500
51081833,1500,1500
51311833,1500,1500
51541833,1500,1500
51771833,2185,1500
52001833,1823,1500
52231833,1500,1500
52461833,1736,1500
52691833,1500,1500
52921833,1500,1500
53151833,1513,1500
53381833,1500,1500
53611833,1500,1500
53841833,1500,1500
54071833,1623,1500
54301833,1552,1500
54531833,1849,1500
54761833,1567,1500
54991833,1911,1500
55221833,1500,1500
55451833,1500,1500
55681833,1500,1500
55911833,1500,1500
56141833,1500,1500
56371833,2021,1500
56601833,1500,1500
56831833,1500,1500
57061833,1667,1500
57291833,1627,1500
57521833,1500,1500
57751833,1532,1500
57981833,1682,1500
58211833,1982,1500
58441833,1500,1500
58671833,1500,1500
58901833,1500,1500
59131833,1500,1500
59361833,1588,1500
59591833,1500,1500
59821833,1602,1500
