timestamp,availableTxBuffer0,availableTxBuffer1
611833,246472,246472
611833,246472,246472
829833,250726,246472
1052833,250726,250726
1276833,250726,250726
1500833,250726,250726
1725833,250726,250726
1951833,250726,250726
2177833,250726,250726
2404833,250726,250726
2631833,250726,250726
2858833,250726,250726
3086833,250726,250726
3314833,250726,250726
3542833,250726,250726
3771833,250726,250726
4000833,250726,250726
4229833,250726,250726
4458833,250726,250726
4687833,250726,250726
4916833,250726,250726
5145833,250726,250726
5374833,250726,250726
5603833,250726,250726
5832833,250726,250726
6062833,250726,250726
6292833,250726,250726
6522833,250726,250726
6752833,250726,250726
6982833,250726,250726
7212833,250726,250726
7442833,250726,250726
7672833,249308,250726
7902833,250726,250726
8133833,250726,250726
8364833,249308,250726
8595833,250726,250726
8828833,250726,250726
9060833,250726,250726
9292833,250726,250726
9524833,250726,250726
9755833,250726,250726
9986833,250726,250726
10217833,247890,250726
10448833,249308,250726
10684833,247890,250726
10919833,249308,250726
11154833,250726,250726
11388833,250726,250726
11621833,250726,250726
11854833,250726,250726
12086833,250726,250726
12318833,250726,250726
12550833,250726,250726
12781833,250726,250726
13012833,250726,250726
13243833,250726,250726
13474833,250726,250726
13705833,250726,250726
13936833,250726,250726
14167833,250726,250726
14397833,250726,250726
14627833,250726,250726
14857833,250726,250726
15087833,250726,250726
15317833,250726,250726
15547833,250726,250726
15777833,250726,250726
16007833,250726,250726
16237833,249308,250726
16467833,249308,250726
16698833,250726,250726
16929833,249308,250726
17160833,250726,250726
17392833,250726,250726
17624833,250726,250726
17856833,249308,250726
18087833,250726,250726
18320833,250726,250726
18552833,250726,250726
18784833,250726,250726
19016833,250726,250726
19248833,250726,250726
19479833,250726,250726
19710833,250726,250726
19941833,250726,250726
20172833,250726,250726
20403833,250726,250726
20634833,249308,250726
20864833,250726,250726
21096833,249308,250726
21327833,249308,250726
21560833,247890,250726
21792833,249308,250726
22027833,249308,250726
22261833,250726,250726
22494833,250726,250726
22727833,250726,250726
22959833,250726,250726
23191833,250726,250726
23423833,250726,250726
23655833,250726,250726
23886833,250726,250726
24117833,250726,250726
24348833,250726,250726
24579833,250726,250726
24810833,249308,250726
25041833,250726,250726
25272833,250726,250726
25503833,250726,250726
25733833,250726,250726
25963833,250726,250726
26193833,250726,250726
26423833,250726,250726
26653833,250726,250726
26883833,250726,250726
27113833,250726,250726
27343833,250726,250726
27573833,250726,250726
27803833,250726,250726
28033833,250726,250726
28263833,250726,250726
28493833,250726,250726
28723833,249308,250726
28953833,250726,250726
29186833,250726,250726
29418833,250726,250726
29650833,250726,250726
29881833,250726,250726
30112833,249308,250726
30343833,249308,250726
30576833,249308,250726
30808833,250726,250726
31040833,250726,250726
31271833,249308,250726
31502833,249308,250726
31735833,249308,250726
31968833,250726,250726
32200833,250726,250726
32432833,249308,250726
32663833,249308,250726
32896833,249308,250726
33128833,249308,250726
33360833,249308,250726
33591833,249308,250726
33822833,249308,250726
34052833,249308,250726
34282833,249308,250726
34512833,250726,250726
34742833,250726,250726
34972833,249308,250726
35202833,250726,250726
35434833,250726,250726
35666833,250726,250726
35898833,249308,250726
36129833,249308,250726
36360833,249308,250726
36591833,250726,250726
36821833,249308,250726
37051833,249308,250726
37281833,250726,250726
37511833,249308,250726
37741833,249308,250726
37971833,250726,250726
38201833,250726,250726
38431833,250726,250726
38661833,250726,250726
38891833,250726,250726
39121833,250726,250726
39351833,250726,250726
39581833,250726,250726
39811833,250726,250726
40041833,250726,250726
40271833,249308,250726
40501833,249308,250726
40731833,249308,250726
40961833,250726,250726
41191833,250726,250726
41421833,250726,250726
41651833,250726,250726
41881833,250726,250726
42111833,250726,250726
42341833,250726,250726
42571833,250726,250726
42801833,250726,250726
43031833,250726,250726
43261833,250726,250726
43491833,250726,250726
43721833,250726,250726
43951833,250726,250726
44181833,250726,250726
44411833,250726,252144
44641833,250726,250726
44871833,250726,250726
45101833,250726,250726
45331833,250726,250726
45561833,250726,250726
45791833,250726,250726
46021833,250726,250726
46251833,250726,250726
46481833,250726,250726
46711833,250726,250726
46941833,250726,250726
47171833,250726,250726
47401833,250726,250726
47631833,250726,250726
47861833,250726,250726
48091833,250726,250726
48321833,250726,250726
48551833,250726,250726
48781833,250726,250726
49011833,250726,250726
49241833,250726,250726
49471833,250726,250726
49701833,250726,250726
49931833,250726,250726
50161833,250726,250726
50391833,250726,250726
50621833,250726,250726
50851833,250726,250726
51081833,250726,250726
51311833,250726,250726
51541833,250726,250726
51771833,250726,250726
52001833,250726,250726
52231833,250726,250726
52461833,250726,250726
52691833,250726,250726
52921833,250726,250726
53151833,250726,250726
53381833,250726,250726
53611833,250726,250726
53841833,250726,250726
54071833,250726,250726
54301833,250726,250726
54531833,250726,250726
54761833,250726,250726
54991833,250726,250726
55221833,250726,250726
55451833,250726,250726
55681833,250726,250726
55911833,250726,250726
56141833,250726,250726
56371833,250726,250726
56601833,250726,250726
56831833,250726,250726
57061833,250726,250726
57291833,250726,250726
57521833,250726,250726
57751833,250726,250726
57981833,250726,250726
58211833,250726,250726
58441833,250726,250726
58671833,250726,250726
58901833,250726,250726
59131833,250726,250726
59361833,250726,250726
59591833,250726,250726
59821833,250726,250726
