timestamp,unAck0,unAck1
611833,5672,5672
611833,5672,5672
829833,1418,5672
1052833,1418,1418
1276833,1418,1418
1500833,1418,1418
1725833,1418,1418
1951833,1418,1418
2177833,1418,1418
2404833,1418,1418
2631833,1418,1418
2858833,1418,1418
3086833,1418,1418
3314833,1418,1418
3542833,1418,1418
3771833,1418,1418
4000833,1418,1418
4229833,1418,1418
4458833,1418,1418
4687833,1418,1418
4916833,1418,1418
5145833,1418,1418
5374833,1418,1418
5603833,1418,1418
5832833,1418,1418
6062833,1418,1418
6292833,1418,1418
6522833,1418,1418
6752833,1418,1418
6982833,1418,1418
7212833,1418,1418
7442833,1418,1418
7672833,2836,1418
7902833,1418,1418
8133833,1418,1418
8364833,2836,1418
8595833,1418,1418
8828833,1418,1418
9060833,1418,1418
9292833,1418,1418
9524833,1418,1418
9755833,1418,1418
9986833,1418,1418
10217833,4254,1418
10448833,2836,1418
10684833,4254,1418
10919833,2836,1418
11154833,1418,1418
11388833,1418,1418
11621833,1418,1418
11854833,1418,1418
12086833,1418,1418
12318833,1418,1418
12550833,1418,1418
12781833,1418,1418
13012833,1418,1418
13243833,1418,1418
13474833,1418,1418
13705833,1418,1418
13936833,1418,1418
14167833,1418,1418
14397833,1418,1418
14627833,1418,1418
14857833,1418,1418
15087833,1418,1418
15317833,1418,1418
15547833,1418,1418
15777833,1418,1418
16007833,1418,1418
16237833,2836,1418
16467833,2836,1418
16698833,1418,1418
16929833,2836,1418
17160833,1418,1418
17392833,1418,1418
17624833,1418,1418
17856833,2836,1418
18087833,1418,1418
18320833,1418,1418
18552833,1418,1418
18784833,1418,1418
19016833,1418,1418
19248833,1418,1418
19479833,1418,1418
19710833,1418,1418
19941833,1418,1418
20172833,1418,1418
20403833,1418,1418
20634833,2836,1418
20864833,1418,1418
21096833,2836,1418
21327833,2836,1418
21560833,4254,1418
21792833,2836,1418
22027833,2836,1418
22261833,1418,1418
22494833,1418,1418
22727833,1418,1418
22959833,1418,1418
23191833,1418,1418
23423833,1418,1418
23655833,1418,1418
23886833,1418,1418
24117833,1418,1418
24348833,1418,1418
24579833,1418,1418
24810833,2836,1418
25041833,1418,1418
25272833,1418,1418
25503833,1418,1418
25733833,1418,1418
25963833,1418,1418
26193833,1418,1418
26423833,1418,1418
26653833,1418,1418
26883833,1418,1418
27113833,1418,1418
27343833,1418,1418
27573833,1418,1418
27803833,1418,1418
28033833,1418,1418
28263833,1418,1418
28493833,1418,1418
28723833,2836,1418
28953833,1418,1418
29186833,1418,1418
29418833,1418,1418
29650833,1418,1418
29881833,1418,1418
30112833,2836,1418
30343833,2836,1418
30576833,2836,1418
30808833,1418,1418
31040833,1418,1418
31271833,2836,1418
31502833,2836,1418
31735833,2836,1418
31968833,1418,1418
32200833,1418,1418
32432833,2836,1418
32663833,2836,1418
32896833,2836,1418
33128833,2836,1418
33360833,2836,1418
33591833,2836,1418
33822833,2836,1418
34052833,2836,1418
34282833,2836,1418
34512833,1418,1418
34742833,1418,1418
34972833,2836,1418
35202833,1418,1418
35434833,1418,1418
35666833,1418,1418
35898833,2836,1418
36129833,2836,1418
36360833,2836,1418
36591833,1418,1418
36821833,2836,1418
37051833,2836,1418
37281833,1418,1418
37511833,2836,1418
37741833,2836,1418
37971833,1418,1418
38201833,1418,1418
38431833,1418,1418
38661833,1418,1418
38891833,1418,1418
39121833,1418,1418
39351833,1418,1418
39581833,1418,1418
39811833,1418,1418
40041833,1418,1418
40271833,2836,1418
40501833,2836,1418
40731833,2836,1418
40961833,1418,1418
41191833,1418,1418
41421833,1418,1418
41651833,1418,1418
41881833,1418,1418
42111833,1418,1418
42341833,1418,1418
42571833,1418,1418
42801833,1418,1418
43031833,1418,1418
43261833,1418,1418
43491833,1418,1418
43721833,1418,1418
43951833,1418,1418
44181833,1418,1418
44411833,1418,0
44641833,1418,1418
44871833,1418,1418
45101833,1418,1418
45331833,1418,1418
45561833,1418,1418
45791833,1418,1418
46021833,1418,1418
46251833,1418,1418
46481833,1418,1418
46711833,1418,1418
46941833,1418,1418
47171833,1418,1418
47401833,1418,1418
47631833,1418,1418
47861833,1418,1418
48091833,1418,1418
48321833,1418,1418
48551833,1418,1418
48781833,1418,1418
49011833,1418,1418
49241833,1418,1418
49471833,1418,1418
49701833,1418,1418
49931833,1418,1418
50161833,1418,1418
50391833,1418,1418
50621833,1418,1418
50851833,1418,1418
51081833,1418,1418
51311833,1418,1418
51541833,1418,1418
51771833,1418,1418
52001833,1418,1418
52231833,1418,1418
52461833,1418,1418
52691833,1418,1418
52921833,1418,1418
53151833,1418,1418
53381833,1418,1418
53611833,1418,1418
53841833,1418,1418
54071833,1418,1418
54301833,1418,1418
54531833,1418,1418
54761833,1418,1418
54991833,1418,1418
55221833,1418,1418
55451833,1418,1418
55681833,1418,1418
55911833,1418,1418
56141833,1418,1418
56371833,1418,1418
56601833,1418,1418
56831833,1418,1418
57061833,1418,1418
57291833,1418,1418
57521833,1418,1418
57751833,1418,1418
57981833,1418,1418
58211833,1418,1418
58441833,1418,1418
58671833,1418,1418
58901833,1418,1418
59131833,1418,1418
59361833,1418,1418
59591833,1418,1418
59821833,1418,1418
