timestamp,rtt0,rtt1
611833,218,184
611833,218,184
829833,223,184
1052833,224,219
1276833,224,221
1500833,225,222
1725833,226,223
1951833,226,224
2177833,227,225
2404833,227,225
2631833,227,226
2858833,228,226
3086833,228,227
3314833,228,227
3542833,229,227
3771833,229,228
4000833,229,228
4229833,229,228
4458833,229,228
4687833,229,229
4916833,229,229
5145833,229,229
5374833,229,229
5603833,229,229
5832833,230,229
6062833,230,229
6292833,230,229
6522833,230,229
6752833,230,229
6982833,230,229
7212833,230,230
7442833,230,230
7672833,230,230
7902833,231,230
8133833,231,230
8364833,231,230
8595833,233,230
8828833,232,230
9060833,232,230
9292833,232,230
9524833,231,230
9755833,231,230
9986833,231,230
10217833,231,230
10448833,236,230
10684833,235,230
10919833,235,230
11154833,234,230
11388833,233,230
11621833,233,230
11854833,232,230
12086833,232,230
12318833,232,230
12550833,231,230
12781833,231,230
13012833,231,230
13243833,231,230
13474833,231,230
13705833,231,230
13936833,231,230
14167833,230,230
14397833,230,230
14627833,230,230
14857833,230,230
15087833,230,230
15317833,230,230
15547833,230,230
15777833,230,230
16007833,230,230
16237833,230,230
16467833,231,230
16698833,231,230
16929833,231,230
17160833,232,230
17392833,232,230
17624833,232,230
17856833,231,230
18087833,233,230
18320833,232,230
18552833,232,230
18784833,232,230
19016833,232,230
19248833,231,230
19479833,231,230
19710833,231,230
19941833,231,230
20172833,231,230
20403833,231,230
20634833,230,230
20864833,232,230
21096833,231,230
21327833,233,230
21560833,232,230
21792833,235,230
22027833,234,230
22261833,233,230
22494833,233,230
22727833,232,230
22959833,232,230
23191833,232,230
23423833,232,230
23655833,231,230
23886833,231,230
24117833,231,230
24348833,231,230
24579833,231,230
24810833,231,230
25041833,231,230
25272833,231,230
25503833,230,230
25733833,230,230
25963833,230,230
26193833,230,230
26423833,230,230
26653833,230,230
26883833,230,230
27113833,230,230
27343833,230,230
27573833,230,230
27803833,230,230
28033833,230,230
28263833,230,230
28493833,230,230
28723833,230,230
28953833,233,230
29186833,232,230
29418833,232,230
29650833,231,230
29881833,231,230
30112833,231,230
30343833,233,230
30576833,232,230
30808833,232,230
31040833,231,230
31271833,231,230
31502833,233,230
31735833,233,230
31968833,232,230
32200833,232,230
32432833,231,230
32663833,233,230
32896833,232,230
33128833,232,230
33360833,231,230
33591833,231,230
33822833,230,230
34052833,230,230
34282833,230,230
34512833,230,230
34742833,230,230
34972833,230,230
35202833,232,230
35434833,232,230
35666833,232,230
35898833,231,230
36129833,231,230
36360833,231,230
36591833,230,230
36821833,230,230
37051833,230,230
37281833,230,230
37511833,230,230
37741833,230,230
37971833,230,230
38201833,230,230
38431833,230,230
38661833,230,230
38891833,230,230
39121833,230,230
39351833,230,230
39581833,230,230
39811833,230,230
40041833,230,230
40271833,230,230
40501833,230,230
40731833,230,230
40961833,230,230
41191833,230,230
41421833,230,230
41651833,230,230
41881833,230,230
42111833,230,230
42341833,230,230
42571833,230,230
42801833,230,230
43031833,230,230
43261833,230,230
43491833,230,230
43721833,230,230
43951833,230,230
44181833,230,230
44411833,230,230
44641833,230,230
44871833,230,230
45101833,230,230
45331833,230,230
45561833,230,230
45791833,230,230
46021833,230,230
46251833,230,230
46481833,230,230
46711833,230,230
46941833,230,230
47171833,230,230
47401833,230,230
47631833,230,230
47861833,230,230
48091833,230,230
48321833,230,230
48551833,230,230
48781833,230,230
49011833,230,230
49241833,230,230
49471833,230,230
49701833,230,230
49931833,230,230
50161833,230,230
50391833,230,230
50621833,230,230
50851833,230,230
51081833,230,230
51311833,230,230
51541833,230,230
51771833,230,230
52001833,230,230
52231833,230,230
52461833,230,230
52691833,230,230
52921833,230,230
53151833,230,230
53381833,230,230
53611833,230,230
53841833,230,230
54071833,230,230
54301833,230,230
54531833,230,230
54761833,230,230
54991833,230,230
55221833,230,230
55451833,230,230
55681833,230,230
55911833,230,230
56141833,230,230
56371833,230,230
56601833,230,230
56831833,230,230
57061833,230,230
57291833,230,230
57521833,230,230
57751833,230,230
57981833,230,230
58211833,230,230
58441833,230,230
58671833,230,230
58901833,230,230
59131833,230,230
59361833,230,230
59591833,230,230
59821833,230,230
