timestamp,rWnd0,rWnd1
611833,1073725440,1073725440
611833,1073725440,1073725440
829833,1073725440,1073725440
1052833,1073725440,1073725440
1276833,1073725440,1073725440
1500833,1073725440,1073725440
1725833,1073725440,1073725440
1951833,1073725440,1073725440
2177833,1073725440,1073725440
2404833,1073725440,1073725440
2631833,1073725440,1073725440
2858833,1073725440,1073725440
3086833,1073725440,1073725440
3314833,1073725440,1073725440
3542833,1073725440,1073725440
3771833,1073725440,1073725440
4000833,1073725440,1073725440
4229833,1073725440,1073725440
4458833,1073725440,1073725440
4687833,1073725440,1073725440
4916833,1073725440,1073725440
5145833,1073725440,1073725440
5374833,1073725440,1073725440
5603833,1073725440,1073725440
5832833,1073725440,1073725440
6062833,1073725440,1073725440
6292833,1073725440,1073725440
6522833,1073725440,1073725440
6752833,1073725440,1073725440
6982833,1073725440,1073725440
7212833,1073725440,1073725440
7442833,1073725440,1073725440
7672833,1073725440,1073725440
7902833,1073725440,1073725440
8133833,1073725440,1073725440
8364833,1073725440,1073725440
8595833,1073725440,1073725440
8828833,1073725440,1073725440
9060833,1073725440,1073725440
9292833,1073725440,1073725440
9524833,1073725440,1073725440
9755833,1073725440,1073725440
9986833,1073725440,1073725440
10217833,1073725440,1073725440
10448833,1073725440,1073725440
10684833,1073725440,1073725440
10919833,1073725440,1073725440
11154833,1073725440,1073725440
11388833,1073725440,1073725440
11621833,1073725440,1073725440
11854833,1073725440,1073725440
12086833,1073725440,1073725440
12318833,1073725440,1073725440
12550833,1073725440,1073725440
12781833,1073725440,1073725440
13012833,1073725440,1073725440
13243833,1073725440,1073725440
13474833,1073725440,1073725440
13705833,1073725440,1073725440
13936833,1073725440,1073725440
14167833,1073725440,1073725440
14397833,1073725440,1073725440
14627833,1073725440,1073725440
14857833,1073725440,1073725440
15087833,1073725440,1073725440
15317833,1073725440,1073725440
15547833,1073725440,1073725440
15777833,1073725440,1073725440
16007833,1073725440,1073725440
16237833,1073725440,1073725440
16467833,1073725440,1073725440
16698833,1073725440,1073725440
16929833,1073725440,1073725440
17160833,1073725440,1073725440
17392833,1073725440,1073725440
17624833,1073725440,1073725440
17856833,1073725440,1073725440
18087833,1073725440,1073725440
18320833,1073725440,1073725440
18552833,1073725440,1073725440
18784833,1073725440,1073725440
19016833,1073725440,1073725440
19248833,1073725440,1073725440
19479833,1073725440,1073725440
19710833,1073725440,1073725440
19941833,1073725440,1073725440
20172833,1073725440,1073725440
20403833,1073725440,1073725440
20634833,1073725440,1073725440
20864833,1073725440,1073725440
21096833,1073725440,1073725440
21327833,1073725440,1073725440
21560833,1073725440,1073725440
21792833,1073725440,1073725440
22027833,1073725440,1073725440
22261833,1073725440,1073725440
22494833,1073725440,1073725440
22727833,1073725440,1073725440
22959833,1073725440,1073725440
23191833,1073725440,1073725440
23423833,1073725440,1073725440
23655833,1073725440,1073725440
23886833,1073725440,1073725440
24117833,1073725440,1073725440
24348833,1073725440,1073725440
24579833,1073725440,1073725440
24810833,1073725440,1073725440
25041833,1073725440,1073725440
25272833,1073725440,1073725440
25503833,1073725440,1073725440
25733833,1073725440,1073725440
25963833,1073725440,1073725440
26193833,1073725440,1073725440
26423833,1073725440,1073725440
26653833,1073725440,1073725440
26883833,1073725440,1073725440
27113833,1073725440,1073725440
27343833,1073725440,1073725440
27573833,1073725440,1073725440
27803833,1073725440,1073725440
28033833,1073725440,1073725440
28263833,1073725440,1073725440
28493833,1073725440,1073725440
28723833,1073725440,1073725440
28953833,1073725440,1073725440
29186833,1073725440,1073725440
29418833,1073725440,1073725440
29650833,1073725440,1073725440
29881833,1073725440,1073725440
30112833,1073725440,1073725440
30343833,1073725440,1073725440
30576833,1073725440,1073725440
30808833,1073725440,1073725440
31040833,1073725440,1073725440
31271833,1073725440,1073725440
31502833,1073725440,1073725440
31735833,1073725440,1073725440
31968833,1073725440,1073725440
32200833,1073725440,1073725440
32432833,1073725440,1073725440
32663833,1073725440,1073725440
32896833,1073725440,1073725440
33128833,1073725440,1073725440
33360833,1073725440,1073725440
33591833,1073725440,1073725440
33822833,1073725440,1073725440
34052833,1073725440,1073725440
34282833,1073725440,1073725440
34512833,1073725440,1073725440
34742833,1073725440,1073725440
34972833,1073725440,1073725440
35202833,1073725440,1073725440
35434833,1073725440,1073725440
35666833,1073725440,1073725440
35898833,1073725440,1073725440
36129833,1073725440,1073725440
36360833,1073725440,1073725440
36591833,1073725440,1073725440
36821833,1073725440,1073725440
37051833,1073725440,1073725440
37281833,1073725440,1073725440
37511833,1073725440,1073725440
37741833,1073725440,1073725440
37971833,1073725440,1073725440
38201833,1073725440,1073725440
38431833,1073725440,1073725440
38661833,1073725440,1073725440
38891833,1073725440,1073725440
39121833,1073725440,1073725440
39351833,1073725440,1073725440
39581833,1073725440,1073725440
39811833,1073725440,1073725440
40041833,1073725440,1073725440
40271833,1073725440,1073725440
40501833,1073725440,1073725440
40731833,1073725440,1073725440
40961833,1073725440,1073725440
41191833,1073725440,1073725440
41421833,1073725440,1073725440
41651833,1073725440,1073725440
41881833,1073725440,1073725440
42111833,1073725440,1073725440
42341833,1073725440,1073725440
42571833,1073725440,1073725440
42801833,1073725440,1073725440
43031833,1073725440,1073725440
43261833,1073725440,1073725440
43491833,1073725440,1073725440
43721833,1073725440,1073725440
43951833,1073725440,1073725440
44181833,1073725440,1073725440
44411833,1073725440,1073725440
44641833,1073725440,1073725440
44871833,1073725440,1073725440
45101833,1073725440,1073725440
45331833,1073725440,1073725440
45561833,1073725440,1073725440
45791833,1073725440,1073725440
46021833,1073725440,1073725440
46251833,1073725440,1073725440
46481833,1073725440,1073725440
46711833,1073725440,1073725440
46941833,1073725440,1073725440
47171833,1073725440,1073725440
47401833,1073725440,1073725440
47631833,1073725440,1073725440
47861833,1073725440,1073725440
48091833,1073725440,1073725440
48321833,1073725440,1073725440
48551833,1073725440,1073725440
48781833,1073725440,1073725440
49011833,1073725440,1073725440
49241833,1073725440,1073725440
49471833,1073725440,1073725440
49701833,1073725440,1073725440
49931833,1073725440,1073725440
50161833,1073725440,1073725440
50391833,1073725440,1073725440
50621833,1073725440,1073725440
50851833,1073725440,1073725440
51081833,1073725440,1073725440
51311833,1073725440,1073725440
51541833,1073725440,1073725440
51771833,1073725440,1073725440
52001833,1073725440,1073725440
52231833,1073725440,1073725440
52461833,1073725440,1073725440
52691833,1073725440,1073725440
52921833,1073725440,1073725440
53151833,1073725440,1073725440
53381833,1073725440,1073725440
53611833,1073725440,1073725440
53841833,1073725440,1073725440
54071833,1073725440,1073725440
54301833,1073725440,1073725440
54531833,1073725440,1073725440
54761833,1073725440,1073725440
54991833,1073725440,1073725440
55221833,1073725440,1073725440
55451833,1073725440,1073725440
55681833,1073725440,1073725440
55911833,1073725440,1073725440
56141833,1073725440,1073725440
56371833,1073725440,1073725440
56601833,1073725440,1073725440
56831833,1073725440,1073725440
57061833,1073725440,1073725440
57291833,1073725440,1073725440
57521833,1073725440,1073725440
57751833,1073725440,1073725440
57981833,1073725440,1073725440
58211833,1073725440,1073725440
58441833,1073725440,1073725440
58671833,1073725440,1073725440
58901833,1073725440,1073725440
59131833,1073725440,1073725440
59361833,1073725440,1073725440
59591833,1073725440,1073725440
59821833,1073725440,1073725440
