timestamp,cWnd0,cWnd1
611833,5672,5672
611833,1500,1500
829833,1500,1500
1052833,1500,1500
1276833,1500,1500
1500833,1500,1500
1725833,2051,1500
1951833,1608,1500
2177833,1500,1500
2404833,1500,1500
2631833,1500,1500
2858833,1500,1500
3086833,1500,1500
3314833,1500,1500
3542833,1500,1500
3771833,1500,1500
4000833,1500,1500
4229833,1500,1500
4458833,1500,1500
4687833,1500,1500
4916833,1500,1500
5145833,1500,1500
5374833,1545,1500
5603833,1500,1500
5832833,2053,1500
6062833,1945,1500
6292833,2250,1500
6522833,1830,1500
6752833,1500,1500
6982833,1779,1500
7212833,1757,1500
7442833,2275,1500
7672833,3383,1500
7902833,3305,1500
8133833,3442,1500
8364833,3119,1500
8595833,1724,1500
8825833,2926,1500
9055833,2920,1500
9287833,3360,1500
9519833,2552,1500
9750833,3065,1500
9981833,2037,1500
10214833,4095,1500
10447833,3683,1500
10681833,4161,1500
10914833,3576,1500
11146833,4196,1500
11378833,3053,1500
11609833,1851,1500
11840833,1631,1500
12071833,1500,1500
12302833,1500,1500
12533833,1524,1500
12763833,2150,1500
12993833,2360,1500
13223833,2167,1500
13453833,1535,1500
13683833,1500,1500
13913833,1769,1500
14143833,1762,1500
14373833,1670,1500
14603833,1500,1500
14833833,1500,1500
15063833,2950,1500
15293833,1963,1500
15525833,1506,1500
15757833,1500,1500
15989833,1500,1500
16220833,1500,1500
16451833,1500,1500
16682833,1500,1500
16913833,1500,1500
17144833,1500,1500
17375833,1500,1500
17606833,1500,1500
17836833,1500,1500
18066833,1500,1500
18296833,1500,1500
18526833,1500,1500
18756833,1500,1500
18986833,1500,1500
19216833,1676,1500
19446833,1552,1500
19676833,1500,1500
19906833,1500,1500
20136833,1500,1500
20366833,1500,1500
20596833,1500,1500
20826833,1500,1500
21056833,1500,1500
21286833,1500,1500
21516833,1500,1500
21746833,1500,1500
21976833,1500,1500
22206833,1662,1500
22436833,1500,1500
22666833,1627,1500
22896833,2082,1500
23126833,1951,1500
23356833,1893,1500
23586833,2082,1500
23816833,2255,1500
24046833,1816,1500
24276833,1500,1500
24506833,1500,1500
24736833,1500,1500
24966833,1500,1500
25196833,1500,1500
25426833,1500,1500
25656833,1500,1500
25886833,1500,1500
26116833,1500,1500
26346833,1603,1500
26576833,1500,1500
26806833,1500,1500
27036833,1500,1500
27266833,1785,1500
27496833,1561,1500
27726833,1752,1500
27956833,2077,1500
28186833,1984,1500
28416833,1829,1500
28646833,1500,1500
28876833,1500,1500
29106833,1500,1500
29336833,1500,1500
29566833,1500,1500
29796833,1503,1500
30026833,1520,1500
30256833,1500,1500
30486833,1500,1500
30716833,1683,1500
30946833,2485,1500
31176833,1984,1500
31406833,1500,1500
31636833,1563,1500
31866833,2168,1500
32096833,2179,1500
32326833,1711,1500
32556833,1500,1500
32786833,1500,1500
33016833,1500,1500
33246833,1500,1500
33476833,1500,1500
33706833,1500,1500
33936833,1500,1500
34166833,1500,1500
34396833,1500,1500
34626833,1500,1500
34856833,1500,1500
35086833,1500,1500
35316833,1500,1500
35546833,1500,1500
35776833,1500,1500
36006833,1500,1500
36236833,1500,1500
36466833,1500,1500
36696833,1628,1500
36926833,1775,1500
37156833,1868,1500
37386833,1500,1500
37616833,1596,1500
37846833,1500,1500
38076833,1500,1500
38306833,1500,1500
38536833,1500,1500
38766833,1500,1500
38996833,1500,1500
39226833,1500,1500
39456833,1500,1500
39686833,1500,1500
39916833,1500,1500
40146833,1500,1500
40376833,1500,1500
40606833,1500,1500
40836833,1500,1500
41066833,1500,1500
41296833,1500,1500
41526833,1500,1500
41756833,1500,1500
41986833,1500,1500
42216833,1500,1500
42446833,1500,1500
42676833,1500,1500
42906833,1500,1500
43136833,1500,1500
43366833,1500,1500
43596833,1500,1500
43826833,1500,1500
44056833,1500,1500
44286833,1500,1500
44516833,1500,1500
44746833,1500,1500
44976833,1500,1500
45206833,1661,1500
45436833,1500,1500
45666833,1500,1500
45896833,1744,1500
46126833,1561,1500
46356833,1776,1500
46586833,3666,1500
46816833,2289,1500
47046833,1500,1500
47276833,1794,1500
47506833,2160,1500
47736833,2140,1500
47966833,2012,1500
48196833,1608,1500
48426833,1562,1500
48656833,2454,1500
48886833,2553,1500
49116833,1931,1500
49346833,2375,1500
49576833,2569,1500
49806833,1624,1500
50036833,1900,1500
50266833,2835,1500
50496833,1571,1500
50726833,1500,1500
50956833,1841,1500
51186833,1868,1500
51416833,1500,1500
51646833,1553,1500
51876833,2241,1500
52106833,2131,1500
52336833,3059,1500
52566833,2742,1500
52798833,2324,1500
53029833,2390,1500
53260833,2617,1500
53491833,2429,1500
53722833,2708,1500
53953833,3344,1500
54184833,3951,1500
54415833,4367,1500
54645833,3685,1500
54880833,1781,1500
55114833,1500,1500
55347833,1500,1500
55580833,1500,1500
55812833,1500,1500
56044833,1500,1500
56276833,1500,1500
56508833,1500,1500
56739833,1500,1500
56970833,1500,1500
57201833,1720,1500
57432833,2000,1500
57663833,1823,1500
57894833,1500,1500
58124833,1500,1500
58354833,1500,1500
58584833,1500,1500
58814833,1500,1500
59044833,1500,1500
59274833,1500,1500
59504833,1500,1500
59734833,1500,1500
59964833,1500,1500
