timestamp,availableTxBuffer0,availableTxBuffer1
611833,246472,246472
611833,246472,246472
829833,250726,246472
1052833,250726,250726
1276833,250726,250726
1500833,250726,250726
1725833,250726,250726
1951833,250726,250726
2177833,250726,250726
2404833,250726,250726
2631833,250726,250726
2858833,250726,250726
3086833,250726,250726
3314833,250726,250726
3542833,250726,250726
3771833,250726,250726
4000833,250726,250726
4229833,250726,250726
4458833,250726,250726
4687833,250726,250726
4916833,250726,250726
5145833,250726,250726
5374833,250726,250726
5603833,250726,250726
5832833,250726,250726
6062833,250726,250726
6292833,250726,250726
6522833,250726,250726
6752833,250726,250726
6982833,250726,250726
7212833,250726,250726
7442833,250726,250726
7672833,249308,250726
7902833,249308,250726
8133833,249308,250726
8364833,249308,250726
8595833,250726,250726
8825833,249308,250726
9055833,249308,250726
9287833,249308,250726
9519833,250726,250726
9750833,249308,250726
9981833,250726,250726
10214833,249308,250726
10447833,249308,250726
10681833,249308,250726
10914833,249308,250726
11146833,249308,250726
11378833,249308,250726
11609833,250726,250726
11840833,250726,250726
12071833,250726,250726
12302833,250726,250726
12533833,250726,250726
12763833,250726,250726
12993833,250726,250726
13223833,250726,250726
13453833,250726,250726
13683833,250726,250726
13913833,250726,250726
14143833,252144,250726
14373833,250726,250726
14603833,250726,250726
14833833,250726,250726
15063833,249308,250726
15293833,250726,250726
15525833,250726,250726
15757833,250726,250726
15989833,250726,250726
16220833,250726,250726
16451833,250726,250726
16682833,250726,250726
16913833,250726,250726
17144833,250726,250726
17375833,250726,250726
17606833,250726,250726
17836833,250726,250726
18066833,250726,250726
18296833,250726,250726
18526833,250726,250726
18756833,250726,250726
18986833,250726,250726
19216833,250726,250726
19446833,250726,250726
19676833,250726,250726
19906833,250726,250726
20136833,250726,250726
20366833,250726,250726
20596833,250726,250726
20826833,250726,250726
21056833,250726,250726
21286833,250726,250726
21516833,250726,250726
21746833,250726,250726
21976833,250726,250726
22206833,250726,250726
22436833,250726,250726
22666833,250726,250726
22896833,250726,250726
23126833,250726,250726
23356833,250726,250726
23586833,250726,250726
23816833,250726,250726
24046833,250726,252144
24276833,250726,250726
24506833,250726,250726
24736833,250726,250726
24966833,250726,250726
25196833,250726,250726
25426833,250726,250726
25656833,250726,250726
25886833,250726,250726
26116833,250726,250726
26346833,250726,250726
26576833,250726,250726
26806833,250726,250726
27036833,250726,250726
27266833,250726,250726
27496833,250726,250726
27726833,250726,250726
27956833,250726,250726
28186833,250726,250726
28416833,250726,250726
28646833,250726,250726
28876833,250726,250726
29106833,250726,250726
29336833,250726,250726
29566833,250726,250726
29796833,250726,250726
30026833,250726,250726
30256833,250726,250726
30486833,250726,250726
30716833,250726,250726
30946833,250726,250726
31176833,250726,250726
31406833,250726,250726
31636833,250726,250726
31866833,250726,250726
32096833,250726,250726
32326833,250726,250726
32556833,250726,250726
32786833,250726,250726
33016833,250726,250726
33246833,250726,250726
33476833,250726,250726
33706833,250726,250726
33936833,250726,250726
34166833,250726,250726
34396833,250726,250726
34626833,250726,250726
34856833,250726,250726
35086833,250726,250726
35316833,250726,250726
35546833,250726,250726
35776833,250726,250726
36006833,250726,250726
36236833,250726,250726
36466833,250726,250726
36696833,250726,250726
36926833,250726,250726
37156833,250726,250726
37386833,250726,250726
37616833,250726,250726
37846833,250726,250726
38076833,250726,250726
38306833,250726,250726
38536833,250726,250726
38766833,250726,250726
38996833,250726,250726
39226833,250726,250726
39456833,250726,250726
39686833,250726,250726
39916833,250726,250726
40146833,250726,250726
40376833,250726,250726
40606833,250726,250726
40836833,250726,250726
41066833,250726,250726
41296833,250726,250726
41526833,250726,250726
41756833,250726,250726
41986833,250726,250726
42216833,250726,250726
42446833,250726,250726
42676833,250726,250726
42906833,250726,250726
43136833,250726,250726
43366833,250726,250726
43596833,250726,250726
43826833,250726,250726
44056833,250726,250726
44286833,250726,250726
44516833,250726,250726
44746833,250726,250726
44976833,250726,250726
45206833,250726,250726
45436833,250726,250726
45666833,250726,250726
45896833,250726,250726
46126833,250726,250726
46356833,250726,250726
46586833,249308,250726
46816833,250726,250726
47046833,250726,250726
47276833,250726,250726
47506833,250726,250726
47736833,250726,250726
47966833,250726,250726
48196833,250726,250726
48426833,250726,250726
48656833,250726,250726
48886833,250726,250726
49116833,250726,250726
49346833,250726,250726
49576833,250726,250726
49806833,250726,250726
50036833,250726,250726
50266833,250726,250726
50496833,250726,250726
50726833,250726,250726
50956833,250726,250726
51186833,250726,250726
51416833,250726,250726
51646833,250726,250726
51876833,250726,250726
52106833,250726,250726
52336833,249308,250726
52566833,250726,250726
52798833,250726,250726
53029833,250726,250726
53260833,250726,250726
53491833,250726,250726
53722833,250726,250726
53953833,250726,250726
54184833,249308,250726
54415833,247890,250726
54645833,249308,250726
54880833,250726,250726
55114833,250726,250726
55347833,250726,250726
55580833,250726,250726
55812833,250726,250726
56044833,250726,250726
56276833,250726,250726
56508833,250726,250726
56739833,250726,250726
56970833,250726,250726
57201833,250726,250726
57432833,250726,250726
57663833,250726,250726
57894833,250726,250726
58124833,250726,250726
58354833,250726,250726
58584833,250726,250726
58814833,250726,250726
59044833,250726,250726
59274833,250726,250726
59504833,250726,250726
59734833,250726,250726
59964833,250726,250726
