timestamp,unAck0,unAck1
611833,5672,5672
611833,5672,5672
829833,1418,5672
1052833,1418,1418
1276833,1418,1418
1500833,1418,1418
1725833,1418,1418
1951833,1418,1418
2177833,1418,1418
2404833,1418,1418
2631833,1418,1418
2858833,1418,1418
3086833,1418,1418
3314833,1418,1418
3542833,1418,1418
3771833,1418,1418
4000833,1418,1418
4229833,1418,1418
4458833,1418,1418
4687833,1418,1418
4916833,1418,1418
5145833,1418,1418
5374833,1418,1418
5603833,1418,1418
5832833,1418,1418
6062833,1418,1418
6292833,1418,1418
6522833,1418,1418
6752833,1418,1418
6982833,1418,1418
7212833,1418,1418
7442833,1418,1418
7672833,2836,1418
7902833,2836,1418
8133833,2836,1418
8364833,2836,1418
8595833,1418,1418
8825833,2836,1418
9055833,2836,1418
9287833,2836,1418
9519833,1418,1418
9750833,2836,1418
9981833,1418,1418
10214833,2836,1418
10447833,2836,1418
10681833,2836,1418
10914833,2836,1418
11146833,2836,1418
11378833,2836,1418
11609833,1418,1418
11840833,1418,1418
12071833,1418,1418
12302833,1418,1418
12533833,1418,1418
12763833,1418,1418
12993833,1418,1418
13223833,1418,1418
13453833,1418,1418
13683833,1418,1418
13913833,1418,1418
14143833,0,1418
14373833,1418,1418
14603833,1418,1418
14833833,1418,1418
15063833,2836,1418
15293833,1418,1418
15525833,1418,1418
15757833,1418,1418
15989833,1418,1418
16220833,1418,1418
16451833,1418,1418
16682833,1418,1418
16913833,1418,1418
17144833,1418,1418
17375833,1418,1418
17606833,1418,1418
17836833,1418,1418
18066833,1418,1418
18296833,1418,1418
18526833,1418,1418
18756833,1418,1418
18986833,1418,1418
19216833,1418,1418
19446833,1418,1418
19676833,1418,1418
19906833,1418,1418
20136833,1418,1418
20366833,1418,1418
20596833,1418,1418
20826833,1418,1418
21056833,1418,1418
21286833,1418,1418
21516833,1418,1418
21746833,1418,1418
21976833,1418,1418
22206833,1418,1418
22436833,1418,1418
22666833,1418,1418
22896833,1418,1418
23126833,1418,1418
23356833,1418,1418
23586833,1418,1418
23816833,1418,1418
24046833,1418,0
24276833,1418,1418
24506833,1418,1418
24736833,1418,1418
24966833,1418,1418
25196833,1418,1418
25426833,1418,1418
25656833,1418,1418
25886833,1418,1418
26116833,1418,1418
26346833,1418,1418
26576833,1418,1418
26806833,1418,1418
27036833,1418,1418
27266833,1418,1418
27496833,1418,1418
27726833,1418,1418
27956833,1418,1418
28186833,1418,1418
28416833,1418,1418
28646833,1418,1418
28876833,1418,1418
29106833,1418,1418
29336833,1418,1418
29566833,1418,1418
29796833,1418,1418
30026833,1418,1418
30256833,1418,1418
30486833,1418,1418
30716833,1418,1418
30946833,1418,1418
31176833,1418,1418
31406833,1418,1418
31636833,1418,1418
31866833,1418,1418
32096833,1418,1418
32326833,1418,1418
32556833,1418,1418
32786833,1418,1418
33016833,1418,1418
33246833,1418,1418
33476833,1418,1418
33706833,1418,1418
33936833,1418,1418
34166833,1418,1418
34396833,1418,1418
34626833,1418,1418
34856833,1418,1418
35086833,1418,1418
35316833,1418,1418
35546833,1418,1418
35776833,1418,1418
36006833,1418,1418
36236833,1418,1418
36466833,1418,1418
36696833,1418,1418
36926833,1418,1418
37156833,1418,1418
37386833,1418,1418
37616833,1418,1418
37846833,1418,1418
38076833,1418,1418
38306833,1418,1418
38536833,1418,1418
38766833,1418,1418
38996833,1418,1418
39226833,1418,1418
39456833,1418,1418
39686833,1418,1418
39916833,1418,1418
40146833,1418,1418
40376833,1418,1418
40606833,1418,1418
40836833,1418,1418
41066833,1418,1418
41296833,1418,1418
41526833,1418,1418
41756833,1418,1418
41986833,1418,1418
42216833,1418,1418
42446833,1418,1418
42676833,1418,1418
42906833,1418,1418
43136833,1418,1418
43366833,1418,1418
43596833,1418,1418
43826833,1418,1418
44056833,1418,1418
44286833,1418,1418
44516833,1418,1418
44746833,1418,1418
44976833,1418,1418
45206833,1418,1418
45436833,1418,1418
45666833,1418,1418
45896833,1418,1418
46126833,1418,1418
46356833,1418,1418
46586833,2836,1418
46816833,1418,1418
47046833,1418,1418
47276833,1418,1418
47506833,1418,1418
47736833,1418,1418
47966833,1418,1418
48196833,1418,1418
48426833,1418,1418
48656833,1418,1418
48886833,1418,1418
49116833,1418,1418
49346833,1418,1418
49576833,1418,1418
49806833,1418,1418
50036833,1418,1418
50266833,1418,1418
50496833,1418,1418
50726833,1418,1418
50956833,1418,1418
51186833,1418,1418
51416833,1418,1418
51646833,1418,1418
51876833,1418,1418
52106833,1418,1418
52336833,2836,1418
52566833,1418,1418
52798833,1418,1418
53029833,1418,1418
53260833,1418,1418
53491833,1418,1418
53722833,1418,1418
53953833,1418,1418
54184833,2836,1418
54415833,4254,1418
54645833,2836,1418
54880833,1418,1418
55114833,1418,1418
55347833,1418,1418
55580833,1418,1418
55812833,1418,1418
56044833,1418,1418
56276833,1418,1418
56508833,1418,1418
56739833,1418,1418
56970833,1418,1418
57201833,1418,1418
57432833,1418,1418
57663833,1418,1418
57894833,1418,1418
58124833,1418,1418
58354833,1418,1418
58584833,1418,1418
58814833,1418,1418
59044833,1418,1418
59274833,1418,1418
59504833,1418,1418
59734833,1418,1418
59964833,1418,1418
