timestamp,rWnd0,rWnd1
611833,1073725440,1073725440
611833,1073725440,1073725440
829833,1073725440,1073725440
1052833,1073725440,1073725440
1276833,1073725440,1073725440
1500833,1073725440,1073725440
1725833,1073725440,1073725440
1951833,1073725440,1073725440
2177833,1073725440,1073725440
2404833,1073725440,1073725440
2631833,1073725440,1073725440
2858833,1073725440,1073725440
3086833,1073725440,1073725440
3314833,1073725440,1073725440
3542833,1073725440,1073725440
3771833,1073725440,1073725440
4000833,1073725440,1073725440
4229833,1073725440,1073725440
4458833,1073725440,1073725440
4687833,1073725440,1073725440
4916833,1073725440,1073725440
5145833,1073725440,1073725440
5374833,1073725440,1073725440
5603833,1073725440,1073725440
5832833,1073725440,1073725440
6062833,1073725440,1073725440
6292833,1073725440,1073725440
6522833,1073725440,1073725440
6752833,1073725440,1073725440
6982833,1073725440,1073725440
7212833,1073725440,1073725440
7442833,1073725440,1073725440
7672833,1073725440,1073725440
7902833,1073725440,1073725440
8133833,1073725440,1073725440
8364833,1073725440,1073725440
8595833,1073725440,1073725440
8825833,1073725440,1073725440
9055833,1073725440,1073725440
9287833,1073725440,1073725440
9519833,1073725440,1073725440
9750833,1073725440,1073725440
9981833,1073725440,1073725440
10214833,1073725440,1073725440
10447833,1073725440,1073725440
10681833,1073725440,1073725440
10914833,1073725440,1073725440
11146833,1073725440,1073725440
11378833,1073725440,1073725440
11609833,1073725440,1073725440
11840833,1073725440,1073725440
12071833,1073725440,1073725440
12302833,1073725440,1073725440
12533833,1073725440,1073725440
12763833,1073725440,1073725440
12993833,1073725440,1073725440
13223833,1073725440,1073725440
13453833,1073725440,1073725440
13683833,1073725440,1073725440
13913833,1073725440,1073725440
14143833,1073725440,1073725440
14373833,1073725440,1073725440
14603833,1073725440,1073725440
14833833,1073725440,1073725440
15063833,1073725440,1073725440
15293833,1073725440,1073725440
15525833,1073725440,1073725440
15757833,1073725440,1073725440
15989833,1073725440,1073725440
16220833,1073725440,1073725440
16451833,1073725440,1073725440
16682833,1073725440,1073725440
16913833,1073725440,1073725440
17144833,1073725440,1073725440
17375833,1073725440,1073725440
17606833,1073725440,1073725440
17836833,1073725440,1073725440
18066833,1073725440,1073725440
18296833,1073725440,1073725440
18526833,1073725440,1073725440
18756833,1073725440,1073725440
18986833,1073725440,1073725440
19216833,1073725440,1073725440
19446833,1073725440,1073725440
19676833,1073725440,1073725440
19906833,1073725440,1073725440
20136833,1073725440,1073725440
20366833,1073725440,1073725440
20596833,1073725440,1073725440
20826833,1073725440,1073725440
21056833,1073725440,1073725440
21286833,1073725440,1073725440
21516833,1073725440,1073725440
21746833,1073725440,1073725440
21976833,1073725440,1073725440
22206833,1073725440,1073725440
22436833,1073725440,1073725440
22666833,1073725440,1073725440
22896833,1073725440,1073725440
23126833,1073725440,1073725440
23356833,1073725440,1073725440
23586833,1073725440,1073725440
23816833,1073725440,1073725440
24046833,1073725440,1073725440
24276833,1073725440,1073725440
24506833,1073725440,1073725440
24736833,1073725440,1073725440
24966833,1073725440,1073725440
25196833,1073725440,1073725440
25426833,1073725440,1073725440
25656833,1073725440,1073725440
25886833,1073725440,1073725440
26116833,1073725440,1073725440
26346833,1073725440,1073725440
26576833,1073725440,1073725440
26806833,1073725440,1073725440
27036833,1073725440,1073725440
27266833,1073725440,1073725440
27496833,1073725440,1073725440
27726833,1073725440,1073725440
27956833,1073725440,1073725440
28186833,1073725440,1073725440
28416833,1073725440,1073725440
28646833,1073725440,1073725440
28876833,1073725440,1073725440
29106833,1073725440,1073725440
29336833,1073725440,1073725440
29566833,1073725440,1073725440
29796833,1073725440,1073725440
30026833,1073725440,1073725440
30256833,1073725440,1073725440
30486833,1073725440,1073725440
30716833,1073725440,1073725440
30946833,1073725440,1073725440
31176833,1073725440,1073725440
31406833,1073725440,1073725440
31636833,1073725440,1073725440
31866833,1073725440,1073725440
32096833,1073725440,1073725440
32326833,1073725440,1073725440
32556833,1073725440,1073725440
32786833,1073725440,1073725440
33016833,1073725440,1073725440
33246833,1073725440,1073725440
33476833,1073725440,1073725440
33706833,1073725440,1073725440
33936833,1073725440,1073725440
34166833,1073725440,1073725440
34396833,1073725440,1073725440
34626833,1073725440,1073725440
34856833,1073725440,1073725440
35086833,1073725440,1073725440
35316833,1073725440,1073725440
35546833,1073725440,1073725440
35776833,1073725440,1073725440
36006833,1073725440,1073725440
36236833,1073725440,1073725440
36466833,1073725440,1073725440
36696833,1073725440,1073725440
36926833,1073725440,1073725440
37156833,1073725440,1073725440
37386833,1073725440,1073725440
37616833,1073725440,1073725440
37846833,1073725440,1073725440
38076833,1073725440,1073725440
38306833,1073725440,1073725440
38536833,1073725440,1073725440
38766833,1073725440,1073725440
38996833,1073725440,1073725440
39226833,1073725440,1073725440
39456833,1073725440,1073725440
39686833,1073725440,1073725440
39916833,1073725440,1073725440
40146833,1073725440,1073725440
40376833,1073725440,1073725440
40606833,1073725440,1073725440
40836833,1073725440,1073725440
41066833,1073725440,1073725440
41296833,1073725440,1073725440
41526833,1073725440,1073725440
41756833,1073725440,1073725440
41986833,1073725440,1073725440
42216833,1073725440,1073725440
42446833,1073725440,1073725440
42676833,1073725440,1073725440
42906833,1073725440,1073725440
43136833,1073725440,1073725440
43366833,1073725440,1073725440
43596833,1073725440,1073725440
43826833,1073725440,1073725440
44056833,1073725440,1073725440
44286833,1073725440,1073725440
44516833,1073725440,1073725440
44746833,1073725440,1073725440
44976833,1073725440,1073725440
45206833,1073725440,1073725440
45436833,1073725440,1073725440
45666833,1073725440,1073725440
45896833,1073725440,1073725440
46126833,1073725440,1073725440
46356833,1073725440,1073725440
46586833,1073725440,1073725440
46816833,1073725440,1073725440
47046833,1073725440,1073725440
47276833,1073725440,1073725440
47506833,1073725440,1073725440
47736833,1073725440,1073725440
47966833,1073725440,1073725440
48196833,1073725440,1073725440
48426833,1073725440,1073725440
48656833,1073725440,1073725440
48886833,1073725440,1073725440
49116833,1073725440,1073725440
49346833,1073725440,1073725440
49576833,1073725440,1073725440
49806833,1073725440,1073725440
50036833,1073725440,1073725440
50266833,1073725440,1073725440
50496833,1073725440,1073725440
50726833,1073725440,1073725440
50956833,1073725440,1073725440
51186833,1073725440,1073725440
51416833,1073725440,1073725440
51646833,1073725440,1073725440
51876833,1073725440,1073725440
52106833,1073725440,1073725440
52336833,1073725440,1073725440
52566833,1073725440,1073725440
52798833,1073725440,1073725440
53029833,1073725440,1073725440
53260833,1073725440,1073725440
53491833,1073725440,1073725440
53722833,1073725440,1073725440
53953833,1073725440,1073725440
54184833,1073725440,1073725440
54415833,1073725440,1073725440
54645833,1073725440,1073725440
54880833,1073725440,1073725440
55114833,1073725440,1073725440
55347833,1073725440,1073725440
55580833,1073725440,1073725440
55812833,1073725440,1073725440
56044833,1073725440,1073725440
56276833,1073725440,1073725440
56508833,1073725440,1073725440
56739833,1073725440,1073725440
56970833,1073725440,1073725440
57201833,1073725440,1073725440
57432833,1073725440,1073725440
57663833,1073725440,1073725440
57894833,1073725440,1073725440
58124833,1073725440,1073725440
58354833,1073725440,1073725440
58584833,1073725440,1073725440
58814833,1073725440,1073725440
59044833,1073725440,1073725440
59274833,1073725440,1073725440
59504833,1073725440,1073725440
59734833,1073725440,1073725440
59964833,1073725440,1073725440
