timestamp,rtt0,rtt1
611833,218,184
611833,218,184
829833,223,184
1052833,224,219
1276833,224,221
1500833,225,222
1725833,226,223
1951833,226,224
2177833,227,225
2404833,227,225
2631833,227,226
2858833,228,226
3086833,228,227
3314833,228,227
3542833,229,227
3771833,229,228
4000833,229,228
4229833,229,228
4458833,229,228
4687833,229,229
4916833,229,229
5145833,229,229
5374833,229,229
5603833,229,229
5832833,230,229
6062833,230,229
6292833,230,229
6522833,230,229
6752833,230,229
6982833,230,229
7212833,230,230
7442833,230,230
7672833,230,230
7902833,231,230
8133833,231,230
8364833,231,230
8595833,230,230
8825833,230,230
9055833,232,230
9287833,232,230
9519833,231,230
9750833,231,230
9981833,233,230
10214833,233,230
10447833,234,230
10681833,233,230
10914833,232,230
11146833,232,230
11378833,231,230
11609833,231,230
11840833,231,230
12071833,231,230
12302833,231,230
12533833,230,230
12763833,230,230
12993833,230,230
13223833,230,230
13453833,230,230
13683833,230,230
13913833,230,230
14143833,230,230
14373833,230,230
14603833,230,230
14833833,230,230
15063833,230,230
15293833,232,230
15525833,232,230
15757833,232,230
15989833,231,230
16220833,231,230
16451833,231,230
16682833,231,230
16913833,231,230
17144833,231,230
17375833,231,230
17606833,230,230
17836833,230,230
18066833,230,230
18296833,230,230
18526833,230,230
18756833,230,230
18986833,230,230
19216833,230,230
19446833,230,230
19676833,230,230
19906833,230,230
20136833,230,230
20366833,230,230
20596833,230,230
20826833,230,230
21056833,230,230
21286833,230,230
21516833,230,230
21746833,230,230
21976833,230,230
22206833,230,230
22436833,230,230
22666833,230,230
22896833,230,230
23126833,230,230
23356833,230,230
23586833,230,230
23816833,230,230
24046833,230,230
24276833,230,230
24506833,230,230
24736833,230,230
24966833,230,230
25196833,230,230
25426833,230,230
25656833,230,230
25886833,230,230
26116833,230,230
26346833,230,230
26576833,230,230
26806833,230,230
27036833,230,230
27266833,230,230
27496833,230,230
27726833,230,230
27956833,230,230
28186833,230,230
28416833,230,230
28646833,230,230
28876833,230,230
29106833,230,230
29336833,230,230
29566833,230,230
29796833,230,230
30026833,230,230
30256833,230,230
30486833,230,230
30716833,230,230
30946833,230,230
31176833,230,230
31406833,230,230
31636833,230,230
31866833,230,230
32096833,230,230
32326833,230,230
32556833,230,230
32786833,230,230
33016833,230,230
33246833,230,230
33476833,230,230
33706833,230,230
33936833,230,230
34166833,230,230
34396833,230,230
34626833,230,230
34856833,230,230
35086833,230,230
35316833,230,230
35546833,230,230
35776833,230,230
36006833,230,230
36236833,230,230
36466833,230,230
36696833,230,230
36926833,230,230
37156833,230,230
37386833,230,230
37616833,230,230
37846833,230,230
38076833,230,230
38306833,230,230
38536833,230,230
38766833,230,230
38996833,230,230
39226833,230,230
39456833,230,230
39686833,230,230
39916833,230,230
40146833,230,230
40376833,230,230
40606833,230,230
40836833,230,230
41066833,230,230
41296833,230,230
41526833,230,230
41756833,230,230
41986833,230,230
42216833,230,230
42446833,230,230
42676833,230,230
42906833,230,230
43136833,230,230
43366833,230,230
43596833,230,230
43826833,230,230
44056833,230,230
44286833,230,230
44516833,230,230
44746833,230,230
44976833,230,230
45206833,230,230
45436833,230,230
45666833,230,230
45896833,230,230
46126833,230,230
46356833,230,230
46586833,230,230
46816833,230,230
47046833,230,230
47276833,230,230
47506833,230,230
47736833,230,230
47966833,230,230
48196833,230,230
48426833,230,230
48656833,230,230
48886833,230,230
49116833,230,230
49346833,230,230
49576833,230,230
49806833,230,230
50036833,230,230
50266833,230,230
50496833,230,230
50726833,230,230
50956833,230,230
51186833,230,230
51416833,230,230
51646833,230,230
51876833,230,230
52106833,230,230
52336833,230,230
52566833,232,230
52798833,231,230
53029833,231,230
53260833,231,230
53491833,231,230
53722833,231,230
53953833,231,230
54184833,231,230
54415833,230,230
54645833,235,230
54880833,234,230
55114833,233,230
55347833,233,230
55580833,232,230
55812833,232,230
56044833,232,230
56276833,232,230
56508833,231,230
56739833,231,230
56970833,231,230
57201833,231,230
57432833,231,230
57663833,231,230
57894833,230,230
58124833,230,230
58354833,230,230
58584833,230,230
58814833,230,230
59044833,230,230
59274833,230,230
59504833,230,230
59734833,230,230
59964833,230,230
