timestamp,cWnd0,cWnd1
611833,5672,5672
611833,2461,1500
829833,2461,1500
1052833,1841,1500
1276833,2185,1500
1500833,1697,1500
1725833,1899,1500
1951833,2815,1500
2177833,2130,1500
2404833,2509,1500
2631833,1535,1500
2858833,1500,1500
3086833,1608,1500
3314833,1500,1500
3542833,1679,1500
3771833,1756,1500
4000833,1500,1500
4229833,1500,1500
4458833,1500,1500
4687833,1500,1500
4916833,1500,1500
5145833,1500,1500
5374833,1628,1500
5603833,2462,1500
5832833,1670,1500
6062833,1856,1500
6292833,1634,1500
6522833,2053,1500
6752833,1547,1500
6982833,1500,1500
7212833,1500,1500
7442833,1500,1500
7672833,1500,1500
7902833,1500,1500
8132833,1500,1500
8362833,1500,1500
8592833,1500,1500
8822833,1500,1500
9052833,1500,1500
9282833,1500,1500
9512833,1500,1500
9742833,1500,1500
9972833,1500,1500
10202833,1500,1500
10432833,1500,1500
10662833,1500,1500
10892833,1500,1500
11122833,1500,1500
11352833,1531,1500
11582833,2786,1500
11812833,2906,1500
12042833,2800,1500
12273833,2751,1500
12504833,1500,1500
12734833,1500,1500
12964833,1500,1500
13194833,1500,1500
13424833,1500,1500
13654833,1500,1500
13884833,1500,1500
14114833,1500,1500
14344833,1500,1500
14574833,1742,1500
14804833,1588,1500
15034833,1841,1500
15264833,1500,1500
15494833,1764,1500
15724833,1510,1500
15954833,1500,1500
16184833,1570,1500
16414833,1558,1500
16644833,1500,1500
16874833,1617,1500
17104833,2674,1500
17334833,1855,1500
17564833,1954,1500
17794833,1981,1500
18024833,1500,1500
18254833,1500,1500
18484833,1819,1500
18714833,1661,1500
18944833,1636,1500
19174833,1500,1500
19404833,1500,1500
19634833,1500,1500
19864833,1500,1500
20094833,1500,1500
20324833,1500,1500
20554833,1500,1500
20784833,1500,1500
21014833,1500,1500
21244833,1500,1500
21474833,1500,1500
21704833,1500,1500
21934833,1500,1500
22164833,1500,1500
22394833,1500,1500
22624833,1855,1500
22854833,1823,1500
23084833,2701,1500
23314833,2577,1500
23544833,2185,1500
23774833,1500,1500
24004833,1793,1500
24234833,1742,1500
24464833,2223,1500
24694833,2193,1500
24924833,1897,1500
25154833,1673,1500
25384833,1632,1500
25614833,1927,1500
25844833,1523,1500
26074833,1500,1500
26304833,1500,1500
26534833,1500,1500
26764833,1500,1500
26994833,1500,1500
27224833,1500,1500
27454833,1500,1500
27684833,1500,1500
27914833,1500,1500
28144833,1500,1500
28374833,1500,1500
28604833,1500,1500
28834833,1500,1500
29064833,1500,1500
29294833,1500,1500
29524833,1500,1500
29754833,1500,1500
29984833,1500,1500
30214833,1500,1500
30444833,1500,1500
30674833,1943,1500
30904833,1500,1500
31134833,1500,1500
31364833,1500,1500
31594833,1500,1500
31824833,1500,1500
32054833,1500,1500
32284833,1611,1500
32514833,1739,1500
32744833,1662,1500
32974833,2007,1500
33204833,2160,1500
33434833,1778,1500
33664833,1724,1500
33894833,2169,1500
34124833,2672,1500
34354833,2941,1500
34584833,2681,1500
34814833,1745,1500
35044833,1500,1500
35274833,1500,1500
35504833,1500,1500
35734833,1500,1500
35964833,1795,1500
36194833,2442,1500
36424833,2587,1500
36654833,2032,1500
36884833,2432,1500
37114833,2836,1500
37344833,4004,1500
37574833,3728,1500
37804833,2747,1500
38034833,2414,1500
38264833,3749,1500
38494833,4160,1500
38724833,5820,1500
38954833,5305,1500
39191833,4679,1500
39426833,2660,1500
39659833,4185,1500
39891833,2730,1500
40123833,1612,1500
40354833,1640,1500
40585833,1748,1500
40816833,1768,1500
41047833,1592,1500
41278833,1855,1500
41509833,1953,1500
41740833,1500,1500
41970833,1500,1500
42200833,1500,1500
42430833,1500,1500
42660833,1669,1500
42890833,1854,1500
43120833,1828,1500
43350833,2474,1500
43580833,4201,1500
43810833,4642,1500
44042833,2474,1500
44278833,2259,1500
44514833,1512,1500
44749833,1500,1500
44983833,1500,1500
45217833,1500,1500
45450833,1500,1500
45683833,1500,1500
45915833,1500,1500
46147833,1500,1500
46379833,1500,1500
46610833,1500,1500
46841833,1500,1500
47072833,1500,1500
47303833,1560,1500
47534833,1500,1500
47765833,1500,1500
47996833,1500,1500
48226833,1500,1500
48456833,1500,1500
48686833,1500,1500
48916833,1500,1500
49146833,1885,1500
49376833,1500,1500
49606833,1506,1500
49836833,1500,1500
50066833,1500,1500
50296833,1500,1500
50526833,1500,1500
50756833,1500,1500
50986833,1500,1500
51216833,1875,1500
51446833,1500,1500
51676833,1500,1500
51906833,1500,1500
52136833,1500,1500
52366833,1500,1500
52596833,1500,1500
52826833,1599,1500
53056833,1585,1500
53286833,1526,1500
53516833,1500,1500
53746833,1590,1500
53976833,1979,1500
54206833,2454,1500
54436833,2019,1500
54666833,2393,1500
54896833,2677,1500
55126833,2346,1500
55356833,2178,1500
55586833,2202,1500
55816833,1500,1500
56046833,1500,1500
56276833,1500,1500
56506833,1809,1500
56736833,2717,1500
56966833,2942,1500
57196833,1784,1500
57426833,1500,1500
57656833,1500,1500
57886833,1500,1500
58116833,1500,1500
58346833,1500,1500
58576833,1500,1500
58806833,1689,1500
59036833,1516,1500
59266833,2009,1500
59496833,2455,1500
59726833,1682,1500
59956833,1500,1500
