timestamp,rtt0,rtt1
611833,218,184
611833,218,184
829833,223,184
1052833,224,219
1276833,224,221
1500833,225,222
1725833,226,223
1951833,226,224
2177833,227,225
2404833,227,225
2631833,227,226
2858833,228,226
3086833,228,227
3314833,228,227
3542833,229,227
3771833,229,228
4000833,229,228
4229833,229,228
4458833,229,228
4687833,229,229
4916833,229,229
5145833,229,229
5374833,229,229
5603833,229,229
5832833,230,229
6062833,230,229
6292833,230,229
6522833,230,229
6752833,230,229
6982833,230,229
7212833,230,230
7442833,230,230
7672833,230,230
7902833,230,230
8132833,230,230
8362833,230,230
8592833,230,230
8822833,230,230
9052833,230,230
9282833,230,230
9512833,230,230
9742833,230,230
9972833,230,230
10202833,230,230
10432833,230,230
10662833,230,230
10892833,230,230
11122833,230,230
11352833,230,230
11582833,230,230
11812833,230,230
12042833,231,230
12273833,231,230
12504833,230,230
12734833,230,230
12964833,230,230
13194833,230,230
13424833,230,230
13654833,230,230
13884833,230,230
14114833,230,230
14344833,230,230
14574833,230,230
14804833,230,230
15034833,230,230
15264833,230,230
15494833,230,230
15724833,230,230
15954833,230,230
16184833,230,230
16414833,230,230
16644833,230,230
16874833,230,230
17104833,230,230
17334833,230,230
17564833,230,230
17794833,230,230
18024833,230,230
18254833,230,230
18484833,230,230
18714833,230,230
18944833,230,230
19174833,230,230
19404833,230,230
19634833,230,230
19864833,230,230
20094833,230,230
20324833,230,230
20554833,230,230
20784833,230,230
21014833,230,230
21244833,230,230
21474833,230,230
21704833,230,230
21934833,230,230
22164833,230,230
22394833,230,230
22624833,230,230
22854833,230,230
23084833,230,230
23314833,230,230
23544833,230,230
23774833,230,230
24004833,230,230
24234833,230,230
24464833,230,230
24694833,230,230
24924833,230,230
25154833,230,230
25384833,230,230
25614833,230,230
25844833,230,230
26074833,230,230
26304833,230,230
26534833,230,230
26764833,230,230
26994833,230,230
27224833,230,230
27454833,230,230
27684833,230,230
27914833,230,230
28144833,230,230
28374833,230,230
28604833,230,230
28834833,230,230
29064833,230,230
29294833,230,230
29524833,230,230
29754833,230,230
29984833,230,230
30214833,230,230
30444833,230,230
30674833,230,230
30904833,230,230
31134833,230,230
31364833,230,230
31594833,230,230
31824833,230,230
32054833,230,230
32284833,230,230
32514833,230,230
32744833,230,230
32974833,230,230
33204833,230,230
33434833,230,230
33664833,230,230
33894833,230,230
34124833,230,230
34354833,230,230
34584833,230,230
34814833,230,230
35044833,230,230
35274833,230,230
35504833,230,230
35734833,230,230
35964833,230,230
36194833,230,230
36424833,230,230
36654833,230,230
36884833,230,230
37114833,230,230
37344833,230,230
37574833,230,230
37804833,230,230
38034833,230,230
38264833,230,230
38494833,230,230
38724833,230,230
38954833,237,230
39191833,235,230
39426833,233,230
39659833,232,230
39891833,232,230
40123833,231,230
40354833,231,230
40585833,231,230
40816833,231,230
41047833,231,230
41278833,231,230
41509833,231,230
41740833,230,230
41970833,230,230
42200833,230,230
42430833,230,230
42660833,230,230
42890833,230,230
43120833,230,230
43350833,230,230
43580833,230,230
43810833,232,230
44042833,236,230
44278833,236,230
44514833,235,230
44749833,234,230
44983833,234,230
45217833,233,230
45450833,233,230
45683833,232,230
45915833,232,230
46147833,232,230
46379833,231,230
46610833,231,230
46841833,231,230
47072833,231,230
47303833,231,230
47534833,231,230
47765833,231,230
47996833,230,230
48226833,230,230
48456833,230,230
48686833,230,230
48916833,230,230
49146833,230,230
49376833,230,230
49606833,230,230
49836833,230,230
50066833,230,230
50296833,230,230
50526833,230,230
50756833,230,230
50986833,230,230
51216833,230,230
51446833,230,230
51676833,230,230
51906833,230,230
52136833,230,230
52366833,230,230
52596833,230,230
52826833,230,230
53056833,230,230
53286833,230,230
53516833,230,230
53746833,230,230
53976833,230,230
54206833,230,230
54436833,230,230
54666833,230,230
54896833,230,230
55126833,230,230
55356833,230,230
55586833,230,230
55816833,230,230
56046833,230,230
56276833,230,230
56506833,230,230
56736833,230,230
56966833,230,230
57196833,230,230
57426833,230,230
57656833,230,230
57886833,230,230
58116833,230,230
58346833,230,230
58576833,230,230
58806833,230,230
59036833,230,230
59266833,230,230
59496833,230,230
59726833,230,230
59956833,230,230
