timestamp,rWnd0,rWnd1
611833,1073725440,1073725440
611833,1073725440,1073725440
829833,1073725440,1073725440
1052833,1073725440,1073725440
1276833,1073725440,1073725440
1500833,1073725440,1073725440
1725833,1073725440,1073725440
1951833,1073725440,1073725440
2177833,1073725440,1073725440
2404833,1073725440,1073725440
2631833,1073725440,1073725440
2858833,1073725440,1073725440
3086833,1073725440,1073725440
3314833,1073725440,1073725440
3542833,1073725440,1073725440
3771833,1073725440,1073725440
4000833,1073725440,1073725440
4229833,1073725440,1073725440
4458833,1073725440,1073725440
4687833,1073725440,1073725440
4916833,1073725440,1073725440
5145833,1073725440,1073725440
5374833,1073725440,1073725440
5603833,1073725440,1073725440
5832833,1073725440,1073725440
6062833,1073725440,1073725440
6292833,1073725440,1073725440
6522833,1073725440,1073725440
6752833,1073725440,1073725440
6982833,1073725440,1073725440
7212833,1073725440,1073725440
7442833,1073725440,1073725440
7672833,1073725440,1073725440
7902833,1073725440,1073725440
8132833,1073725440,1073725440
8362833,1073725440,1073725440
8592833,1073725440,1073725440
8822833,1073725440,1073725440
9052833,1073725440,1073725440
9282833,1073725440,1073725440
9512833,1073725440,1073725440
9742833,1073725440,1073725440
9972833,1073725440,1073725440
10202833,1073725440,1073725440
10432833,1073725440,1073725440
10662833,1073725440,1073725440
10892833,1073725440,1073725440
11122833,1073725440,1073725440
11352833,1073725440,1073725440
11582833,1073725440,1073725440
11812833,1073725440,1073725440
12042833,1073725440,1073725440
12273833,1073725440,1073725440
12504833,1073725440,1073725440
12734833,1073725440,1073725440
12964833,1073725440,1073725440
13194833,1073725440,1073725440
13424833,1073725440,1073725440
13654833,1073725440,1073725440
13884833,1073725440,1073725440
14114833,1073725440,1073725440
14344833,1073725440,1073725440
14574833,1073725440,1073725440
14804833,1073725440,1073725440
15034833,1073725440,1073725440
15264833,1073725440,1073725440
15494833,1073725440,1073725440
15724833,1073725440,1073725440
15954833,1073725440,1073725440
16184833,1073725440,1073725440
16414833,1073725440,1073725440
16644833,1073725440,1073725440
16874833,1073725440,1073725440
17104833,1073725440,1073725440
17334833,1073725440,1073725440
17564833,1073725440,1073725440
17794833,1073725440,1073725440
18024833,1073725440,1073725440
18254833,1073725440,1073725440
18484833,1073725440,1073725440
18714833,1073725440,1073725440
18944833,1073725440,1073725440
19174833,1073725440,1073725440
19404833,1073725440,1073725440
19634833,1073725440,1073725440
19864833,1073725440,1073725440
20094833,1073725440,1073725440
20324833,1073725440,1073725440
20554833,1073725440,1073725440
20784833,1073725440,1073725440
21014833,1073725440,1073725440
21244833,1073725440,1073725440
21474833,1073725440,1073725440
21704833,1073725440,1073725440
21934833,1073725440,1073725440
22164833,1073725440,1073725440
22394833,1073725440,1073725440
22624833,1073725440,1073725440
22854833,1073725440,1073725440
23084833,1073725440,1073725440
23314833,1073725440,1073725440
23544833,1073725440,1073725440
23774833,1073725440,1073725440
24004833,1073725440,1073725440
24234833,1073725440,1073725440
24464833,1073725440,1073725440
24694833,1073725440,1073725440
24924833,1073725440,1073725440
25154833,1073725440,1073725440
25384833,1073725440,1073725440
25614833,1073725440,1073725440
25844833,1073725440,1073725440
26074833,1073725440,1073725440
26304833,1073725440,1073725440
26534833,1073725440,1073725440
26764833,1073725440,1073725440
26994833,1073725440,1073725440
27224833,1073725440,1073725440
27454833,1073725440,1073725440
27684833,1073725440,1073725440
27914833,1073725440,1073725440
28144833,1073725440,1073725440
28374833,1073725440,1073725440
28604833,1073725440,1073725440
28834833,1073725440,1073725440
29064833,1073725440,1073725440
29294833,1073725440,1073725440
29524833,1073725440,1073725440
29754833,1073725440,1073725440
29984833,1073725440,1073725440
30214833,1073725440,1073725440
30444833,1073725440,1073725440
30674833,1073725440,1073725440
30904833,1073725440,1073725440
31134833,1073725440,1073725440
31364833,1073725440,1073725440
31594833,1073725440,1073725440
31824833,1073725440,1073725440
32054833,1073725440,1073725440
32284833,1073725440,1073725440
32514833,1073725440,1073725440
32744833,1073725440,1073725440
32974833,1073725440,1073725440
33204833,1073725440,1073725440
33434833,1073725440,1073725440
33664833,1073725440,1073725440
33894833,1073725440,1073725440
34124833,1073725440,1073725440
34354833,1073725440,1073725440
34584833,1073725440,1073725440
34814833,1073725440,1073725440
35044833,1073725440,1073725440
35274833,1073725440,1073725440
35504833,1073725440,1073725440
35734833,1073725440,1073725440
35964833,1073725440,1073725440
36194833,1073725440,1073725440
36424833,1073725440,1073725440
36654833,1073725440,1073725440
36884833,1073725440,1073725440
37114833,1073725440,1073725440
37344833,1073725440,1073725440
37574833,1073725440,1073725440
37804833,1073725440,1073725440
38034833,1073725440,1073725440
38264833,1073725440,1073725440
38494833,1073725440,1073725440
38724833,1073725440,1073725440
38954833,1073725440,1073725440
39191833,1073725440,1073725440
39426833,1073725440,1073725440
39659833,1073725440,1073725440
39891833,1073725440,1073725440
40123833,1073725440,1073725440
40354833,1073725440,1073725440
40585833,1073725440,1073725440
40816833,1073725440,1073725440
41047833,1073725440,1073725440
41278833,1073725440,1073725440
41509833,1073725440,1073725440
41740833,1073725440,1073725440
41970833,1073725440,1073725440
42200833,1073725440,1073725440
42430833,1073725440,1073725440
42660833,1073725440,1073725440
42890833,1073725440,1073725440
43120833,1073725440,1073725440
43350833,1073725440,1073725440
43580833,1073725440,1073725440
43810833,1073725440,1073725440
44042833,1073725440,1073725440
44278833,1073725440,1073725440
44514833,1073725440,1073725440
44749833,1073725440,1073725440
44983833,1073725440,1073725440
45217833,1073725440,1073725440
45450833,1073725440,1073725440
45683833,1073725440,1073725440
45915833,1073725440,1073725440
46147833,1073725440,1073725440
46379833,1073725440,1073725440
46610833,1073725440,1073725440
46841833,1073725440,1073725440
47072833,1073725440,1073725440
47303833,1073725440,1073725440
47534833,1073725440,1073725440
47765833,1073725440,1073725440
47996833,1073725440,1073725440
48226833,1073725440,1073725440
48456833,1073725440,1073725440
48686833,1073725440,1073725440
48916833,1073725440,1073725440
49146833,1073725440,1073725440
49376833,1073725440,1073725440
49606833,1073725440,1073725440
49836833,1073725440,1073725440
50066833,1073725440,1073725440
50296833,1073725440,1073725440
50526833,1073725440,1073725440
50756833,1073725440,1073725440
50986833,1073725440,1073725440
51216833,1073725440,1073725440
51446833,1073725440,1073725440
51676833,1073725440,1073725440
51906833,1073725440,1073725440
52136833,1073725440,1073725440
52366833,1073725440,1073725440
52596833,1073725440,1073725440
52826833,1073725440,1073725440
53056833,1073725440,1073725440
53286833,1073725440,1073725440
53516833,1073725440,1073725440
53746833,1073725440,1073725440
53976833,1073725440,1073725440
54206833,1073725440,1073725440
54436833,1073725440,1073725440
54666833,1073725440,1073725440
54896833,1073725440,1073725440
55126833,1073725440,1073725440
55356833,1073725440,1073725440
55586833,1073725440,1073725440
55816833,1073725440,1073725440
56046833,1073725440,1073725440
56276833,1073725440,1073725440
56506833,1073725440,1073725440
56736833,1073725440,1073725440
56966833,1073725440,1073725440
57196833,1073725440,1073725440
57426833,1073725440,1073725440
57656833,1073725440,1073725440
57886833,1073725440,1073725440
58116833,1073725440,1073725440
58346833,1073725440,1073725440
58576833,1073725440,1073725440
58806833,1073725440,1073725440
59036833,1073725440,1073725440
59266833,1073725440,1073725440
59496833,1073725440,1073725440
59726833,1073725440,1073725440
59956833,1073725440,1073725440
