timestamp,unAck0,unAck1
611833,5672,5672
611833,5672,5672
829833,1418,5672
1052833,1418,1418
1276833,1418,1418
1500833,1418,1418
1725833,1418,1418
1951833,1418,1418
2177833,1418,1418
2404833,1418,1418
2631833,1418,1418
2858833,1418,1418
3086833,1418,1418
3314833,1418,1418
3542833,1418,1418
3771833,1418,1418
4000833,1418,1418
4229833,1418,1418
4458833,1418,1418
4687833,1418,1418
4916833,1418,1418
5145833,1418,1418
5374833,1418,1418
5603833,1418,1418
5832833,1418,1418
6062833,1418,1418
6292833,1418,1418
6522833,1418,1418
6752833,1418,1418
6982833,1418,1418
7212833,1418,1418
7442833,1418,1418
7672833,1418,1418
7902833,1418,1418
8132833,1418,1418
8362833,1418,1418
8592833,1418,1418
8822833,1418,1418
9052833,0,1418
9282833,1418,1418
9512833,1418,1418
9742833,1418,1418
9972833,1418,1418
10202833,1418,1418
10432833,1418,1418
10662833,1418,1418
10892833,1418,1418
11122833,1418,1418
11352833,1418,1418
11582833,1418,1418
11812833,2836,1418
12042833,1418,1418
12273833,1418,1418
12504833,1418,1418
12734833,1418,1418
12964833,1418,1418
13194833,1418,1418
13424833,1418,1418
13654833,1418,1418
13884833,1418,1418
14114833,1418,1418
14344833,1418,1418
14574833,1418,1418
14804833,1418,1418
15034833,1418,1418
15264833,1418,1418
15494833,1418,1418
15724833,1418,1418
15954833,1418,1418
16184833,1418,1418
16414833,1418,1418
16644833,1418,1418
16874833,1418,1418
17104833,1418,0
17334833,1418,1418
17564833,1418,1418
17794833,1418,1418
18024833,1418,1418
18254833,1418,1418
18484833,1418,1418
18714833,1418,1418
18944833,1418,1418
19174833,1418,1418
19404833,1418,1418
19634833,1418,1418
19864833,1418,1418
20094833,1418,1418
20324833,1418,1418
20554833,1418,1418
20784833,1418,1418
21014833,1418,1418
21244833,1418,1418
21474833,1418,1418
21704833,1418,1418
21934833,1418,1418
22164833,1418,1418
22394833,1418,1418
22624833,1418,1418
22854833,1418,1418
23084833,1418,1418
23314833,1418,1418
23544833,1418,1418
23774833,1418,1418
24004833,1418,1418
24234833,1418,1418
24464833,1418,1418
24694833,1418,1418
24924833,1418,1418
25154833,1418,1418
25384833,1418,1418
25614833,1418,1418
25844833,1418,1418
26074833,1418,1418
26304833,1418,1418
26534833,1418,1418
26764833,1418,1418
26994833,1418,1418
27224833,1418,1418
27454833,1418,1418
27684833,1418,1418
27914833,1418,1418
28144833,1418,1418
28374833,1418,1418
28604833,1418,1418
28834833,1418,1418
29064833,1418,1418
29294833,1418,1418
29524833,1418,1418
29754833,1418,1418
29984833,1418,1418
30214833,1418,1418
30444833,1418,1418
30674833,1418,1418
30904833,1418,1418
31134833,1418,1418
31364833,1418,1418
31594833,1418,1418
31824833,1418,1418
32054833,1418,1418
32284833,1418,1418
32514833,1418,1418
32744833,1418,1418
32974833,1418,1418
33204833,1418,1418
33434833,1418,1418
33664833,1418,1418
33894833,1418,1418
34124833,1418,1418
34354833,2836,1418
34584833,1418,1418
34814833,1418,1418
35044833,1418,1418
35274833,1418,1418
35504833,1418,1418
35734833,1418,1418
35964833,1418,1418
36194833,1418,1418
36424833,1418,1418
36654833,1418,1418
36884833,1418,1418
37114833,2836,1418
37344833,2836,1418
37574833,2836,1418
37804833,1418,1418
38034833,1418,1418
38264833,2836,1418
38494833,2836,1418
38724833,5672,1418
38954833,4254,1418
39191833,4254,1418
39426833,1418,1418
39659833,2836,1418
39891833,1418,1418
40123833,1418,1418
40354833,1418,1418
40585833,1418,1418
40816833,1418,1418
41047833,1418,1418
41278833,1418,1418
41509833,1418,1418
41740833,1418,1418
41970833,0,1418
42200833,1418,1418
42430833,1418,1418
42660833,1418,1418
42890833,1418,1418
43120833,1418,1418
43350833,1418,1418
43580833,2836,1418
43810833,4254,1418
44042833,1418,1418
44278833,1418,1418
44514833,1418,1418
44749833,1418,1418
44983833,1418,1418
45217833,1418,1418
45450833,1418,1418
45683833,1418,1418
45915833,1418,1418
46147833,1418,1418
46379833,1418,1418
46610833,1418,1418
46841833,1418,1418
47072833,1418,1418
47303833,1418,1418
47534833,1418,1418
47765833,1418,1418
47996833,1418,1418
48226833,1418,1418
48456833,1418,1418
48686833,1418,1418
48916833,1418,1418
49146833,1418,1418
49376833,1418,1418
49606833,1418,1418
49836833,1418,1418
50066833,1418,1418
50296833,1418,1418
50526833,1418,1418
50756833,1418,1418
50986833,1418,1418
51216833,1418,1418
51446833,1418,1418
51676833,1418,1418
51906833,1418,1418
52136833,1418,1418
52366833,1418,1418
52596833,1418,1418
52826833,1418,1418
53056833,1418,1418
53286833,1418,1418
53516833,1418,1418
53746833,1418,1418
53976833,1418,1418
54206833,1418,1418
54436833,1418,1418
54666833,1418,1418
54896833,1418,1418
55126833,1418,1418
55356833,1418,1418
55586833,1418,1418
55816833,1418,1418
56046833,1418,1418
56276833,1418,1418
56506833,1418,1418
56736833,1418,1418
56966833,2836,1418
57196833,1418,1418
57426833,1418,1418
57656833,1418,1418
57886833,1418,1418
58116833,1418,1418
58346833,1418,1418
58576833,1418,1418
58806833,1418,1418
59036833,1418,1418
59266833,1418,1418
59496833,1418,1418
59726833,1418,1418
59956833,1418,1418
