timestamp,availableTxBuffer0,availableTxBuffer1
611833,246472,246472
611833,246472,246472
829833,250726,246472
1052833,250726,250726
1276833,250726,250726
1500833,250726,250726
1725833,250726,250726
1951833,250726,250726
2177833,250726,250726
2404833,250726,250726
2631833,250726,250726
2858833,250726,250726
3086833,250726,250726
3314833,250726,250726
3542833,250726,250726
3771833,250726,250726
4000833,250726,250726
4229833,250726,250726
4458833,250726,250726
4687833,250726,250726
4916833,250726,250726
5145833,250726,250726
5374833,250726,250726
5603833,250726,250726
5832833,250726,250726
6062833,250726,250726
6292833,250726,250726
6522833,250726,250726
6752833,250726,250726
6982833,250726,250726
7212833,250726,250726
7442833,250726,250726
7672833,250726,250726
7902833,250726,250726
8132833,250726,250726
8362833,250726,250726
8592833,250726,250726
8822833,250726,250726
9052833,252144,250726
9282833,250726,250726
9512833,250726,250726
9742833,250726,250726
9972833,250726,250726
10202833,250726,250726
10432833,250726,250726
10662833,250726,250726
10892833,250726,250726
11122833,250726,250726
11352833,250726,250726
11582833,250726,250726
11812833,249308,250726
12042833,250726,250726
12273833,250726,250726
12504833,250726,250726
12734833,250726,250726
12964833,250726,250726
13194833,250726,250726
13424833,250726,250726
13654833,250726,250726
13884833,250726,250726
14114833,250726,250726
14344833,250726,250726
14574833,250726,250726
14804833,250726,250726
15034833,250726,250726
15264833,250726,250726
15494833,250726,250726
15724833,250726,250726
15954833,250726,250726
16184833,250726,250726
16414833,250726,250726
16644833,250726,250726
16874833,250726,250726
17104833,250726,252144
17334833,250726,250726
17564833,250726,250726
17794833,250726,250726
18024833,250726,250726
18254833,250726,250726
18484833,250726,250726
18714833,250726,250726
18944833,250726,250726
19174833,250726,250726
19404833,250726,250726
19634833,250726,250726
19864833,250726,250726
20094833,250726,250726
20324833,250726,250726
20554833,250726,250726
20784833,250726,250726
21014833,250726,250726
21244833,250726,250726
21474833,250726,250726
21704833,250726,250726
21934833,250726,250726
22164833,250726,250726
22394833,250726,250726
22624833,250726,250726
22854833,250726,250726
23084833,250726,250726
23314833,250726,250726
23544833,250726,250726
23774833,250726,250726
24004833,250726,250726
24234833,250726,250726
24464833,250726,250726
24694833,250726,250726
24924833,250726,250726
25154833,250726,250726
25384833,250726,250726
25614833,250726,250726
25844833,250726,250726
26074833,250726,250726
26304833,250726,250726
26534833,250726,250726
26764833,250726,250726
26994833,250726,250726
27224833,250726,250726
27454833,250726,250726
27684833,250726,250726
27914833,250726,250726
28144833,250726,250726
28374833,250726,250726
28604833,250726,250726
28834833,250726,250726
29064833,250726,250726
29294833,250726,250726
29524833,250726,250726
29754833,250726,250726
29984833,250726,250726
30214833,250726,250726
30444833,250726,250726
30674833,250726,250726
30904833,250726,250726
31134833,250726,250726
31364833,250726,250726
31594833,250726,250726
31824833,250726,250726
32054833,250726,250726
32284833,250726,250726
32514833,250726,250726
32744833,250726,250726
32974833,250726,250726
33204833,250726,250726
33434833,250726,250726
33664833,250726,250726
33894833,250726,250726
34124833,250726,250726
34354833,249308,250726
34584833,250726,250726
34814833,250726,250726
35044833,250726,250726
35274833,250726,250726
35504833,250726,250726
35734833,250726,250726
35964833,250726,250726
36194833,250726,250726
36424833,250726,250726
36654833,250726,250726
36884833,250726,250726
37114833,249308,250726
37344833,249308,250726
37574833,249308,250726
37804833,250726,250726
38034833,250726,250726
38264833,249308,250726
38494833,249308,250726
38724833,246472,250726
38954833,247890,250726
39191833,247890,250726
39426833,250726,250726
39659833,249308,250726
39891833,250726,250726
40123833,250726,250726
40354833,250726,250726
40585833,250726,250726
40816833,250726,250726
41047833,250726,250726
41278833,250726,250726
41509833,250726,250726
41740833,250726,250726
41970833,252144,250726
42200833,250726,250726
42430833,250726,250726
42660833,250726,250726
42890833,250726,250726
43120833,250726,250726
43350833,250726,250726
43580833,249308,250726
43810833,247890,250726
44042833,250726,250726
44278833,250726,250726
44514833,250726,250726
44749833,250726,250726
44983833,250726,250726
45217833,250726,250726
45450833,250726,250726
45683833,250726,250726
45915833,250726,250726
46147833,250726,250726
46379833,250726,250726
46610833,250726,250726
46841833,250726,250726
47072833,250726,250726
47303833,250726,250726
47534833,250726,250726
47765833,250726,250726
47996833,250726,250726
48226833,250726,250726
48456833,250726,250726
48686833,250726,250726
48916833,250726,250726
49146833,250726,250726
49376833,250726,250726
49606833,250726,250726
49836833,250726,250726
50066833,250726,250726
50296833,250726,250726
50526833,250726,250726
50756833,250726,250726
50986833,250726,250726
51216833,250726,250726
51446833,250726,250726
51676833,250726,250726
51906833,250726,250726
52136833,250726,250726
52366833,250726,250726
52596833,250726,250726
52826833,250726,250726
53056833,250726,250726
53286833,250726,250726
53516833,250726,250726
53746833,250726,250726
53976833,250726,250726
54206833,250726,250726
54436833,250726,250726
54666833,250726,250726
54896833,250726,250726
55126833,250726,250726
55356833,250726,250726
55586833,250726,250726
55816833,250726,250726
56046833,250726,250726
56276833,250726,250726
56506833,250726,250726
56736833,250726,250726
56966833,249308,250726
57196833,250726,250726
57426833,250726,250726
57656833,250726,250726
57886833,250726,250726
58116833,250726,250726
58346833,250726,250726
58576833,250726,250726
58806833,250726,250726
59036833,250726,250726
59266833,250726,250726
59496833,250726,250726
59726833,250726,250726
59956833,250726,250726
