timestamp,availableTxBuffer0,availableTxBuffer1
611833,246472,246472
611833,246472,246472
829833,250726,246472
1052833,250726,250726
1276833,250726,250726
1500833,250726,250726
1725833,250726,250726
1951833,250726,250726
2177833,250726,250726
2404833,250726,250726
2631833,250726,250726
2858833,250726,250726
3086833,250726,250726
3314833,249308,250726
3542833,250726,250726
3771833,250726,250726
4000833,249308,250726
4229833,249308,250726
4458833,250726,250726
4687833,250726,250726
4917833,250726,250726
5147833,250726,250726
5377833,250726,250726
5607833,250726,250726
5837833,250726,250726
6067833,249308,250726
6297833,249308,250726
6527833,249308,250726
6757833,250726,250726
6987833,250726,250726
7217833,250726,250726
7447833,250726,250726
7677833,250726,250726
7907833,249308,250726
8137833,247890,250726
8368833,247890,250726
8602833,246472,250726
8835833,247890,250726
9072833,247890,250726
9307833,249308,250726
9540833,249308,250726
9772833,249308,250726
10004833,249308,250726
10235833,247890,250726
10466833,250726,250726
10696833,250726,250726
10926833,250726,250726
11156833,250726,250726
11386833,250726,250726
11616833,250726,250726
11846833,250726,250726
12076833,250726,250726
12306833,250726,250726
12536833,250726,250726
12766833,249308,250726
12996833,250726,250726
13227833,250726,250726
13458833,250726,250726
13689833,250726,250726
13920833,250726,250726
14151833,250726,250726
14382833,250726,250726
14612833,250726,250726
14842833,250726,250726
15072833,250726,250726
15302833,250726,250726
15532833,250726,250726
15762833,250726,250726
15992833,250726,250726
16222833,250726,250726
16452833,250726,250726
16682833,250726,250726
16912833,250726,250726
17142833,250726,250726
17372833,250726,250726
17602833,250726,250726
17832833,250726,250726
18062833,250726,250726
18292833,250726,250726
18522833,250726,250726
18752833,250726,250726
18982833,250726,250726
19212833,250726,250726
19442833,250726,250726
19672833,250726,250726
19902833,250726,250726
20132833,250726,250726
20362833,250726,250726
20592833,250726,250726
20822833,250726,250726
21052833,250726,250726
21282833,250726,250726
21512833,250726,250726
21742833,250726,250726
21972833,249308,250726
22202833,250726,250726
22432833,250726,250726
22662833,250726,250726
22892833,250726,250726
23122833,250726,250726
23352833,250726,252144
23582833,250726,250726
23812833,250726,250726
24042833,250726,250726
24272833,250726,250726
24502833,250726,250726
24732833,250726,250726
24962833,250726,250726
25192833,250726,250726
25422833,250726,250726
25652833,250726,250726
25882833,250726,250726
26112833,250726,250726
26342833,250726,250726
26572833,250726,250726
26802833,250726,250726
27032833,249308,250726
27262833,247890,250726
27492833,249308,250726
27724833,249308,250726
27956833,250726,250726
28187833,250726,250726
28418833,250726,250726
28649833,250726,250726
28880833,250726,250726
29111833,250726,250726
29341833,250726,250726
29571833,250726,250726
29801833,250726,250726
30031833,250726,250726
30261833,250726,250726
30491833,250726,250726
30721833,250726,250726
30951833,250726,250726
31181833,250726,250726
31411833,250726,250726
31641833,250726,250726
31871833,250726,250726
32101833,250726,250726
32331833,250726,250726
32561833,250726,250726
32791833,250726,250726
33021833,250726,250726
33251833,250726,250726
33481833,250726,250726
33711833,250726,250726
33941833,250726,250726
34171833,250726,250726
34401833,250726,250726
34631833,250726,250726
34861833,250726,250726
35091833,250726,250726
35321833,250726,250726
35551833,250726,250726
35781833,250726,250726
36011833,250726,250726
36241833,250726,250726
36471833,250726,250726
36701833,250726,250726
36931833,250726,250726
37161833,250726,250726
37391833,250726,250726
37621833,250726,250726
37851833,249308,250726
38081833,250726,250726
38311833,249308,250726
38541833,249308,250726
38771833,249308,250726
39001833,247890,250726
39231833,247890,250726
39463833,247890,250726
39694833,250726,250726
39925833,250726,250726
40156833,250726,250726
40386833,250726,250726
40616833,250726,250726
40846833,250726,250726
41076833,250726,250726
41306833,250726,250726
41536833,250726,250726
41766833,250726,250726
41996833,250726,250726
42226833,250726,250726
42456833,250726,250726
42686833,250726,250726
42916833,250726,250726
43146833,250726,250726
43376833,250726,250726
43606833,250726,250726
43836833,250726,250726
44066833,250726,250726
44296833,250726,250726
44526833,250726,250726
44756833,250726,250726
44986833,250726,250726
45216833,250726,250726
45446833,250726,250726
45676833,250726,250726
45906833,250726,250726
46136833,250726,250726
46366833,250726,250726
46596833,250726,250726
46826833,250726,250726
47056833,250726,250726
47286833,250726,250726
47516833,250726,250726
47746833,250726,250726
47976833,250726,250726
48206833,250726,250726
48436833,250726,250726
48666833,250726,250726
48896833,250726,250726
49126833,250726,250726
49356833,250726,250726
49586833,252144,250726
49816833,250726,250726
50046833,250726,250726
50276833,250726,250726
50506833,250726,250726
50736833,249308,250726
50966833,249308,250726
51198833,250726,250726
51430833,250726,250726
51661833,250726,250726
51892833,249308,250726
52123833,250726,250726
52354833,250726,250726
52585833,250726,250726
52816833,250726,250726
53047833,250726,250726
53277833,250726,250726
53507833,249308,250726
53737833,249308,250726
53967833,250726,250726
54197833,250726,250726
54427833,250726,250726
54657833,250726,250726
54887833,250726,250726
55117833,250726,250726
55347833,250726,250726
55577833,250726,250726
55807833,249308,250726
56037833,247890,250726
56267833,249308,250726
56500833,249308,250726
56732833,250726,250726
56963833,250726,250726
57194833,250726,250726
57425833,250726,250726
57656833,250726,250726
57887833,250726,250726
58118833,250726,250726
58348833,250726,250726
58578833,250726,250726
58808833,250726,250726
59038833,250726,250726
59268833,250726,250726
59498833,250726,250726
59728833,250726,250726
59958833,250726,250726
