timestamp,rtt0,rtt1
611833,218,184
611833,218,184
829833,223,184
1052833,224,219
1276833,224,221
1500833,225,222
1725833,226,223
1951833,226,224
2177833,227,225
2404833,227,225
2631833,227,226
2858833,228,226
3086833,228,227
3314833,228,227
3542833,229,227
3771833,229,228
4000833,229,228
4229833,229,228
4458833,229,228
4687833,230,229
4917833,230,229
5147833,230,229
5377833,230,229
5607833,230,229
5837833,230,229
6067833,230,229
6297833,230,229
6527833,230,229
6757833,230,229
6987833,230,229
7217833,230,230
7447833,230,230
7677833,230,230
7907833,230,230
8137833,231,230
8368833,234,230
8602833,233,230
8835833,237,230
9072833,235,230
9307833,233,230
9540833,232,230
9772833,232,230
10004833,231,230
10235833,231,230
10466833,230,230
10696833,230,230
10926833,230,230
11156833,230,230
11386833,230,230
11616833,230,230
11846833,230,230
12076833,230,230
12306833,230,230
12536833,230,230
12766833,230,230
12996833,231,230
13227833,231,230
13458833,231,230
13689833,231,230
13920833,231,230
14151833,231,230
14382833,230,230
14612833,230,230
14842833,230,230
15072833,230,230
15302833,230,230
15532833,230,230
15762833,230,230
15992833,230,230
16222833,230,230
16452833,230,230
16682833,230,230
16912833,230,230
17142833,230,230
17372833,230,230
17602833,230,230
17832833,230,230
18062833,230,230
18292833,230,230
18522833,230,230
18752833,230,230
18982833,230,230
19212833,230,230
19442833,230,230
19672833,230,230
19902833,230,230
20132833,230,230
20362833,230,230
20592833,230,230
20822833,230,230
21052833,230,230
21282833,230,230
21512833,230,230
21742833,230,230
21972833,230,230
22202833,230,230
22432833,230,230
22662833,230,230
22892833,230,230
23122833,230,230
23352833,230,230
23582833,230,230
23812833,230,230
24042833,230,230
24272833,230,230
24502833,230,230
24732833,230,230
24962833,230,230
25192833,230,230
25422833,230,230
25652833,230,230
25882833,230,230
26112833,230,230
26342833,230,230
26572833,230,230
26802833,230,230
27032833,230,230
27262833,230,230
27492833,232,230
27724833,232,230
27956833,231,230
28187833,231,230
28418833,231,230
28649833,231,230
28880833,231,230
29111833,230,230
29341833,230,230
29571833,230,230
29801833,230,230
30031833,230,230
30261833,230,230
30491833,230,230
30721833,230,230
30951833,230,230
31181833,230,230
31411833,230,230
31641833,230,230
31871833,230,230
32101833,230,230
32331833,230,230
32561833,230,230
32791833,230,230
33021833,230,230
33251833,230,230
33481833,230,230
33711833,230,230
33941833,230,230
34171833,230,230
34401833,230,230
34631833,230,230
34861833,230,230
35091833,230,230
35321833,230,230
35551833,230,230
35781833,230,230
36011833,230,230
36241833,230,230
36471833,230,230
36701833,230,230
36931833,230,230
37161833,230,230
37391833,230,230
37621833,230,230
37851833,230,230
38081833,230,230
38311833,230,230
38541833,230,230
38771833,230,230
39001833,230,230
39231833,232,230
39463833,231,230
39694833,231,230
39925833,231,230
40156833,230,230
40386833,230,230
40616833,230,230
40846833,230,230
41076833,230,230
41306833,230,230
41536833,230,230
41766833,230,230
41996833,230,230
42226833,230,230
42456833,230,230
42686833,230,230
42916833,230,230
43146833,230,230
43376833,230,230
43606833,230,230
43836833,230,230
44066833,230,230
44296833,230,230
44526833,230,230
44756833,230,230
44986833,230,230
45216833,230,230
45446833,230,230
45676833,230,230
45906833,230,230
46136833,230,230
46366833,230,230
46596833,230,230
46826833,230,230
47056833,230,230
47286833,230,230
47516833,230,230
47746833,230,230
47976833,230,230
48206833,230,230
48436833,230,230
48666833,230,230
48896833,230,230
49126833,230,230
49356833,230,230
49586833,230,230
49816833,230,230
50046833,230,230
50276833,230,230
50506833,230,230
50736833,230,230
50966833,232,230
51198833,232,230
51430833,231,230
51661833,231,230
51892833,231,230
52123833,231,230
52354833,231,230
52585833,231,230
52816833,231,230
53047833,230,230
53277833,230,230
53507833,230,230
53737833,230,230
53967833,230,230
54197833,230,230
54427833,230,230
54657833,230,230
54887833,230,230
55117833,230,230
55347833,230,230
55577833,230,230
55807833,230,230
56037833,230,230
56267833,233,230
56500833,232,230
56732833,231,230
56963833,231,230
57194833,231,230
57425833,231,230
57656833,231,230
57887833,231,230
58118833,230,230
58348833,230,230
58578833,230,230
58808833,230,230
59038833,230,230
59268833,230,230
59498833,230,230
59728833,230,230
59958833,230,230
