timestamp,unAck0,unAck1
611833,5672,5672
611833,5672,5672
829833,1418,5672
1052833,1418,1418
1276833,1418,1418
1500833,1418,1418
1725833,1418,1418
1951833,1418,1418
2177833,1418,1418
2404833,1418,1418
2631833,1418,1418
2858833,1418,1418
3086833,1418,1418
3314833,2836,1418
3542833,1418,1418
3771833,1418,1418
4000833,2836,1418
4229833,2836,1418
4458833,1418,1418
4687833,1418,1418
4917833,1418,1418
5147833,1418,1418
5377833,1418,1418
5607833,1418,1418
5837833,1418,1418
6067833,2836,1418
6297833,2836,1418
6527833,2836,1418
6757833,1418,1418
6987833,1418,1418
7217833,1418,1418
7447833,1418,1418
7677833,1418,1418
7907833,2836,1418
8137833,4254,1418
8368833,4254,1418
8602833,5672,1418
8835833,4254,1418
9072833,4254,1418
9307833,2836,1418
9540833,2836,1418
9772833,2836,1418
10004833,2836,1418
10235833,4254,1418
10466833,1418,1418
10696833,1418,1418
10926833,1418,1418
11156833,1418,1418
11386833,1418,1418
11616833,1418,1418
11846833,1418,1418
12076833,1418,1418
12306833,1418,1418
12536833,1418,1418
12766833,2836,1418
12996833,1418,1418
13227833,1418,1418
13458833,1418,1418
13689833,1418,1418
13920833,1418,1418
14151833,1418,1418
14382833,1418,1418
14612833,1418,1418
14842833,1418,1418
15072833,1418,1418
15302833,1418,1418
15532833,1418,1418
15762833,1418,1418
15992833,1418,1418
16222833,1418,1418
16452833,1418,1418
16682833,1418,1418
16912833,1418,1418
17142833,1418,1418
17372833,1418,1418
17602833,1418,1418
17832833,1418,1418
18062833,1418,1418
18292833,1418,1418
18522833,1418,1418
18752833,1418,1418
18982833,1418,1418
19212833,1418,1418
19442833,1418,1418
19672833,1418,1418
19902833,1418,1418
20132833,1418,1418
20362833,1418,1418
20592833,1418,1418
20822833,1418,1418
21052833,1418,1418
21282833,1418,1418
21512833,1418,1418
21742833,1418,1418
21972833,2836,1418
22202833,1418,1418
22432833,1418,1418
22662833,1418,1418
22892833,1418,1418
23122833,1418,1418
23352833,1418,0
23582833,1418,1418
23812833,1418,1418
24042833,1418,1418
24272833,1418,1418
24502833,1418,1418
24732833,1418,1418
24962833,1418,1418
25192833,1418,1418
25422833,1418,1418
25652833,1418,1418
25882833,1418,1418
26112833,1418,1418
26342833,1418,1418
26572833,1418,1418
26802833,1418,1418
27032833,2836,1418
27262833,4254,1418
27492833,2836,1418
27724833,2836,1418
27956833,1418,1418
28187833,1418,1418
28418833,1418,1418
28649833,1418,1418
28880833,1418,1418
29111833,1418,1418
29341833,1418,1418
29571833,1418,1418
29801833,1418,1418
30031833,1418,1418
30261833,1418,1418
30491833,1418,1418
30721833,1418,1418
30951833,1418,1418
31181833,1418,1418
31411833,1418,1418
31641833,1418,1418
31871833,1418,1418
32101833,1418,1418
32331833,1418,1418
32561833,1418,1418
32791833,1418,1418
33021833,1418,1418
33251833,1418,1418
33481833,1418,1418
33711833,1418,1418
33941833,1418,1418
34171833,1418,1418
34401833,1418,1418
34631833,1418,1418
34861833,1418,1418
35091833,1418,1418
35321833,1418,1418
35551833,1418,1418
35781833,1418,1418
36011833,1418,1418
36241833,1418,1418
36471833,1418,1418
36701833,1418,1418
36931833,1418,1418
37161833,1418,1418
37391833,1418,1418
37621833,1418,1418
37851833,2836,1418
38081833,1418,1418
38311833,2836,1418
38541833,2836,1418
38771833,2836,1418
39001833,4254,1418
39231833,4254,1418
39463833,4254,1418
39694833,1418,1418
39925833,1418,1418
40156833,1418,1418
40386833,1418,1418
40616833,1418,1418
40846833,1418,1418
41076833,1418,1418
41306833,1418,1418
41536833,1418,1418
41766833,1418,1418
41996833,1418,1418
42226833,1418,1418
42456833,1418,1418
42686833,1418,1418
42916833,1418,1418
43146833,1418,1418
43376833,1418,1418
43606833,1418,1418
43836833,1418,1418
44066833,1418,1418
44296833,1418,1418
44526833,1418,1418
44756833,1418,1418
44986833,1418,1418
45216833,1418,1418
45446833,1418,1418
45676833,1418,1418
45906833,1418,1418
46136833,1418,1418
46366833,1418,1418
46596833,1418,1418
46826833,1418,1418
47056833,1418,1418
47286833,1418,1418
47516833,1418,1418
47746833,1418,1418
47976833,1418,1418
48206833,1418,1418
48436833,1418,1418
48666833,1418,1418
48896833,1418,1418
49126833,1418,1418
49356833,1418,1418
49586833,0,1418
49816833,1418,1418
50046833,1418,1418
50276833,1418,1418
50506833,1418,1418
50736833,2836,1418
50966833,2836,1418
51198833,1418,1418
51430833,1418,1418
51661833,1418,1418
51892833,2836,1418
52123833,1418,1418
52354833,1418,1418
52585833,1418,1418
52816833,1418,1418
53047833,1418,1418
53277833,1418,1418
53507833,2836,1418
53737833,2836,1418
53967833,1418,1418
54197833,1418,1418
54427833,1418,1418
54657833,1418,1418
54887833,1418,1418
55117833,1418,1418
55347833,1418,1418
55577833,1418,1418
55807833,2836,1418
56037833,4254,1418
56267833,2836,1418
56500833,2836,1418
56732833,1418,1418
56963833,1418,1418
57194833,1418,1418
57425833,1418,1418
57656833,1418,1418
57887833,1418,1418
58118833,1418,1418
58348833,1418,1418
58578833,1418,1418
58808833,1418,1418
59038833,1418,1418
59268833,1418,1418
59498833,1418,1418
59728833,1418,1418
59958833,1418,1418
