timestamp,rWnd0,rWnd1
611833,1073725440,1073725440
611833,1073725440,1073725440
829833,1073725440,1073725440
1052833,1073725440,1073725440
1276833,1073725440,1073725440
1500833,1073725440,1073725440
1725833,1073725440,1073725440
1951833,1073725440,1073725440
2177833,1073725440,1073725440
2404833,1073725440,1073725440
2631833,1073725440,1073725440
2858833,1073725440,1073725440
3086833,1073725440,1073725440
3314833,1073725440,1073725440
3542833,1073725440,1073725440
3771833,1073725440,1073725440
4000833,1073725440,1073725440
4229833,1073725440,1073725440
4458833,1073725440,1073725440
4687833,1073725440,1073725440
4917833,1073725440,1073725440
5147833,1073725440,1073725440
5377833,1073725440,1073725440
5607833,1073725440,1073725440
5837833,1073725440,1073725440
6067833,1073725440,1073725440
6297833,1073725440,1073725440
6527833,1073725440,1073725440
6757833,1073725440,1073725440
6987833,1073725440,1073725440
7217833,1073725440,1073725440
7447833,1073725440,1073725440
7677833,1073725440,1073725440
7907833,1073725440,1073725440
8137833,1073725440,1073725440
8368833,1073725440,1073725440
8602833,1073725440,1073725440
8835833,1073725440,1073725440
9072833,1073725440,1073725440
9307833,1073725440,1073725440
9540833,1073725440,1073725440
9772833,1073725440,1073725440
10004833,1073725440,1073725440
10235833,1073725440,1073725440
10466833,1073725440,1073725440
10696833,1073725440,1073725440
10926833,1073725440,1073725440
11156833,1073725440,1073725440
11386833,1073725440,1073725440
11616833,1073725440,1073725440
11846833,1073725440,1073725440
12076833,1073725440,1073725440
12306833,1073725440,1073725440
12536833,1073725440,1073725440
12766833,1073725440,1073725440
12996833,1073725440,1073725440
13227833,1073725440,1073725440
13458833,1073725440,1073725440
13689833,1073725440,1073725440
13920833,1073725440,1073725440
14151833,1073725440,1073725440
14382833,1073725440,1073725440
14612833,1073725440,1073725440
14842833,1073725440,1073725440
15072833,1073725440,1073725440
15302833,1073725440,1073725440
15532833,1073725440,1073725440
15762833,1073725440,1073725440
15992833,1073725440,1073725440
16222833,1073725440,1073725440
16452833,1073725440,1073725440
16682833,1073725440,1073725440
16912833,1073725440,1073725440
17142833,1073725440,1073725440
17372833,1073725440,1073725440
17602833,1073725440,1073725440
17832833,1073725440,1073725440
18062833,1073725440,1073725440
18292833,1073725440,1073725440
18522833,1073725440,1073725440
18752833,1073725440,1073725440
18982833,1073725440,1073725440
19212833,1073725440,1073725440
19442833,1073725440,1073725440
19672833,1073725440,1073725440
19902833,1073725440,1073725440
20132833,1073725440,1073725440
20362833,1073725440,1073725440
20592833,1073725440,1073725440
20822833,1073725440,1073725440
21052833,1073725440,1073725440
21282833,1073725440,1073725440
21512833,1073725440,1073725440
21742833,1073725440,1073725440
21972833,1073725440,1073725440
22202833,1073725440,1073725440
22432833,1073725440,1073725440
22662833,1073725440,1073725440
22892833,1073725440,1073725440
23122833,1073725440,1073725440
23352833,1073725440,1073725440
23582833,1073725440,1073725440
23812833,1073725440,1073725440
24042833,1073725440,1073725440
24272833,1073725440,1073725440
24502833,1073725440,1073725440
24732833,1073725440,1073725440
24962833,1073725440,1073725440
25192833,1073725440,1073725440
25422833,1073725440,1073725440
25652833,1073725440,1073725440
25882833,1073725440,1073725440
26112833,1073725440,1073725440
26342833,1073725440,1073725440
26572833,1073725440,1073725440
26802833,1073725440,1073725440
27032833,1073725440,1073725440
27262833,1073725440,1073725440
27492833,1073725440,1073725440
27724833,1073725440,1073725440
27956833,1073725440,1073725440
28187833,1073725440,1073725440
28418833,1073725440,1073725440
28649833,1073725440,1073725440
28880833,1073725440,1073725440
29111833,1073725440,1073725440
29341833,1073725440,1073725440
29571833,1073725440,1073725440
29801833,1073725440,1073725440
30031833,1073725440,1073725440
30261833,1073725440,1073725440
30491833,1073725440,1073725440
30721833,1073725440,1073725440
30951833,1073725440,1073725440
31181833,1073725440,1073725440
31411833,1073725440,1073725440
31641833,1073725440,1073725440
31871833,1073725440,1073725440
32101833,1073725440,1073725440
32331833,1073725440,1073725440
32561833,1073725440,1073725440
32791833,1073725440,1073725440
33021833,1073725440,1073725440
33251833,1073725440,1073725440
33481833,1073725440,1073725440
33711833,1073725440,1073725440
33941833,1073725440,1073725440
34171833,1073725440,1073725440
34401833,1073725440,1073725440
34631833,1073725440,1073725440
34861833,1073725440,1073725440
35091833,1073725440,1073725440
35321833,1073725440,1073725440
35551833,1073725440,1073725440
35781833,1073725440,1073725440
36011833,1073725440,1073725440
36241833,1073725440,1073725440
36471833,1073725440,1073725440
36701833,1073725440,1073725440
36931833,1073725440,1073725440
37161833,1073725440,1073725440
37391833,1073725440,1073725440
37621833,1073725440,1073725440
37851833,1073725440,1073725440
38081833,1073725440,1073725440
38311833,1073725440,1073725440
38541833,1073725440,1073725440
38771833,1073725440,1073725440
39001833,1073725440,1073725440
39231833,1073725440,1073725440
39463833,1073725440,1073725440
39694833,1073725440,1073725440
39925833,1073725440,1073725440
40156833,1073725440,1073725440
40386833,1073725440,1073725440
40616833,1073725440,1073725440
40846833,1073725440,1073725440
41076833,1073725440,1073725440
41306833,1073725440,1073725440
41536833,1073725440,1073725440
41766833,1073725440,1073725440
41996833,1073725440,1073725440
42226833,1073725440,1073725440
42456833,1073725440,1073725440
42686833,1073725440,1073725440
42916833,1073725440,1073725440
43146833,1073725440,1073725440
43376833,1073725440,1073725440
43606833,1073725440,1073725440
43836833,1073725440,1073725440
44066833,1073725440,1073725440
44296833,1073725440,1073725440
44526833,1073725440,1073725440
44756833,1073725440,1073725440
44986833,1073725440,1073725440
45216833,1073725440,1073725440
45446833,1073725440,1073725440
45676833,1073725440,1073725440
45906833,1073725440,1073725440
46136833,1073725440,1073725440
46366833,1073725440,1073725440
46596833,1073725440,1073725440
46826833,1073725440,1073725440
47056833,1073725440,1073725440
47286833,1073725440,1073725440
47516833,1073725440,1073725440
47746833,1073725440,1073725440
47976833,1073725440,1073725440
48206833,1073725440,1073725440
48436833,1073725440,1073725440
48666833,1073725440,1073725440
48896833,1073725440,1073725440
49126833,1073725440,1073725440
49356833,1073725440,1073725440
49586833,1073725440,1073725440
49816833,1073725440,1073725440
50046833,1073725440,1073725440
50276833,1073725440,1073725440
50506833,1073725440,1073725440
50736833,1073725440,1073725440
50966833,1073725440,1073725440
51198833,1073725440,1073725440
51430833,1073725440,1073725440
51661833,1073725440,1073725440
51892833,1073725440,1073725440
52123833,1073725440,1073725440
52354833,1073725440,1073725440
52585833,1073725440,1073725440
52816833,1073725440,1073725440
53047833,1073725440,1073725440
53277833,1073725440,1073725440
53507833,1073725440,1073725440
53737833,1073725440,1073725440
53967833,1073725440,1073725440
54197833,1073725440,1073725440
54427833,1073725440,1073725440
54657833,1073725440,1073725440
54887833,1073725440,1073725440
55117833,1073725440,1073725440
55347833,1073725440,1073725440
55577833,1073725440,1073725440
55807833,1073725440,1073725440
56037833,1073725440,1073725440
56267833,1073725440,1073725440
56500833,1073725440,1073725440
56732833,1073725440,1073725440
56963833,1073725440,1073725440
57194833,1073725440,1073725440
57425833,1073725440,1073725440
57656833,1073725440,1073725440
57887833,1073725440,1073725440
58118833,1073725440,1073725440
58348833,1073725440,1073725440
58578833,1073725440,1073725440
58808833,1073725440,1073725440
59038833,1073725440,1073725440
59268833,1073725440,1073725440
59498833,1073725440,1073725440
59728833,1073725440,1073725440
59958833,1073725440,1073725440
