timestamp,cWnd0,cWnd1
611833,5672,5672
611833,1500,1500
829833,1500,1500
1052833,1500,1500
1276833,1500,1500
1500833,1572,1500
1725833,1500,1500
1951833,1500,1500
2177833,1634,1500
2404833,2483,1500
2631833,1851,1500
2858833,2474,1500
3086833,2614,1500
3314833,3933,1500
3542833,2532,1500
3771833,2191,1500
4000833,3655,1500
4229833,3009,1500
4458833,2488,1500
4687833,1896,1500
4917833,1641,1500
5147833,1500,1500
5377833,1827,1500
5607833,1763,1500
5837833,2185,1500
6067833,2942,1500
6297833,3538,1500
6527833,3521,1500
6757833,2434,1500
6987833,1661,1500
7217833,1746,1500
7447833,1573,1500
7677833,1500,1500
7907833,3011,1500
8137833,4729,1500
8368833,5090,1500
8602833,6451,1500
8835833,5604,1500
9072833,4303,1500
9307833,4007,1500
9540833,3173,1500
9772833,3517,1500
10004833,2935,1500
10235833,4267,1500
10466833,2522,1500
10696833,1745,1500
10926833,1500,1500
11156833,1500,1500
11386833,1500,1500
11616833,1500,1500
11846833,1500,1500
12076833,1500,1500
12306833,1500,1500
12536833,2533,1500
12766833,3589,1500
12996833,2508,1500
13227833,2989,1500
13458833,2700,1500
13689833,2005,1500
13920833,1695,1500
14151833,1623,1500
14382833,2037,1500
14612833,1673,1500
14842833,2346,1500
15072833,2644,1500
15302833,1500,1500
15532833,1500,1500
15762833,1500,1500
15992833,1500,1500
16222833,1500,1500
16452833,1500,1500
16682833,1500,1500
16912833,1500,1500
17142833,1500,1500
17372833,1500,1500
17602833,1500,1500
17832833,1500,1500
18062833,1500,1500
18292833,1500,1500
18522833,1500,1500
18752833,1531,1500
18982833,1570,1500
19212833,1500,1500
19442833,1500,1500
19672833,1652,1500
19902833,1500,1500
20132833,1500,1500
20362833,1853,1500
20592833,1714,1500
20822833,2387,1500
21052833,2244,1500
21282833,1812,1500
21512833,2296,1500
21742833,2654,1500
21972833,3212,1500
22202833,2655,1500
22432833,1865,1500
22662833,1901,1500
22892833,2108,1500
23122833,1500,1500
23352833,1863,1500
23582833,2296,1500
23812833,1500,1500
24042833,1500,1500
24272833,1500,1500
24502833,1500,1500
24732833,1500,1500
24962833,1500,1500
25192833,1500,1500
25422833,1500,1500
25652833,1500,1500
25882833,1500,1500
26112833,1500,1500
26342833,1500,1500
26572833,1621,1500
26802833,2312,1500
27032833,3221,1500
27262833,4537,1500
27492833,3886,1500
27724833,3196,1500
27956833,1500,1500
28187833,1629,1500
28418833,3590,1500
28649833,2470,1500
28880833,1775,1500
29111833,1545,1500
29341833,1500,1500
29571833,1500,1500
29801833,1500,1500
30031833,1500,1500
30261833,1589,1500
30491833,1500,1500
30721833,1500,1500
30951833,1500,1500
31181833,1500,1500
31411833,1500,1500
31641833,1500,1500
31871833,1500,1500
32101833,1500,1500
32331833,1500,1500
32561833,1500,1500
32791833,1500,1500
33021833,1661,1500
33251833,1500,1500
33481833,1500,1500
33711833,1500,1500
33941833,1642,1500
34171833,1500,1500
34401833,1500,1500
34631833,1743,1500
34861833,1500,1500
35091833,1812,1500
35321833,2206,1500
35551833,1964,1500
35781833,1500,1500
36011833,1500,1500
36241833,1500,1500
36471833,1500,1500
36701833,1500,1500
36931833,1500,1500
37161833,1500,1500
37391833,1500,1500
37621833,1771,1500
37851833,2881,1500
38081833,2486,1500
38311833,3228,1500
38541833,3339,1500
38771833,3301,1500
39001833,4289,1500
39231833,4815,1500
39463833,4515,1500
39694833,2165,1500
39925833,2412,1500
40156833,2044,1500
40386833,1500,1500
40616833,1500,1500
40846833,1553,1500
41076833,2089,1500
41306833,1603,1500
41536833,1500,1500
41766833,1500,1500
41996833,1500,1500
42226833,1631,1500
42456833,1500,1500
42686833,1500,1500
42916833,1500,1500
43146833,1646,1500
43376833,1503,1500
43606833,1614,1500
43836833,1630,1500
44066833,2274,1500
44296833,2353,1500
44526833,1749,1500
44756833,1511,1500
44986833,1500,1500
45216833,1500,1500
45446833,1537,1500
45676833,1500,1500
45906833,1500,1500
46136833,1532,1500
46366833,1654,1500
46596833,1558,1500
46826833,1500,1500
47056833,1500,1500
47286833,1500,1500
47516833,1500,1500
47746833,1500,1500
47976833,1500,1500
48206833,1500,1500
48436833,1500,1500
48666833,1500,1500
48896833,1500,1500
49126833,1500,1500
49356833,1500,1500
49586833,1911,1500
49816833,1793,1500
50046833,1533,1500
50276833,1656,1500
50506833,2113,1500
50736833,4012,1500
50966833,3176,1500
51198833,2148,1500
51430833,2295,1500
51661833,2458,1500
51892833,2903,1500
52123833,3183,1500
52354833,2415,1500
52585833,1511,1500
52816833,2166,1500
53047833,1800,1500
53277833,1500,1500
53507833,3387,1500
53737833,3101,1500
53967833,1500,1500
54197833,1500,1500
54427833,1500,1500
54657833,1522,1500
54887833,1500,1500
55117833,1500,1500
55347833,1500,1500
55577833,1910,1500
55807833,3733,1500
56037833,4541,1500
56267833,4068,1500
56500833,2942,1500
56732833,2258,1500
56963833,1500,1500
57194833,1595,1500
57425833,1500,1500
57656833,1500,1500
57887833,1500,1500
58118833,1500,1500
58348833,1500,1500
58578833,1500,1500
58808833,1500,1500
59038833,1500,1500
59268833,1500,1500
59498833,1500,1500
59728833,1500,1500
59958833,1500,1500
