timestamp,cWnd0,cWnd1
611833,5672,5672
611833,1500,1500
829833,1500,1500
1052833,2349,1500
1276833,1500,1500
1500833,1500,1500
1725833,1500,1500
1951833,1728,1500
2177833,2811,1500
2404833,2821,1500
2631833,2745,1500
2858833,3028,1500
3086833,3090,1500
3314833,2332,1500
3543833,2869,1500
3772833,1573,1500
4001833,2374,1500
4230833,2720,1500
4459833,2361,1500
4688833,2829,1500
4917833,2876,1500
5146833,2143,1500
5376833,2296,1500
5606833,3815,1500
5836833,3441,1500
6066833,3562,1500
6296833,2134,1500
6526833,2740,1500
6756833,3460,1500
6986833,5007,1500
7216833,4247,1500
7449833,4518,1500
7681833,3979,1500
7913833,2707,1500
8145833,1923,1500
8377833,1693,1500
8608833,1902,1500
8839833,1500,1500
9070833,1500,1500
9301833,1500,1500
9532833,1710,1500
9763833,1500,1500
9993833,1500,1500
10223833,1500,1500
10453833,1553,1500
10683833,1588,1500
10913833,1500,1500
11143833,1500,1500
11373833,1500,1500
11603833,1500,1500
11833833,1500,1500
12063833,1500,1500
12293833,1500,1500
12523833,1500,1500
12753833,1500,1500
12983833,1500,1500
13213833,1500,1500
13443833,1500,1500
13673833,1500,1500
13903833,1500,1500
14133833,1611,1500
14363833,1500,1500
14593833,1500,1500
14823833,1500,1500
15053833,1500,1500
15283833,1500,1500
15513833,1500,1500
15743833,1801,1500
15973833,1729,1500
16203833,1886,1500
16433833,1573,1500
16663833,1524,1500
16893833,1824,1500
17123833,1500,1500
17353833,1500,1500
17583833,1500,1500
17813833,1505,1500
18043833,1929,1500
18273833,2466,1500
18503833,1892,1500
18733833,1593,1500
18963833,1626,1500
19193833,1600,1500
19423833,1808,1500
19653833,1777,1500
19883833,1514,1500
20113833,1555,1500
20343833,1817,1500
20573833,1500,1500
20803833,1500,1500
21033833,1500,1500
21263833,1500,1500
21493833,1704,1500
21723833,1500,1500
21953833,1500,1500
22183833,1500,1500
22413833,1500,1500
22643833,1500,1500
22873833,1500,1500
23103833,1539,1500
23333833,1500,1500
23563833,1500,1500
23793833,1500,1500
24023833,1500,1500
24253833,1500,1500
24483833,1500,1500
24713833,1513,1500
24943833,1500,1500
25173833,1500,1500
25403833,1509,1500
25633833,1771,1500
25863833,2283,1500
26093833,2902,1500
26323833,2835,1500
26553833,2713,1500
26783833,3480,1500
27013833,2705,1500
27243833,3028,1500
27473833,3264,1500
27703833,2040,1500
27933833,1728,1500
28163833,1500,1500
28393833,1586,1500
28623833,1500,1500
28853833,1500,1500
29083833,1500,1500
29313833,1500,1500
29543833,1500,1500
29773833,1500,1500
30003833,1500,1500
30233833,1761,1500
30463833,1831,1500
30693833,2708,1500
30923833,1876,1500
31153833,1672,1500
31383833,2799,1500
31613833,2423,1500
31843833,3561,1500
32073833,4935,1500
32303833,3328,1500
32535833,2928,1500
32767833,2735,1500
32998833,2687,1500
33229833,2138,1500
33460833,2906,1500
33691833,3220,1500
33922833,4259,1500
34152833,5095,1500
34385833,3408,1500
34617833,2824,1500
34849833,1533,1500
35080833,1500,1500
35311833,1500,1500
35542833,1500,1500
35773833,1500,1500
36004833,1500,1500
36235833,1510,1500
36465833,1500,1500
36695833,1500,1500
36925833,1752,1500
37155833,1867,1500
37385833,2099,1500
37615833,1905,1500
37845833,2821,1500
38075833,3163,1500
38305833,2879,1500
38535833,3242,1500
38765833,4882,1500
38995833,4990,1500
39227833,3647,1500
39458833,3526,1500
39689833,4174,1500
39920833,3076,1500
40151833,3313,1500
40381833,4333,1500
40611833,3299,1500
40841833,3947,1500
41071833,3293,1500
41301833,1738,1500
41531833,1697,1500
41761833,2205,1500
41991833,1621,1500
42221833,1543,1500
42451833,1500,1500
42681833,1500,1500
42911833,1500,1500
43141833,1500,1500
43371833,1500,1500
43601833,1500,1500
43831833,1500,1500
44061833,2859,1500
44291833,2281,1500
44521833,3435,1500
44751833,4826,1500
44981833,5268,1500
45213833,3400,1500
45445833,2010,1500
45676833,2089,1500
45907833,2220,1500
46138833,1671,1500
46369833,1646,1500
46600833,2352,1500
46830833,2611,1500
47060833,2368,1500
47290833,2137,1500
47520833,2168,1500
47750833,2633,1500
47980833,2830,1500
48210833,2885,1500
48440833,2703,1500
48670833,3695,1500
48900833,2752,1500
49130833,3397,1500
49360833,2696,1500
49590833,1730,1500
49820833,2073,1500
50050833,1966,1500
50280833,1683,1500
50510833,1500,1500
50740833,1500,1500
50970833,1500,1500
51200833,1500,1500
51430833,1500,1500
51660833,1500,1500
51890833,1500,1500
52120833,1500,1500
52350833,1500,1500
52580833,1500,1500
52810833,1500,1500
53040833,1500,1500
53270833,1500,1500
53500833,1500,1500
53730833,1500,1500
53960833,1935,1500
54190833,1607,1500
54420833,1500,1500
54650833,1500,1500
54880833,1500,1500
55110833,1812,1500
55340833,1577,1500
55570833,1742,1500
55800833,1508,1500
56030833,1644,1500
56260833,1874,1500
56490833,1621,1500
56720833,1500,1500
56950833,1500,1500
57180833,1500,1500
57410833,1500,1500
57640833,1500,1500
57870833,1500,1500
58100833,1500,1500
58330833,1500,1500
58560833,1500,1500
58790833,1500,1500
59020833,1500,1500
59250833,1500,1500
59480833,1500,1500
59710833,1500,1500
59940833,1500,1500
