timestamp,rWnd0,rWnd1
611833,1073725440,1073725440
611833,1073725440,1073725440
829833,1073725440,1073725440
1052833,1073725440,1073725440
1276833,1073725440,1073725440
1500833,1073725440,1073725440
1725833,1073725440,1073725440
1951833,1073725440,1073725440
2177833,1073725440,1073725440
2404833,1073725440,1073725440
2631833,1073725440,1073725440
2858833,1073725440,1073725440
3086833,1073725440,1073725440
3314833,1073725440,1073725440
3543833,1073725440,1073725440
3772833,1073725440,1073725440
4001833,1073725440,1073725440
4230833,1073725440,1073725440
4459833,1073725440,1073725440
4688833,1073725440,1073725440
4917833,1073725440,1073725440
5146833,1073725440,1073725440
5376833,1073725440,1073725440
5606833,1073725440,1073725440
5836833,1073725440,1073725440
6066833,1073725440,1073725440
6296833,1073725440,1073725440
6526833,1073725440,1073725440
6756833,1073725440,1073725440
6986833,1073725440,1073725440
7216833,1073725440,1073725440
7449833,1073725440,1073725440
7681833,1073725440,1073725440
7913833,1073725440,1073725440
8145833,1073725440,1073725440
8377833,1073725440,1073725440
8608833,1073725440,1073725440
8839833,1073725440,1073725440
9070833,1073725440,1073725440
9301833,1073725440,1073725440
9532833,1073725440,1073725440
9763833,1073725440,1073725440
9993833,1073725440,1073725440
10223833,1073725440,1073725440
10453833,1073725440,1073725440
10683833,1073725440,1073725440
10913833,1073725440,1073725440
11143833,1073725440,1073725440
11373833,1073725440,1073725440
11603833,1073725440,1073725440
11833833,1073725440,1073725440
12063833,1073725440,1073725440
12293833,1073725440,1073725440
12523833,1073725440,1073725440
12753833,1073725440,1073725440
12983833,1073725440,1073725440
13213833,1073725440,1073725440
13443833,1073725440,1073725440
13673833,1073725440,1073725440
13903833,1073725440,1073725440
14133833,1073725440,1073725440
14363833,1073725440,1073725440
14593833,1073725440,1073725440
14823833,1073725440,1073725440
15053833,1073725440,1073725440
15283833,1073725440,1073725440
15513833,1073725440,1073725440
15743833,1073725440,1073725440
15973833,1073725440,1073725440
16203833,1073725440,1073725440
16433833,1073725440,1073725440
16663833,1073725440,1073725440
16893833,1073725440,1073725440
17123833,1073725440,1073725440
17353833,1073725440,1073725440
17583833,1073725440,1073725440
17813833,1073725440,1073725440
18043833,1073725440,1073725440
18273833,1073725440,1073725440
18503833,1073725440,1073725440
18733833,1073725440,1073725440
18963833,1073725440,1073725440
19193833,1073725440,1073725440
19423833,1073725440,1073725440
19653833,1073725440,1073725440
19883833,1073725440,1073725440
20113833,1073725440,1073725440
20343833,1073725440,1073725440
20573833,1073725440,1073725440
20803833,1073725440,1073725440
21033833,1073725440,1073725440
21263833,1073725440,1073725440
21493833,1073725440,1073725440
21723833,1073725440,1073725440
21953833,1073725440,1073725440
22183833,1073725440,1073725440
22413833,1073725440,1073725440
22643833,1073725440,1073725440
22873833,1073725440,1073725440
23103833,1073725440,1073725440
23333833,1073725440,1073725440
23563833,1073725440,1073725440
23793833,1073725440,1073725440
24023833,1073725440,1073725440
24253833,1073725440,1073725440
24483833,1073725440,1073725440
24713833,1073725440,1073725440
24943833,1073725440,1073725440
25173833,1073725440,1073725440
25403833,1073725440,1073725440
25633833,1073725440,1073725440
25863833,1073725440,1073725440
26093833,1073725440,1073725440
26323833,1073725440,1073725440
26553833,1073725440,1073725440
26783833,1073725440,1073725440
27013833,1073725440,1073725440
27243833,1073725440,1073725440
27473833,1073725440,1073725440
27703833,1073725440,1073725440
27933833,1073725440,1073725440
28163833,1073725440,1073725440
28393833,1073725440,1073725440
28623833,1073725440,1073725440
28853833,1073725440,1073725440
29083833,1073725440,1073725440
29313833,1073725440,1073725440
29543833,1073725440,1073725440
29773833,1073725440,1073725440
30003833,1073725440,1073725440
30233833,1073725440,1073725440
30463833,1073725440,1073725440
30693833,1073725440,1073725440
30923833,1073725440,1073725440
31153833,1073725440,1073725440
31383833,1073725440,1073725440
31613833,1073725440,1073725440
31843833,1073725440,1073725440
32073833,1073725440,1073725440
32303833,1073725440,1073725440
32535833,1073725440,1073725440
32767833,1073725440,1073725440
32998833,1073725440,1073725440
33229833,1073725440,1073725440
33460833,1073725440,1073725440
33691833,1073725440,1073725440
33922833,1073725440,1073725440
34152833,1073725440,1073725440
34385833,1073725440,1073725440
34617833,1073725440,1073725440
34849833,1073725440,1073725440
35080833,1073725440,1073725440
35311833,1073725440,1073725440
35542833,1073725440,1073725440
35773833,1073725440,1073725440
36004833,1073725440,1073725440
36235833,1073725440,1073725440
36465833,1073725440,1073725440
36695833,1073725440,1073725440
36925833,1073725440,1073725440
37155833,1073725440,1073725440
37385833,1073725440,1073725440
37615833,1073725440,1073725440
37845833,1073725440,1073725440
38075833,1073725440,1073725440
38305833,1073725440,1073725440
38535833,1073725440,1073725440
38765833,1073725440,1073725440
38995833,1073725440,1073725440
39227833,1073725440,1073725440
39458833,1073725440,1073725440
39689833,1073725440,1073725440
39920833,1073725440,1073725440
40151833,1073725440,1073725440
40381833,1073725440,1073725440
40611833,1073725440,1073725440
40841833,1073725440,1073725440
41071833,1073725440,1073725440
41301833,1073725440,1073725440
41531833,1073725440,1073725440
41761833,1073725440,1073725440
41991833,1073725440,1073725440
42221833,1073725440,1073725440
42451833,1073725440,1073725440
42681833,1073725440,1073725440
42911833,1073725440,1073725440
43141833,1073725440,1073725440
43371833,1073725440,1073725440
43601833,1073725440,1073725440
43831833,1073725440,1073725440
44061833,1073725440,1073725440
44291833,1073725440,1073725440
44521833,1073725440,1073725440
44751833,1073725440,1073725440
44981833,1073725440,1073725440
45213833,1073725440,1073725440
45445833,1073725440,1073725440
45676833,1073725440,1073725440
45907833,1073725440,1073725440
46138833,1073725440,1073725440
46369833,1073725440,1073725440
46600833,1073725440,1073725440
46830833,1073725440,1073725440
47060833,1073725440,1073725440
47290833,1073725440,1073725440
47520833,1073725440,1073725440
47750833,1073725440,1073725440
47980833,1073725440,1073725440
48210833,1073725440,1073725440
48440833,1073725440,1073725440
48670833,1073725440,1073725440
48900833,1073725440,1073725440
49130833,1073725440,1073725440
49360833,1073725440,1073725440
49590833,1073725440,1073725440
49820833,1073725440,1073725440
50050833,1073725440,1073725440
50280833,1073725440,1073725440
50510833,1073725440,1073725440
50740833,1073725440,1073725440
50970833,1073725440,1073725440
51200833,1073725440,1073725440
51430833,1073725440,1073725440
51660833,1073725440,1073725440
51890833,1073725440,1073725440
52120833,1073725440,1073725440
52350833,1073725440,1073725440
52580833,1073725440,1073725440
52810833,1073725440,1073725440
53040833,1073725440,1073725440
53270833,1073725440,1073725440
53500833,1073725440,1073725440
53730833,1073725440,1073725440
53960833,1073725440,1073725440
54190833,1073725440,1073725440
54420833,1073725440,1073725440
54650833,1073725440,1073725440
54880833,1073725440,1073725440
55110833,1073725440,1073725440
55340833,1073725440,1073725440
55570833,1073725440,1073725440
55800833,1073725440,1073725440
56030833,1073725440,1073725440
56260833,1073725440,1073725440
56490833,1073725440,1073725440
56720833,1073725440,1073725440
56950833,1073725440,1073725440
57180833,1073725440,1073725440
57410833,1073725440,1073725440
57640833,1073725440,1073725440
57870833,1073725440,1073725440
58100833,1073725440,1073725440
58330833,1073725440,1073725440
58560833,1073725440,1073725440
58790833,1073725440,1073725440
59020833,1073725440,1073725440
59250833,1073725440,1073725440
59480833,1073725440,1073725440
59710833,1073725440,1073725440
59940833,1073725440,1073725440
