timestamp,unAck0,unAck1
611833,5672,5672
611833,5672,5672
829833,1418,5672
1052833,1418,1418
1276833,1418,1418
1500833,1418,1418
1725833,1418,1418
1951833,1418,1418
2177833,1418,1418
2404833,1418,1418
2631833,1418,1418
2858833,2836,1418
3086833,2836,1418
3314833,1418,1418
3543833,2836,1418
3772833,1418,1418
4001833,1418,1418
4230833,1418,1418
4459833,1418,1418
4688833,1418,1418
4917833,2836,1418
5146833,1418,1418
5376833,1418,1418
5606833,2836,1418
5836833,2836,1418
6066833,2836,1418
6296833,1418,1418
6526833,1418,1418
6756833,2836,1418
6986833,4254,1418
7216833,2836,1418
7449833,4254,1418
7681833,2836,1418
7913833,1418,1418
8145833,1418,1418
8377833,1418,1418
8608833,1418,1418
8839833,1418,1418
9070833,1418,1418
9301833,1418,1418
9532833,1418,1418
9763833,1418,1418
9993833,1418,1418
10223833,1418,1418
10453833,1418,1418
10683833,1418,1418
10913833,1418,1418
11143833,1418,1418
11373833,1418,1418
11603833,1418,1418
11833833,1418,1418
12063833,1418,1418
12293833,1418,1418
12523833,0,1418
12753833,1418,1418
12983833,1418,1418
13213833,1418,1418
13443833,1418,1418
13673833,1418,1418
13903833,1418,1418
14133833,1418,1418
14363833,1418,1418
14593833,1418,1418
14823833,1418,1418
15053833,1418,1418
15283833,1418,1418
15513833,1418,1418
15743833,1418,1418
15973833,1418,1418
16203833,1418,1418
16433833,1418,1418
16663833,1418,1418
16893833,1418,1418
17123833,1418,1418
17353833,1418,1418
17583833,1418,1418
17813833,1418,1418
18043833,1418,1418
18273833,1418,1418
18503833,1418,1418
18733833,1418,1418
18963833,1418,1418
19193833,1418,1418
19423833,1418,1418
19653833,1418,1418
19883833,1418,1418
20113833,1418,1418
20343833,1418,1418
20573833,1418,1418
20803833,1418,1418
21033833,1418,1418
21263833,1418,1418
21493833,1418,1418
21723833,1418,1418
21953833,1418,1418
22183833,1418,1418
22413833,1418,1418
22643833,1418,1418
22873833,1418,1418
23103833,1418,1418
23333833,1418,1418
23563833,1418,1418
23793833,1418,1418
24023833,1418,1418
24253833,1418,1418
24483833,1418,1418
24713833,1418,1418
24943833,1418,1418
25173833,1418,1418
25403833,1418,1418
25633833,1418,1418
25863833,1418,1418
26093833,2836,1418
26323833,1418,1418
26553833,1418,1418
26783833,2836,1418
27013833,1418,1418
27243833,2836,1418
27473833,2836,1418
27703833,1418,1418
27933833,1418,1418
28163833,1418,1418
28393833,1418,1418
28623833,1418,1418
28853833,1418,1418
29083833,1418,1418
29313833,1418,1418
29543833,1418,1418
29773833,1418,1418
30003833,1418,1418
30233833,1418,1418
30463833,1418,1418
30693833,1418,1418
30923833,1418,1418
31153833,1418,1418
31383833,1418,1418
31613833,1418,1418
31843833,2836,1418
32073833,4254,1418
32303833,2836,1418
32535833,2836,1418
32767833,1418,1418
32998833,1418,1418
33229833,1418,1418
33460833,1418,1418
33691833,1418,1418
33922833,2836,1418
34152833,4254,1418
34385833,2836,1418
34617833,1418,1418
34849833,1418,1418
35080833,1418,1418
35311833,1418,1418
35542833,1418,1418
35773833,1418,1418
36004833,1418,1418
36235833,1418,1418
36465833,1418,1418
36695833,1418,1418
36925833,1418,1418
37155833,1418,1418
37385833,1418,1418
37615833,1418,1418
37845833,1418,1418
38075833,2836,1418
38305833,2836,1418
38535833,2836,1418
38765833,4254,1418
38995833,4254,1418
39227833,2836,1418
39458833,2836,1418
39689833,2836,1418
39920833,2836,1418
40151833,2836,1418
40381833,4254,1418
40611833,2836,1418
40841833,2836,1418
41071833,2836,1418
41301833,1418,1418
41531833,1418,1418
41761833,1418,1418
41991833,1418,1418
42221833,1418,1418
42451833,1418,1418
42681833,1418,1418
42911833,1418,1418
43141833,1418,1418
43371833,1418,1418
43601833,1418,1418
43831833,1418,1418
44061833,2836,1418
44291833,1418,1418
44521833,2836,1418
44751833,4254,1418
44981833,4254,1418
45213833,2836,1418
45445833,1418,1418
45676833,1418,1418
45907833,1418,1418
46138833,1418,1418
46369833,1418,1418
46600833,1418,1418
46830833,1418,1418
47060833,1418,1418
47290833,1418,1418
47520833,1418,1418
47750833,1418,1418
47980833,1418,1418
48210833,2836,1418
48440833,1418,1418
48670833,2836,1418
48900833,1418,1418
49130833,2836,1418
49360833,1418,1418
49590833,1418,1418
49820833,1418,1418
50050833,1418,1418
50280833,1418,1418
50510833,1418,1418
50740833,1418,1418
50970833,1418,1418
51200833,1418,1418
51430833,1418,1418
51660833,1418,1418
51890833,1418,1418
52120833,1418,1418
52350833,1418,1418
52580833,1418,1418
52810833,1418,1418
53040833,1418,1418
53270833,1418,1418
53500833,1418,1418
53730833,1418,1418
53960833,1418,1418
54190833,1418,1418
54420833,1418,1418
54650833,1418,1418
54880833,1418,1418
55110833,1418,1418
55340833,1418,1418
55570833,1418,1418
55800833,1418,1418
56030833,0,1418
56260833,1418,1418
56490833,1418,1418
56720833,1418,1418
56950833,1418,1418
57180833,1418,1418
57410833,1418,1418
57640833,1418,1418
57870833,1418,1418
58100833,1418,1418
58330833,1418,1418
58560833,1418,1418
58790833,1418,1418
59020833,1418,1418
59250833,1418,1418
59480833,1418,1418
59710833,1418,1418
59940833,1418,1418
