timestamp,rtt0,rtt1
611833,218,184
611833,218,184
829833,223,184
1052833,224,219
1276833,224,221
1500833,225,222
1725833,226,223
1951833,226,224
2177833,227,225
2404833,227,225
2631833,227,226
2858833,228,226
3086833,228,227
3314833,229,227
3543833,229,227
3772833,229,228
4001833,229,228
4230833,229,228
4459833,229,228
4688833,229,229
4917833,229,229
5146833,230,229
5376833,230,229
5606833,230,229
5836833,230,229
6066833,230,229
6296833,230,229
6526833,230,229
6756833,230,229
6986833,230,229
7216833,233,230
7449833,232,230
7681833,232,230
7913833,232,230
8145833,232,230
8377833,231,230
8608833,231,230
8839833,231,230
9070833,231,230
9301833,231,230
9532833,231,230
9763833,230,230
9993833,230,230
10223833,230,230
10453833,230,230
10683833,230,230
10913833,230,230
11143833,230,230
11373833,230,230
11603833,230,230
11833833,230,230
12063833,230,230
12293833,230,230
12523833,230,230
12753833,230,230
12983833,230,230
13213833,230,230
13443833,230,230
13673833,230,230
13903833,230,230
14133833,230,230
14363833,230,230
14593833,230,230
14823833,230,230
15053833,230,230
15283833,230,230
15513833,230,230
15743833,230,230
15973833,230,230
16203833,230,230
16433833,230,230
16663833,230,230
16893833,230,230
17123833,230,230
17353833,230,230
17583833,230,230
17813833,230,230
18043833,230,230
18273833,230,230
18503833,230,230
18733833,230,230
18963833,230,230
19193833,230,230
19423833,230,230
19653833,230,230
19883833,230,230
20113833,230,230
20343833,230,230
20573833,230,230
20803833,230,230
21033833,230,230
21263833,230,230
21493833,230,230
21723833,230,230
21953833,230,230
22183833,230,230
22413833,230,230
22643833,230,230
22873833,230,230
23103833,230,230
23333833,230,230
23563833,230,230
23793833,230,230
24023833,230,230
24253833,230,230
24483833,230,230
24713833,230,230
24943833,230,230
25173833,230,230
25403833,230,230
25633833,230,230
25863833,230,230
26093833,230,230
26323833,230,230
26553833,230,230
26783833,230,230
27013833,230,230
27243833,230,230
27473833,230,230
27703833,230,230
27933833,230,230
28163833,230,230
28393833,230,230
28623833,230,230
28853833,230,230
29083833,230,230
29313833,230,230
29543833,230,230
29773833,230,230
30003833,230,230
30233833,230,230
30463833,230,230
30693833,230,230
30923833,230,230
31153833,230,230
31383833,230,230
31613833,230,230
31843833,230,230
32073833,230,230
32303833,232,230
32535833,232,230
32767833,231,230
32998833,231,230
33229833,231,230
33460833,231,230
33691833,231,230
33922833,230,230
34152833,233,230
34385833,232,230
34617833,232,230
34849833,231,230
35080833,231,230
35311833,231,230
35542833,231,230
35773833,231,230
36004833,231,230
36235833,230,230
36465833,230,230
36695833,230,230
36925833,230,230
37155833,230,230
37385833,230,230
37615833,230,230
37845833,230,230
38075833,230,230
38305833,230,230
38535833,230,230
38765833,230,230
38995833,232,230
39227833,231,230
39458833,231,230
39689833,231,230
39920833,231,230
40151833,230,230
40381833,230,230
40611833,230,230
40841833,230,230
41071833,230,230
41301833,230,230
41531833,230,230
41761833,230,230
41991833,230,230
42221833,230,230
42451833,230,230
42681833,230,230
42911833,230,230
43141833,230,230
43371833,230,230
43601833,230,230
43831833,230,230
44061833,230,230
44291833,230,230
44521833,230,230
44751833,230,230
44981833,232,230
45213833,232,230
45445833,231,230
45676833,231,230
45907833,231,230
46138833,231,230
46369833,231,230
46600833,230,230
46830833,230,230
47060833,230,230
47290833,230,230
47520833,230,230
47750833,230,230
47980833,230,230
48210833,230,230
48440833,230,230
48670833,230,230
48900833,230,230
49130833,230,230
49360833,230,230
49590833,230,230
49820833,230,230
50050833,230,230
50280833,230,230
50510833,230,230
50740833,230,230
50970833,230,230
51200833,230,230
51430833,230,230
51660833,230,230
51890833,230,230
52120833,230,230
52350833,230,230
52580833,230,230
52810833,230,230
53040833,230,230
53270833,230,230
53500833,230,230
53730833,230,230
53960833,230,230
54190833,230,230
54420833,230,230
54650833,230,230
54880833,230,230
55110833,230,230
55340833,230,230
55570833,230,230
55800833,230,230
56030833,230,230
56260833,230,230
56490833,230,230
56720833,230,230
56950833,230,230
57180833,230,230
57410833,230,230
57640833,230,230
57870833,230,230
58100833,230,230
58330833,230,230
58560833,230,230
58790833,230,230
59020833,230,230
59250833,230,230
59480833,230,230
59710833,230,230
59940833,230,230
