timestamp,availableTxBuffer0,availableTxBuffer1
611833,246472,246472
611833,246472,246472
829833,250726,246472
1052833,250726,250726
1276833,250726,250726
1500833,250726,250726
1725833,250726,250726
1951833,250726,250726
2177833,250726,250726
2404833,250726,250726
2631833,250726,250726
2858833,249308,250726
3086833,249308,250726
3314833,250726,250726
3543833,249308,250726
3772833,250726,250726
4001833,250726,250726
4230833,250726,250726
4459833,250726,250726
4688833,250726,250726
4917833,249308,250726
5146833,250726,250726
5376833,250726,250726
5606833,249308,250726
5836833,249308,250726
6066833,249308,250726
6296833,250726,250726
6526833,250726,250726
6756833,249308,250726
6986833,247890,250726
7216833,249308,250726
7449833,247890,250726
7681833,249308,250726
7913833,250726,250726
8145833,250726,250726
8377833,250726,250726
8608833,250726,250726
8839833,250726,250726
9070833,250726,250726
9301833,250726,250726
9532833,250726,250726
9763833,250726,250726
9993833,250726,250726
10223833,250726,250726
10453833,250726,250726
10683833,250726,250726
10913833,250726,250726
11143833,250726,250726
11373833,250726,250726
11603833,250726,250726
11833833,250726,250726
12063833,250726,250726
12293833,250726,250726
12523833,252144,250726
12753833,250726,250726
12983833,250726,250726
13213833,250726,250726
13443833,250726,250726
13673833,250726,250726
13903833,250726,250726
14133833,250726,250726
14363833,250726,250726
14593833,250726,250726
14823833,250726,250726
15053833,250726,250726
15283833,250726,250726
15513833,250726,250726
15743833,250726,250726
15973833,250726,250726
16203833,250726,250726
16433833,250726,250726
16663833,250726,250726
16893833,250726,250726
17123833,250726,250726
17353833,250726,250726
17583833,250726,250726
17813833,250726,250726
18043833,250726,250726
18273833,250726,250726
18503833,250726,250726
18733833,250726,250726
18963833,250726,250726
19193833,250726,250726
19423833,250726,250726
19653833,250726,250726
19883833,250726,250726
20113833,250726,250726
20343833,250726,250726
20573833,250726,250726
20803833,250726,250726
21033833,250726,250726
21263833,250726,250726
21493833,250726,250726
21723833,250726,250726
21953833,250726,250726
22183833,250726,250726
22413833,250726,250726
22643833,250726,250726
22873833,250726,250726
23103833,250726,250726
23333833,250726,250726
23563833,250726,250726
23793833,250726,250726
24023833,250726,250726
24253833,250726,250726
24483833,250726,250726
24713833,250726,250726
24943833,250726,250726
25173833,250726,250726
25403833,250726,250726
25633833,250726,250726
25863833,250726,250726
26093833,249308,250726
26323833,250726,250726
26553833,250726,250726
26783833,249308,250726
27013833,250726,250726
27243833,249308,250726
27473833,249308,250726
27703833,250726,250726
27933833,250726,250726
28163833,250726,250726
28393833,250726,250726
28623833,250726,250726
28853833,250726,250726
29083833,250726,250726
29313833,250726,250726
29543833,250726,250726
29773833,250726,250726
30003833,250726,250726
30233833,250726,250726
30463833,250726,250726
30693833,250726,250726
30923833,250726,250726
31153833,250726,250726
31383833,250726,250726
31613833,250726,250726
31843833,249308,250726
32073833,247890,250726
32303833,249308,250726
32535833,249308,250726
32767833,250726,250726
32998833,250726,250726
33229833,250726,250726
33460833,250726,250726
33691833,250726,250726
33922833,249308,250726
34152833,247890,250726
34385833,249308,250726
34617833,250726,250726
34849833,250726,250726
35080833,250726,250726
35311833,250726,250726
35542833,250726,250726
35773833,250726,250726
36004833,250726,250726
36235833,250726,250726
36465833,250726,250726
36695833,250726,250726
36925833,250726,250726
37155833,250726,250726
37385833,250726,250726
37615833,250726,250726
37845833,250726,250726
38075833,249308,250726
38305833,249308,250726
38535833,249308,250726
38765833,247890,250726
38995833,247890,250726
39227833,249308,250726
39458833,249308,250726
39689833,249308,250726
39920833,249308,250726
40151833,249308,250726
40381833,247890,250726
40611833,249308,250726
40841833,249308,250726
41071833,249308,250726
41301833,250726,250726
41531833,250726,250726
41761833,250726,250726
41991833,250726,250726
42221833,250726,250726
42451833,250726,250726
42681833,250726,250726
42911833,250726,250726
43141833,250726,250726
43371833,250726,250726
43601833,250726,250726
43831833,250726,250726
44061833,249308,250726
44291833,250726,250726
44521833,249308,250726
44751833,247890,250726
44981833,247890,250726
45213833,249308,250726
45445833,250726,250726
45676833,250726,250726
45907833,250726,250726
46138833,250726,250726
46369833,250726,250726
46600833,250726,250726
46830833,250726,250726
47060833,250726,250726
47290833,250726,250726
47520833,250726,250726
47750833,250726,250726
47980833,250726,250726
48210833,249308,250726
48440833,250726,250726
48670833,249308,250726
48900833,250726,250726
49130833,249308,250726
49360833,250726,250726
49590833,250726,250726
49820833,250726,250726
50050833,250726,250726
50280833,250726,250726
50510833,250726,250726
50740833,250726,250726
50970833,250726,250726
51200833,250726,250726
51430833,250726,250726
51660833,250726,250726
51890833,250726,250726
52120833,250726,250726
52350833,250726,250726
52580833,250726,250726
52810833,250726,250726
53040833,250726,250726
53270833,250726,250726
53500833,250726,250726
53730833,250726,250726
53960833,250726,250726
54190833,250726,250726
54420833,250726,250726
54650833,250726,250726
54880833,250726,250726
55110833,250726,250726
55340833,250726,250726
55570833,250726,250726
55800833,250726,250726
56030833,252144,250726
56260833,250726,250726
56490833,250726,250726
56720833,250726,250726
56950833,250726,250726
57180833,250726,250726
57410833,250726,250726
57640833,250726,250726
57870833,250726,250726
58100833,250726,250726
58330833,250726,250726
58560833,250726,250726
58790833,250726,250726
59020833,250726,250726
59250833,250726,250726
59480833,250726,250726
59710833,250726,250726
59940833,250726,250726
