timestamp,cWnd0,cWnd1
611833,5672,5672
611833,1682,1500
829833,1682,1500
1052833,1554,1500
1276833,1500,1500
1500833,1500,1500
1725833,1500,1500
1951833,1500,1500
2177833,1500,1500
2404833,1500,1500
2631833,1500,1500
2858833,1500,1500
3086833,1500,1500
3314833,1500,1500
3542833,1527,1500
3771833,2123,1500
4000833,1878,1500
4229833,1500,1500
4458833,1500,1500
4687833,1640,1500
4916833,1500,1500
5145833,1500,1500
5374833,2311,1500
5603833,2116,1500
5832833,2038,1500
6062833,1721,1500
6292833,1865,1500
6522833,3053,1500
6752833,5424,1500
6982833,5116,1500
7216833,3392,1500
7448833,3033,1500
7680833,2615,1500
7911833,1953,1500
8142833,1500,1500
8373833,1500,1500
8604833,1500,1500
8835833,1500,1500
9066833,1500,1500
9297833,1500,1500
9527833,1500,1500
9757833,1500,1500
9987833,1500,1500
10217833,1500,1500
10447833,1500,1500
10677833,1500,1500
10907833,1500,1500
11137833,1653,1500
11367833,1500,1500
11597833,1500,1500
11827833,1500,1500
12057833,1500,1500
12287833,1541,1500
12517833,1500,1500
12747833,1500,1500
12977833,1500,1500
13207833,1500,1500
13437833,1500,1500
13667833,1500,1500
13897833,1500,1500
14127833,1500,1500
14357833,1502,1500
14587833,1500,1500
14817833,1500,1500
15047833,1500,1500
15277833,1500,1500
15507833,1500,1500
15737833,1500,1500
15967833,1500,1500
16197833,1500,1500
16427833,1500,1500
16657833,1500,1500
16887833,1500,1500
17117833,1500,1500
17347833,1500,1500
17577833,1500,1500
17807833,1500,1500
18037833,1500,1500
18267833,1500,1500
18497833,1500,1500
18727833,1500,1500
18957833,1500,1500
19187833,1500,1500
19417833,1500,1500
19647833,1500,1500
19877833,1500,1500
20107833,1500,1500
20337833,1500,1500
20567833,1500,1500
20797833,1500,1500
21027833,1500,1500
21257833,1500,1500
21487833,1500,1500
21717833,1500,1500
21947833,1500,1500
22177833,1652,1500
22407833,2049,1500
22637833,1500,1500
22867833,1500,1500
23097833,1500,1500
23327833,1916,1500
23557833,2127,1500
23787833,1947,1500
24017833,2220,1500
24247833,1800,1500
24477833,1500,1500
24707833,1623,1500
24937833,1765,1500
25167833,1500,1500
25397833,1500,1500
25627833,1500,1500
25857833,1500,1500
26087833,1500,1500
26317833,1849,1500
26547833,2352,1500
26777833,1712,1500
27007833,1890,1500
27237833,1567,1500
27467833,1500,1500
27697833,1500,1500
27927833,1500,1500
28157833,1500,1500
28387833,1500,1500
28617833,1500,1500
28847833,1500,1500
29077833,1500,1500
29307833,1500,1500
29537833,1500,1500
29767833,1500,1500
29997833,1500,1500
30227833,1500,1500
30457833,1997,1500
30687833,2012,1500
30917833,2590,1500
31147833,3261,1500
31377833,4534,1500
31607833,5194,1500
31839833,4661,1500
32070833,3336,1500
32301833,2790,1500
32532833,2305,1500
32762833,2032,1500
32992833,1826,1500
33222833,1552,1500
33452833,1793,1500
33682833,1500,1500
33912833,1500,1500
34142833,1828,1500
34372833,1921,1500
34602833,2589,1500
34832833,2714,1500
35062833,1559,1500
35292833,1500,1500
35522833,1500,1500
35752833,1500,1500
35982833,1500,1500
36212833,1500,1500
36442833,1500,1500
36672833,1500,1500
36902833,1500,1500
37132833,1500,1500
37362833,1500,1500
37592833,1682,1500
37822833,2235,1500
38052833,1984,1500
38282833,1649,1500
38512833,1955,1500
38742833,2290,1500
38972833,2507,1500
39202833,1810,1500
39432833,1643,1500
39662833,1500,1500
39892833,1500,1500
40122833,1500,1500
40352833,1500,1500
40582833,1500,1500
40812833,1500,1500
41042833,1500,1500
41272833,1500,1500
41502833,1500,1500
41732833,1573,1500
41962833,2113,1500
42192833,2213,1500
42422833,1500,1500
42652833,1500,1500
42882833,1616,1500
43112833,1500,1500
43342833,1500,1500
43572833,1500,1500
43802833,1500,1500
44032833,1500,1500
44262833,1500,1500
44492833,1500,1500
44722833,1671,1500
44952833,1500,1500
45182833,1500,1500
45412833,1500,1500
45642833,1500,1500
45872833,1500,1500
46102833,1500,1500
46332833,1500,1500
46562833,1500,1500
46792833,1716,1500
47022833,1705,1500
47252833,2392,1500
47482833,1653,1500
47712833,1500,1500
47942833,1500,1500
48172833,1755,1500
48402833,2471,1500
48632833,2071,1500
48862833,1500,1500
49092833,2383,1500
49322833,2155,1500
49552833,2102,1500
49782833,2941,1500
50012833,2888,1500
50245833,3312,1500
50477833,2738,1500
50708833,2556,1500
50939833,3357,1500
51170833,6020,1500
51403833,3396,1500
51648833,4535,1500
51888833,5898,1500
52125833,7975,1500
52360833,8663,1500
52598833,9048,1500
52839833,7855,1500
53074833,5796,1500
53307833,3172,1500
53539833,2893,1500
53770833,2133,1500
54001833,2809,1500
54232833,1789,1500
54463833,1912,1500
54694833,1500,1500
54924833,1500,1500
55154833,1500,1500
55384833,1500,1500
55614833,1500,1500
55844833,1500,1500
56074833,1500,1500
56304833,1500,1500
56534833,1500,1500
56764833,1500,1500
56994833,1500,1500
57224833,1500,1500
57454833,1500,1500
57684833,1500,1500
57914833,1500,1500
58144833,1500,1500
58374833,1500,1500
58604833,1500,1500
58834833,1500,1500
59064833,1500,1500
59294833,1500,1500
59524833,1500,1500
59754833,1500,1500
59984833,1500,1500
