timestamp,rWnd0,rWnd1
611833,1073725440,1073725440
611833,1073725440,1073725440
829833,1073725440,1073725440
1052833,1073725440,1073725440
1276833,1073725440,1073725440
1500833,1073725440,1073725440
1725833,1073725440,1073725440
1951833,1073725440,1073725440
2177833,1073725440,1073725440
2404833,1073725440,1073725440
2631833,1073725440,1073725440
2858833,1073725440,1073725440
3086833,1073725440,1073725440
3314833,1073725440,1073725440
3542833,1073725440,1073725440
3771833,1073725440,1073725440
4000833,1073725440,1073725440
4229833,1073725440,1073725440
4458833,1073725440,1073725440
4687833,1073725440,1073725440
4916833,1073725440,1073725440
5145833,1073725440,1073725440
5374833,1073725440,1073725440
5603833,1073725440,1073725440
5832833,1073725440,1073725440
6062833,1073725440,1073725440
6292833,1073725440,1073725440
6522833,1073725440,1073725440
6752833,1073725440,1073725440
6982833,1073725440,1073725440
7216833,1073725440,1073725440
7448833,1073725440,1073725440
7680833,1073725440,1073725440
7911833,1073725440,1073725440
8142833,1073725440,1073725440
8373833,1073725440,1073725440
8604833,1073725440,1073725440
8835833,1073725440,1073725440
9066833,1073725440,1073725440
9297833,1073725440,1073725440
9527833,1073725440,1073725440
9757833,1073725440,1073725440
9987833,1073725440,1073725440
10217833,1073725440,1073725440
10447833,1073725440,1073725440
10677833,1073725440,1073725440
10907833,1073725440,1073725440
11137833,1073725440,1073725440
11367833,1073725440,1073725440
11597833,1073725440,1073725440
11827833,1073725440,1073725440
12057833,1073725440,1073725440
12287833,1073725440,1073725440
12517833,1073725440,1073725440
12747833,1073725440,1073725440
12977833,1073725440,1073725440
13207833,1073725440,1073725440
13437833,1073725440,1073725440
13667833,1073725440,1073725440
13897833,1073725440,1073725440
14127833,1073725440,1073725440
14357833,1073725440,1073725440
14587833,1073725440,1073725440
14817833,1073725440,1073725440
15047833,1073725440,1073725440
15277833,1073725440,1073725440
15507833,1073725440,1073725440
15737833,1073725440,1073725440
15967833,1073725440,1073725440
16197833,1073725440,1073725440
16427833,1073725440,1073725440
16657833,1073725440,1073725440
16887833,1073725440,1073725440
17117833,1073725440,1073725440
17347833,1073725440,1073725440
17577833,1073725440,1073725440
17807833,1073725440,1073725440
18037833,1073725440,1073725440
18267833,1073725440,1073725440
18497833,1073725440,1073725440
18727833,1073725440,1073725440
18957833,1073725440,1073725440
19187833,1073725440,1073725440
19417833,1073725440,1073725440
19647833,1073725440,1073725440
19877833,1073725440,1073725440
20107833,1073725440,1073725440
20337833,1073725440,1073725440
20567833,1073725440,1073725440
20797833,1073725440,1073725440
21027833,1073725440,1073725440
21257833,1073725440,1073725440
21487833,1073725440,1073725440
21717833,1073725440,1073725440
21947833,1073725440,1073725440
22177833,1073725440,1073725440
22407833,1073725440,1073725440
22637833,1073725440,1073725440
22867833,1073725440,1073725440
23097833,1073725440,1073725440
23327833,1073725440,1073725440
23557833,1073725440,1073725440
23787833,1073725440,1073725440
24017833,1073725440,1073725440
24247833,1073725440,1073725440
24477833,1073725440,1073725440
24707833,1073725440,1073725440
24937833,1073725440,1073725440
25167833,1073725440,1073725440
25397833,1073725440,1073725440
25627833,1073725440,1073725440
25857833,1073725440,1073725440
26087833,1073725440,1073725440
26317833,1073725440,1073725440
26547833,1073725440,1073725440
26777833,1073725440,1073725440
27007833,1073725440,1073725440
27237833,1073725440,1073725440
27467833,1073725440,1073725440
27697833,1073725440,1073725440
27927833,1073725440,1073725440
28157833,1073725440,1073725440
28387833,1073725440,1073725440
28617833,1073725440,1073725440
28847833,1073725440,1073725440
29077833,1073725440,1073725440
29307833,1073725440,1073725440
29537833,1073725440,1073725440
29767833,1073725440,1073725440
29997833,1073725440,1073725440
30227833,1073725440,1073725440
30457833,1073725440,1073725440
30687833,1073725440,1073725440
30917833,1073725440,1073725440
31147833,1073725440,1073725440
31377833,1073725440,1073725440
31607833,1073725440,1073725440
31839833,1073725440,1073725440
32070833,1073725440,1073725440
32301833,1073725440,1073725440
32532833,1073725440,1073725440
32762833,1073725440,1073725440
32992833,1073725440,1073725440
33222833,1073725440,1073725440
33452833,1073725440,1073725440
33682833,1073725440,1073725440
33912833,1073725440,1073725440
34142833,1073725440,1073725440
34372833,1073725440,1073725440
34602833,1073725440,1073725440
34832833,1073725440,1073725440
35062833,1073725440,1073725440
35292833,1073725440,1073725440
35522833,1073725440,1073725440
35752833,1073725440,1073725440
35982833,1073725440,1073725440
36212833,1073725440,1073725440
36442833,1073725440,1073725440
36672833,1073725440,1073725440
36902833,1073725440,1073725440
37132833,1073725440,1073725440
37362833,1073725440,1073725440
37592833,1073725440,1073725440
37822833,1073725440,1073725440
38052833,1073725440,1073725440
38282833,1073725440,1073725440
38512833,1073725440,1073725440
38742833,1073725440,1073725440
38972833,1073725440,1073725440
39202833,1073725440,1073725440
39432833,1073725440,1073725440
39662833,1073725440,1073725440
39892833,1073725440,1073725440
40122833,1073725440,1073725440
40352833,1073725440,1073725440
40582833,1073725440,1073725440
40812833,1073725440,1073725440
41042833,1073725440,1073725440
41272833,1073725440,1073725440
41502833,1073725440,1073725440
41732833,1073725440,1073725440
41962833,1073725440,1073725440
42192833,1073725440,1073725440
42422833,1073725440,1073725440
42652833,1073725440,1073725440
42882833,1073725440,1073725440
43112833,1073725440,1073725440
43342833,1073725440,1073725440
43572833,1073725440,1073725440
43802833,1073725440,1073725440
44032833,1073725440,1073725440
44262833,1073725440,1073725440
44492833,1073725440,1073725440
44722833,1073725440,1073725440
44952833,1073725440,1073725440
45182833,1073725440,1073725440
45412833,1073725440,1073725440
45642833,1073725440,1073725440
45872833,1073725440,1073725440
46102833,1073725440,1073725440
46332833,1073725440,1073725440
46562833,1073725440,1073725440
46792833,1073725440,1073725440
47022833,1073725440,1073725440
47252833,1073725440,1073725440
47482833,1073725440,1073725440
47712833,1073725440,1073725440
47942833,1073725440,1073725440
48172833,1073725440,1073725440
48402833,1073725440,1073725440
48632833,1073725440,1073725440
48862833,1073725440,1073725440
49092833,1073725440,1073725440
49322833,1073725440,1073725440
49552833,1073725440,1073725440
49782833,1073725440,1073725440
50012833,1073725440,1073725440
50245833,1073725440,1073725440
50477833,1073725440,1073725440
50708833,1073725440,1073725440
50939833,1073725440,1073725440
51170833,1073725440,1073725440
51403833,1073725440,1073725440
51648833,1073725440,1073725440
51888833,1073725440,1073725440
52125833,1073725440,1073725440
52360833,1073725440,1073725440
52598833,1073725440,1073725440
52839833,1073725440,1073725440
53074833,1073725440,1073725440
53307833,1073725440,1073725440
53539833,1073725440,1073725440
53770833,1073725440,1073725440
54001833,1073725440,1073725440
54232833,1073725440,1073725440
54463833,1073725440,1073725440
54694833,1073725440,1073725440
54924833,1073725440,1073725440
55154833,1073725440,1073725440
55384833,1073725440,1073725440
55614833,1073725440,1073725440
55844833,1073725440,1073725440
56074833,1073725440,1073725440
56304833,1073725440,1073725440
56534833,1073725440,1073725440
56764833,1073725440,1073725440
56994833,1073725440,1073725440
57224833,1073725440,1073725440
57454833,1073725440,1073725440
57684833,1073725440,1073725440
57914833,1073725440,1073725440
58144833,1073725440,1073725440
58374833,1073725440,1073725440
58604833,1073725440,1073725440
58834833,1073725440,1073725440
59064833,1073725440,1073725440
59294833,1073725440,1073725440
59524833,1073725440,1073725440
59754833,1073725440,1073725440
59984833,1073725440,1073725440
