timestamp,availableTxBuffer0,availableTxBuffer1
611833,246472,246472
611833,246472,246472
829833,250726,246472
1052833,250726,250726
1276833,250726,250726
1500833,250726,250726
1725833,250726,250726
1951833,250726,250726
2177833,250726,250726
2404833,250726,250726
2631833,250726,250726
2858833,250726,250726
3086833,250726,250726
3314833,250726,250726
3542833,250726,250726
3771833,250726,250726
4000833,250726,250726
4229833,250726,250726
4458833,250726,250726
4687833,250726,250726
4916833,250726,250726
5145833,250726,250726
5374833,250726,250726
5603833,250726,250726
5832833,250726,250726
6062833,250726,250726
6292833,250726,250726
6522833,249308,250726
6752833,247890,250726
6982833,247890,250726
7216833,249308,250726
7448833,249308,250726
7680833,250726,250726
7911833,250726,250726
8142833,250726,250726
8373833,250726,250726
8604833,250726,250726
8835833,250726,250726
9066833,250726,250726
9297833,250726,250726
9527833,250726,250726
9757833,250726,250726
9987833,250726,250726
10217833,250726,250726
10447833,250726,250726
10677833,250726,250726
10907833,250726,250726
11137833,250726,250726
11367833,250726,250726
11597833,252144,250726
11827833,250726,250726
12057833,250726,250726
12287833,250726,250726
12517833,250726,250726
12747833,250726,250726
12977833,250726,250726
13207833,250726,250726
13437833,250726,250726
13667833,250726,250726
13897833,250726,250726
14127833,250726,250726
14357833,250726,250726
14587833,250726,250726
14817833,250726,250726
15047833,250726,250726
15277833,250726,250726
15507833,250726,250726
15737833,250726,250726
15967833,250726,250726
16197833,250726,250726
16427833,250726,250726
16657833,250726,250726
16887833,250726,250726
17117833,250726,250726
17347833,250726,250726
17577833,250726,250726
17807833,250726,250726
18037833,250726,250726
18267833,250726,250726
18497833,250726,250726
18727833,250726,250726
18957833,250726,250726
19187833,250726,252144
19417833,250726,250726
19647833,250726,250726
19877833,250726,250726
20107833,250726,250726
20337833,250726,250726
20567833,250726,250726
20797833,250726,250726
21027833,250726,250726
21257833,250726,250726
21487833,250726,250726
21717833,250726,250726
21947833,250726,250726
22177833,250726,250726
22407833,250726,250726
22637833,250726,250726
22867833,250726,250726
23097833,250726,250726
23327833,250726,250726
23557833,250726,250726
23787833,250726,250726
24017833,250726,250726
24247833,250726,250726
24477833,250726,250726
24707833,250726,250726
24937833,250726,250726
25167833,250726,250726
25397833,250726,250726
25627833,250726,250726
25857833,250726,250726
26087833,250726,250726
26317833,250726,250726
26547833,250726,250726
26777833,250726,250726
27007833,250726,250726
27237833,250726,250726
27467833,250726,250726
27697833,250726,250726
27927833,250726,250726
28157833,250726,250726
28387833,250726,250726
28617833,250726,250726
28847833,250726,250726
29077833,250726,250726
29307833,250726,250726
29537833,250726,250726
29767833,250726,250726
29997833,250726,250726
30227833,250726,250726
30457833,250726,250726
30687833,250726,250726
30917833,250726,250726
31147833,249308,250726
31377833,247890,250726
31607833,247890,250726
31839833,247890,250726
32070833,249308,250726
32301833,250726,250726
32532833,250726,250726
32762833,250726,250726
32992833,250726,250726
33222833,250726,250726
33452833,250726,250726
33682833,250726,250726
33912833,250726,250726
34142833,250726,250726
34372833,250726,250726
34602833,250726,250726
34832833,250726,250726
35062833,250726,250726
35292833,250726,250726
35522833,250726,250726
35752833,250726,250726
35982833,250726,250726
36212833,250726,250726
36442833,250726,250726
36672833,250726,250726
36902833,250726,250726
37132833,250726,250726
37362833,250726,250726
37592833,250726,250726
37822833,250726,250726
38052833,250726,250726
38282833,250726,250726
38512833,250726,250726
38742833,250726,250726
38972833,250726,250726
39202833,250726,250726
39432833,250726,250726
39662833,250726,250726
39892833,250726,250726
40122833,250726,250726
40352833,250726,250726
40582833,250726,250726
40812833,250726,250726
41042833,250726,250726
41272833,250726,250726
41502833,250726,250726
41732833,250726,250726
41962833,250726,250726
42192833,250726,250726
42422833,250726,250726
42652833,250726,250726
42882833,250726,250726
43112833,250726,250726
43342833,250726,250726
43572833,250726,250726
43802833,250726,250726
44032833,250726,250726
44262833,250726,250726
44492833,250726,250726
44722833,250726,250726
44952833,250726,250726
45182833,250726,250726
45412833,250726,250726
45642833,250726,250726
45872833,250726,250726
46102833,250726,250726
46332833,250726,250726
46562833,250726,250726
46792833,250726,250726
47022833,250726,250726
47252833,250726,250726
47482833,250726,250726
47712833,250726,250726
47942833,250726,250726
48172833,250726,250726
48402833,250726,250726
48632833,250726,250726
48862833,250726,250726
49092833,250726,250726
49322833,250726,250726
49552833,250726,250726
49782833,249308,250726
50012833,249308,250726
50245833,249308,250726
50477833,250726,250726
50708833,250726,250726
50939833,250726,250726
51170833,247890,250726
51403833,249308,250726
51648833,247890,250726
51888833,246472,250726
52125833,245054,250726
52360833,243636,250726
52598833,243636,250726
52839833,245054,250726
53074833,246472,250726
53307833,249308,250726
53539833,249308,250726
53770833,250726,250726
54001833,250726,250726
54232833,250726,250726
54463833,250726,250726
54694833,250726,250726
54924833,250726,250726
55154833,250726,250726
55384833,250726,250726
55614833,250726,250726
55844833,250726,250726
56074833,250726,250726
56304833,250726,250726
56534833,250726,250726
56764833,250726,250726
56994833,250726,250726
57224833,250726,250726
57454833,250726,250726
57684833,250726,250726
57914833,250726,250726
58144833,250726,250726
58374833,250726,250726
58604833,250726,250726
58834833,252144,250726
59064833,250726,250726
59294833,250726,250726
59524833,250726,250726
59754833,250726,250726
59984833,250726,250726
