timestamp,rtt0,rtt1
611833,218,184
611833,218,184
829833,223,184
1052833,224,219
1276833,224,221
1500833,225,222
1725833,226,223
1951833,226,224
2177833,227,225
2404833,227,225
2631833,227,226
2858833,228,226
3086833,228,227
3314833,228,227
3542833,229,227
3771833,229,228
4000833,229,228
4229833,229,228
4458833,229,228
4687833,229,229
4916833,229,229
5145833,229,229
5374833,229,229
5603833,229,229
5832833,230,229
6062833,230,229
6292833,230,229
6522833,230,229
6752833,230,229
6982833,234,229
7216833,232,230
7448833,232,230
7680833,231,230
7911833,231,230
8142833,231,230
8373833,231,230
8604833,231,230
8835833,231,230
9066833,231,230
9297833,230,230
9527833,230,230
9757833,230,230
9987833,230,230
10217833,230,230
10447833,230,230
10677833,230,230
10907833,230,230
11137833,230,230
11367833,230,230
11597833,230,230
11827833,230,230
12057833,230,230
12287833,230,230
12517833,230,230
12747833,230,230
12977833,230,230
13207833,230,230
13437833,230,230
13667833,230,230
13897833,230,230
14127833,230,230
14357833,230,230
14587833,230,230
14817833,230,230
15047833,230,230
15277833,230,230
15507833,230,230
15737833,230,230
15967833,230,230
16197833,230,230
16427833,230,230
16657833,230,230
16887833,230,230
17117833,230,230
17347833,230,230
17577833,230,230
17807833,230,230
18037833,230,230
18267833,230,230
18497833,230,230
18727833,230,230
18957833,230,230
19187833,230,230
19417833,230,230
19647833,230,230
19877833,230,230
20107833,230,230
20337833,230,230
20567833,230,230
20797833,230,230
21027833,230,230
21257833,230,230
21487833,230,230
21717833,230,230
21947833,230,230
22177833,230,230
22407833,230,230
22637833,230,230
22867833,230,230
23097833,230,230
23327833,230,230
23557833,230,230
23787833,230,230
24017833,230,230
24247833,230,230
24477833,230,230
24707833,230,230
24937833,230,230
25167833,230,230
25397833,230,230
25627833,230,230
25857833,230,230
26087833,230,230
26317833,230,230
26547833,230,230
26777833,230,230
27007833,230,230
27237833,230,230
27467833,230,230
27697833,230,230
27927833,230,230
28157833,230,230
28387833,230,230
28617833,230,230
28847833,230,230
29077833,230,230
29307833,230,230
29537833,230,230
29767833,230,230
29997833,230,230
30227833,230,230
30457833,230,230
30687833,230,230
30917833,230,230
31147833,230,230
31377833,230,230
31607833,232,230
31839833,231,230
32070833,231,230
32301833,231,230
32532833,230,230
32762833,230,230
32992833,230,230
33222833,230,230
33452833,230,230
33682833,230,230
33912833,230,230
34142833,230,230
34372833,230,230
34602833,230,230
34832833,230,230
35062833,230,230
35292833,230,230
35522833,230,230
35752833,230,230
35982833,230,230
36212833,230,230
36442833,230,230
36672833,230,230
36902833,230,230
37132833,230,230
37362833,230,230
37592833,230,230
37822833,230,230
38052833,230,230
38282833,230,230
38512833,230,230
38742833,230,230
38972833,230,230
39202833,230,230
39432833,230,230
39662833,230,230
39892833,230,230
40122833,230,230
40352833,230,230
40582833,230,230
40812833,230,230
41042833,230,230
41272833,230,230
41502833,230,230
41732833,230,230
41962833,230,230
42192833,230,230
42422833,230,230
42652833,230,230
42882833,230,230
43112833,230,230
43342833,230,230
43572833,230,230
43802833,230,230
44032833,230,230
44262833,230,230
44492833,230,230
44722833,230,230
44952833,230,230
45182833,230,230
45412833,230,230
45642833,230,230
45872833,230,230
46102833,230,230
46332833,230,230
46562833,230,230
46792833,230,230
47022833,230,230
47252833,230,230
47482833,230,230
47712833,230,230
47942833,230,230
48172833,230,230
48402833,230,230
48632833,230,230
48862833,230,230
49092833,230,230
49322833,230,230
49552833,230,230
49782833,230,230
50012833,233,230
50245833,232,230
50477833,231,230
50708833,231,230
50939833,231,230
51170833,233,230
51403833,245,230
51648833,240,230
51888833,237,230
52125833,235,230
52360833,238,230
52598833,241,230
52839833,235,230
53074833,233,230
53307833,232,230
53539833,231,230
53770833,231,230
54001833,231,230
54232833,231,230
54463833,231,230
54694833,230,230
54924833,230,230
55154833,230,230
55384833,230,230
55614833,230,230
55844833,230,230
56074833,230,230
56304833,230,230
56534833,230,230
56764833,230,230
56994833,230,230
57224833,230,230
57454833,230,230
57684833,230,230
57914833,230,230
58144833,230,230
58374833,230,230
58604833,230,230
58834833,230,230
59064833,230,230
59294833,230,230
59524833,230,230
59754833,230,230
59984833,230,230
