timestamp,unAck0,unAck1
611833,5672,5672
611833,5672,5672
829833,1418,5672
1052833,1418,1418
1276833,1418,1418
1500833,1418,1418
1725833,1418,1418
1951833,1418,1418
2177833,1418,1418
2404833,1418,1418
2631833,1418,1418
2858833,1418,1418
3086833,1418,1418
3314833,1418,1418
3542833,1418,1418
3771833,1418,1418
4000833,1418,1418
4229833,1418,1418
4458833,1418,1418
4687833,1418,1418
4916833,1418,1418
5145833,1418,1418
5374833,1418,1418
5603833,1418,1418
5832833,1418,1418
6062833,1418,1418
6292833,1418,1418
6522833,2836,1418
6752833,4254,1418
6982833,4254,1418
7216833,2836,1418
7448833,2836,1418
7680833,1418,1418
7911833,1418,1418
8142833,1418,1418
8373833,1418,1418
8604833,1418,1418
8835833,1418,1418
9066833,1418,1418
9297833,1418,1418
9527833,1418,1418
9757833,1418,1418
9987833,1418,1418
10217833,1418,1418
10447833,1418,1418
10677833,1418,1418
10907833,1418,1418
11137833,1418,1418
11367833,1418,1418
11597833,0,1418
11827833,1418,1418
12057833,1418,1418
12287833,1418,1418
12517833,1418,1418
12747833,1418,1418
12977833,1418,1418
13207833,1418,1418
13437833,1418,1418
13667833,1418,1418
13897833,1418,1418
14127833,1418,1418
14357833,1418,1418
14587833,1418,1418
14817833,1418,1418
15047833,1418,1418
15277833,1418,1418
15507833,1418,1418
15737833,1418,1418
15967833,1418,1418
16197833,1418,1418
16427833,1418,1418
16657833,1418,1418
16887833,1418,1418
17117833,1418,1418
17347833,1418,1418
17577833,1418,1418
17807833,1418,1418
18037833,1418,1418
18267833,1418,1418
18497833,1418,1418
18727833,1418,1418
18957833,1418,1418
19187833,1418,0
19417833,1418,1418
19647833,1418,1418
19877833,1418,1418
20107833,1418,1418
20337833,1418,1418
20567833,1418,1418
20797833,1418,1418
21027833,1418,1418
21257833,1418,1418
21487833,1418,1418
21717833,1418,1418
21947833,1418,1418
22177833,1418,1418
22407833,1418,1418
22637833,1418,1418
22867833,1418,1418
23097833,1418,1418
23327833,1418,1418
23557833,1418,1418
23787833,1418,1418
24017833,1418,1418
24247833,1418,1418
24477833,1418,1418
24707833,1418,1418
24937833,1418,1418
25167833,1418,1418
25397833,1418,1418
25627833,1418,1418
25857833,1418,1418
26087833,1418,1418
26317833,1418,1418
26547833,1418,1418
26777833,1418,1418
27007833,1418,1418
27237833,1418,1418
27467833,1418,1418
27697833,1418,1418
27927833,1418,1418
28157833,1418,1418
28387833,1418,1418
28617833,1418,1418
28847833,1418,1418
29077833,1418,1418
29307833,1418,1418
29537833,1418,1418
29767833,1418,1418
29997833,1418,1418
30227833,1418,1418
30457833,1418,1418
30687833,1418,1418
30917833,1418,1418
31147833,2836,1418
31377833,4254,1418
31607833,4254,1418
31839833,4254,1418
32070833,2836,1418
32301833,1418,1418
32532833,1418,1418
32762833,1418,1418
32992833,1418,1418
33222833,1418,1418
33452833,1418,1418
33682833,1418,1418
33912833,1418,1418
34142833,1418,1418
34372833,1418,1418
34602833,1418,1418
34832833,1418,1418
35062833,1418,1418
35292833,1418,1418
35522833,1418,1418
35752833,1418,1418
35982833,1418,1418
36212833,1418,1418
36442833,1418,1418
36672833,1418,1418
36902833,1418,1418
37132833,1418,1418
37362833,1418,1418
37592833,1418,1418
37822833,1418,1418
38052833,1418,1418
38282833,1418,1418
38512833,1418,1418
38742833,1418,1418
38972833,1418,1418
39202833,1418,1418
39432833,1418,1418
39662833,1418,1418
39892833,1418,1418
40122833,1418,1418
40352833,1418,1418
40582833,1418,1418
40812833,1418,1418
41042833,1418,1418
41272833,1418,1418
41502833,1418,1418
41732833,1418,1418
41962833,1418,1418
42192833,1418,1418
42422833,1418,1418
42652833,1418,1418
42882833,1418,1418
43112833,1418,1418
43342833,1418,1418
43572833,1418,1418
43802833,1418,1418
44032833,1418,1418
44262833,1418,1418
44492833,1418,1418
44722833,1418,1418
44952833,1418,1418
45182833,1418,1418
45412833,1418,1418
45642833,1418,1418
45872833,1418,1418
46102833,1418,1418
46332833,1418,1418
46562833,1418,1418
46792833,1418,1418
47022833,1418,1418
47252833,1418,1418
47482833,1418,1418
47712833,1418,1418
47942833,1418,1418
48172833,1418,1418
48402833,1418,1418
48632833,1418,1418
48862833,1418,1418
49092833,1418,1418
49322833,1418,1418
49552833,1418,1418
49782833,2836,1418
50012833,2836,1418
50245833,2836,1418
50477833,1418,1418
50708833,1418,1418
50939833,1418,1418
51170833,4254,1418
51403833,2836,1418
51648833,4254,1418
51888833,5672,1418
52125833,7090,1418
52360833,8508,1418
52598833,8508,1418
52839833,7090,1418
53074833,5672,1418
53307833,2836,1418
53539833,2836,1418
53770833,1418,1418
54001833,1418,1418
54232833,1418,1418
54463833,1418,1418
54694833,1418,1418
54924833,1418,1418
55154833,1418,1418
55384833,1418,1418
55614833,1418,1418
55844833,1418,1418
56074833,1418,1418
56304833,1418,1418
56534833,1418,1418
56764833,1418,1418
56994833,1418,1418
57224833,1418,1418
57454833,1418,1418
57684833,1418,1418
57914833,1418,1418
58144833,1418,1418
58374833,1418,1418
58604833,1418,1418
58834833,0,1418
59064833,1418,1418
59294833,1418,1418
59524833,1418,1418
59754833,1418,1418
59984833,1418,1418
