timestamp,rWnd0,rWnd1
611833,1073725440,1073725440
611833,1073725440,1073725440
829833,1073725440,1073725440
1052833,1073725440,1073725440
1276833,1073725440,1073725440
1500833,1073725440,1073725440
1725833,1073725440,1073725440
1951833,1073725440,1073725440
2177833,1073725440,1073725440
2404833,1073725440,1073725440
2631833,1073725440,1073725440
2858833,1073725440,1073725440
3086833,1073725440,1073725440
3314833,1073725440,1073725440
3542833,1073725440,1073725440
3771833,1073725440,1073725440
4000833,1073725440,1073725440
4229833,1073725440,1073725440
4458833,1073725440,1073725440
4687833,1073725440,1073725440
4919833,1073725440,1073725440
5151833,1073725440,1073725440
5382833,1073725440,1073725440
5613833,1073725440,1073725440
5844833,1073725440,1073725440
6075833,1073725440,1073725440
6306833,1073725440,1073725440
6537833,1073725440,1073725440
6768833,1073725440,1073725440
7001833,1073725440,1073725440
7233833,1073725440,1073725440
7465833,1073725440,1073725440
7697833,1073725440,1073725440
7929833,1073725440,1073725440
8160833,1073725440,1073725440
8391833,1073725440,1073725440
8622833,1073725440,1073725440
8853833,1073725440,1073725440
9084833,1073725440,1073725440
9315833,1073725440,1073725440
9546833,1073725440,1073725440
9776833,1073725440,1073725440
10006833,1073725440,1073725440
10236833,1073725440,1073725440
10466833,1073725440,1073725440
10696833,1073725440,1073725440
10926833,1073725440,1073725440
11156833,1073725440,1073725440
11386833,1073725440,1073725440
11616833,1073725440,1073725440
11846833,1073725440,1073725440
12076833,1073725440,1073725440
12306833,1073725440,1073725440
12536833,1073725440,1073725440
12766833,1073725440,1073725440
12996833,1073725440,1073725440
13226833,1073725440,1073725440
13456833,1073725440,1073725440
13686833,1073725440,1073725440
13916833,1073725440,1073725440
14146833,1073725440,1073725440
14376833,1073725440,1073725440
14606833,1073725440,1073725440
14836833,1073725440,1073725440
15066833,1073725440,1073725440
15296833,1073725440,1073725440
15526833,1073725440,1073725440
15756833,1073725440,1073725440
15986833,1073725440,1073725440
16216833,1073725440,1073725440
16446833,1073725440,1073725440
16676833,1073725440,1073725440
16906833,1073725440,1073725440
17136833,1073725440,1073725440
17366833,1073725440,1073725440
17596833,1073725440,1073725440
17826833,1073725440,1073725440
18056833,1073725440,1073725440
18286833,1073725440,1073725440
18516833,1073725440,1073725440
18746833,1073725440,1073725440
18976833,1073725440,1073725440
19206833,1073725440,1073725440
19436833,1073725440,1073725440
19666833,1073725440,1073725440
19896833,1073725440,1073725440
20126833,1073725440,1073725440
20356833,1073725440,1073725440
20586833,1073725440,1073725440
20816833,1073725440,1073725440
21046833,1073725440,1073725440
21276833,1073725440,1073725440
21506833,1073725440,1073725440
21736833,1073725440,1073725440
21966833,1073725440,1073725440
22196833,1073725440,1073725440
22426833,1073725440,1073725440
22656833,1073725440,1073725440
22886833,1073725440,1073725440
23116833,1073725440,1073725440
23346833,1073725440,1073725440
23576833,1073725440,1073725440
23806833,1073725440,1073725440
24036833,1073725440,1073725440
24266833,1073725440,1073725440
24496833,1073725440,1073725440
24726833,1073725440,1073725440
24956833,1073725440,1073725440
25186833,1073725440,1073725440
25416833,1073725440,1073725440
25646833,1073725440,1073725440
25876833,1073725440,1073725440
26106833,1073725440,1073725440
26336833,1073725440,1073725440
26566833,1073725440,1073725440
26796833,1073725440,1073725440
27026833,1073725440,1073725440
27256833,1073725440,1073725440
27486833,1073725440,1073725440
27716833,1073725440,1073725440
27946833,1073725440,1073725440
28176833,1073725440,1073725440
28406833,1073725440,1073725440
28636833,1073725440,1073725440
28866833,1073725440,1073725440
29096833,1073725440,1073725440
29326833,1073725440,1073725440
29556833,1073725440,1073725440
29786833,1073725440,1073725440
30016833,1073725440,1073725440
30246833,1073725440,1073725440
30476833,1073725440,1073725440
30706833,1073725440,1073725440
30936833,1073725440,1073725440
31166833,1073725440,1073725440
31396833,1073725440,1073725440
31626833,1073725440,1073725440
31856833,1073725440,1073725440
32086833,1073725440,1073725440
32316833,1073725440,1073725440
32546833,1073725440,1073725440
32776833,1073725440,1073725440
33006833,1073725440,1073725440
33236833,1073725440,1073725440
33466833,1073725440,1073725440
33696833,1073725440,1073725440
33926833,1073725440,1073725440
34156833,1073725440,1073725440
34386833,1073725440,1073725440
34616833,1073725440,1073725440
34846833,1073725440,1073725440
35076833,1073725440,1073725440
35306833,1073725440,1073725440
35536833,1073725440,1073725440
35766833,1073725440,1073725440
35996833,1073725440,1073725440
36226833,1073725440,1073725440
36456833,1073725440,1073725440
36686833,1073725440,1073725440
36916833,1073725440,1073725440
37146833,1073725440,1073725440
37376833,1073725440,1073725440
37606833,1073725440,1073725440
37836833,1073725440,1073725440
38066833,1073725440,1073725440
38296833,1073725440,1073725440
38526833,1073725440,1073725440
38756833,1073725440,1073725440
38986833,1073725440,1073725440
39216833,1073725440,1073725440
39448833,1073725440,1073725440
39680833,1073725440,1073725440
39911833,1073725440,1073725440
40142833,1073725440,1073725440
40373833,1073725440,1073725440
40604833,1073725440,1073725440
40834833,1073725440,1073725440
41064833,1073725440,1073725440
41294833,1073725440,1073725440
41524833,1073725440,1073725440
41754833,1073725440,1073725440
41984833,1073725440,1073725440
42214833,1073725440,1073725440
42444833,1073725440,1073725440
42674833,1073725440,1073725440
42904833,1073725440,1073725440
43134833,1073725440,1073725440
43364833,1073725440,1073725440
43594833,1073725440,1073725440
43824833,1073725440,1073725440
44054833,1073725440,1073725440
44284833,1073725440,1073725440
44514833,1073725440,1073725440
44744833,1073725440,1073725440
44974833,1073725440,1073725440
45204833,1073725440,1073725440
45434833,1073725440,1073725440
45664833,1073725440,1073725440
45894833,1073725440,1073725440
46124833,1073725440,1073725440
46354833,1073725440,1073725440
46584833,1073725440,1073725440
46814833,1073725440,1073725440
47044833,1073725440,1073725440
47274833,1073725440,1073725440
47504833,1073725440,1073725440
47734833,1073725440,1073725440
47964833,1073725440,1073725440
48194833,1073725440,1073725440
48424833,1073725440,1073725440
48656833,1073725440,1073725440
48892833,1073725440,1073725440
49126833,1073725440,1073725440
49359833,1073725440,1073725440
49592833,1073725440,1073725440
49824833,1073725440,1073725440
50056833,1073725440,1073725440
50288833,1073725440,1073725440
50520833,1073725440,1073725440
50751833,1073725440,1073725440
50982833,1073725440,1073725440
51213833,1073725440,1073725440
51444833,1073725440,1073725440
51675833,1073725440,1073725440
51906833,1073725440,1073725440
52136833,1073725440,1073725440
52366833,1073725440,1073725440
52596833,1073725440,1073725440
52828833,1073725440,1073725440
53059833,1073725440,1073725440
53294833,1073725440,1073725440
53527833,1073725440,1073725440
53759833,1073725440,1073725440
53991833,1073725440,1073725440
54223833,1073725440,1073725440
54455833,1073725440,1073725440
54686833,1073725440,1073725440
54918833,1073725440,1073725440
55149833,1073725440,1073725440
55380833,1073725440,1073725440
55611833,1073725440,1073725440
55843833,1073725440,1073725440
56074833,1073725440,1073725440
56308833,1073725440,1073725440
56541833,1073725440,1073725440
56785833,1073725440,1073725440
57025833,1073725440,1073725440
57262833,1073725440,1073725440
57497833,1073725440,1073725440
57730833,1073725440,1073725440
57962833,1073725440,1073725440
58194833,1073725440,1073725440
58425833,1073725440,1073725440
58656833,1073725440,1073725440
58893833,1073725440,1073725440
59129833,1073725440,1073725440
59369833,1073725440,1073725440
59608833,1073725440,1073725440
59849833,1073725440,1073725440
