timestamp,unAck0,unAck1
611833,5672,5672
611833,5672,5672
829833,1418,5672
1052833,1418,1418
1276833,1418,1418
1500833,1418,1418
1725833,1418,1418
1951833,1418,1418
2177833,1418,1418
2404833,1418,1418
2631833,1418,1418
2858833,1418,1418
3086833,1418,1418
3314833,1418,1418
3542833,1418,1418
3771833,1418,1418
4000833,1418,1418
4229833,1418,1418
4458833,4254,1418
4687833,1418,1418
4919833,2836,1418
5151833,1418,1418
5382833,1418,1418
5613833,1418,1418
5844833,0,1418
6075833,0,1418
6306833,1418,1418
6537833,2836,1418
6768833,1418,1418
7001833,1418,1418
7233833,1418,1418
7465833,1418,1418
7697833,1418,1418
7929833,1418,1418
8160833,1418,1418
8391833,1418,1418
8622833,1418,1418
8853833,1418,1418
9084833,1418,1418
9315833,1418,1418
9546833,1418,1418
9776833,0,1418
10006833,1418,1418
10236833,1418,1418
10466833,1418,1418
10696833,1418,1418
10926833,1418,1418
11156833,1418,1418
11386833,1418,1418
11616833,1418,1418
11846833,1418,1418
12076833,1418,1418
12306833,1418,1418
12536833,1418,1418
12766833,1418,1418
12996833,1418,1418
13226833,1418,1418
13456833,1418,1418
13686833,1418,1418
13916833,1418,1418
14146833,1418,1418
14376833,1418,1418
14606833,1418,1418
14836833,1418,1418
15066833,1418,1418
15296833,1418,1418
15526833,1418,1418
15756833,1418,1418
15986833,1418,1418
16216833,1418,1418
16446833,1418,1418
16676833,1418,1418
16906833,1418,1418
17136833,1418,1418
17366833,1418,1418
17596833,1418,1418
17826833,1418,1418
18056833,1418,1418
18286833,1418,1418
18516833,1418,1418
18746833,1418,1418
18976833,1418,1418
19206833,1418,1418
19436833,1418,1418
19666833,1418,1418
19896833,1418,1418
20126833,1418,1418
20356833,1418,1418
20586833,1418,1418
20816833,1418,1418
21046833,1418,1418
21276833,1418,1418
21506833,1418,1418
21736833,1418,1418
21966833,1418,1418
22196833,1418,1418
22426833,1418,0
22656833,1418,1418
22886833,1418,1418
23116833,1418,1418
23346833,1418,1418
23576833,1418,1418
23806833,1418,1418
24036833,1418,1418
24266833,2836,1418
24496833,2836,1418
24726833,1418,1418
24956833,1418,1418
25186833,1418,1418
25416833,1418,1418
25646833,1418,1418
25876833,1418,1418
26106833,1418,1418
26336833,1418,1418
26566833,1418,1418
26796833,1418,1418
27026833,1418,1418
27256833,1418,1418
27486833,1418,1418
27716833,1418,1418
27946833,1418,1418
28176833,1418,1418
28406833,1418,1418
28636833,1418,1418
28866833,1418,1418
29096833,1418,1418
29326833,1418,1418
29556833,1418,1418
29786833,1418,1418
30016833,1418,1418
30246833,1418,1418
30476833,1418,1418
30706833,1418,1418
30936833,1418,1418
31166833,1418,1418
31396833,1418,1418
31626833,1418,1418
31856833,1418,1418
32086833,1418,1418
32316833,1418,1418
32546833,1418,1418
32776833,1418,1418
33006833,1418,1418
33236833,1418,1418
33466833,1418,1418
33696833,1418,1418
33926833,1418,1418
34156833,1418,1418
34386833,1418,1418
34616833,1418,1418
34846833,1418,1418
35076833,1418,1418
35306833,1418,1418
35536833,1418,1418
35766833,1418,1418
35996833,1418,1418
36226833,1418,1418
36456833,1418,1418
36686833,2836,1418
36916833,1418,1418
37146833,2836,1418
37376833,2836,1418
37606833,1418,1418
37836833,2836,1418
38066833,2836,1418
38296833,1418,1418
38526833,1418,1418
38756833,2836,1418
38986833,4254,1418
39216833,2836,1418
39448833,2836,1418
39680833,2836,1418
39911833,1418,1418
40142833,1418,1418
40373833,1418,1418
40604833,1418,1418
40834833,1418,1418
41064833,1418,1418
41294833,1418,1418
41524833,1418,1418
41754833,1418,1418
41984833,1418,1418
42214833,1418,1418
42444833,1418,1418
42674833,1418,1418
42904833,1418,1418
43134833,1418,1418
43364833,1418,1418
43594833,1418,1418
43824833,1418,1418
44054833,1418,1418
44284833,1418,1418
44514833,1418,1418
44744833,1418,1418
44974833,1418,1418
45204833,1418,1418
45434833,1418,1418
45664833,1418,1418
45894833,1418,1418
46124833,1418,1418
46354833,1418,1418
46584833,1418,1418
46814833,1418,1418
47044833,1418,1418
47274833,1418,1418
47504833,1418,1418
47734833,1418,1418
47964833,1418,1418
48194833,2836,1418
48424833,4254,1418
48656833,2836,1418
48892833,2836,1418
49126833,1418,1418
49359833,1418,1418
49592833,1418,1418
49824833,1418,1418
50056833,1418,1418
50288833,1418,1418
50520833,1418,1418
50751833,1418,1418
50982833,1418,1418
51213833,1418,1418
51444833,1418,1418
51675833,1418,1418
51906833,1418,1418
52136833,1418,1418
52366833,2836,1418
52596833,2836,1418
52828833,4254,1418
53059833,4254,1418
53294833,2836,1418
53527833,1418,1418
53759833,1418,1418
53991833,1418,1418
54223833,1418,1418
54455833,2836,1418
54686833,2836,1418
54918833,1418,1418
55149833,1418,1418
55380833,2836,1418
55611833,2836,1418
55843833,4254,1418
56074833,4254,1418
56308833,7090,1418
56541833,4254,1418
56785833,4254,1418
57025833,2836,1418
57262833,2836,1418
57497833,4254,1418
57730833,2836,1418
57962833,2836,1418
58194833,1418,1418
58425833,4254,1418
58656833,1418,1418
58893833,4254,1418
59129833,1418,1418
59369833,2836,1418
59608833,1418,1418
59849833,4254,1418
