timestamp,cWnd0,cWnd1
611833,5672,5672
611833,1500,1500
829833,1500,1500
1052833,1500,1500
1276833,1500,1500
1500833,1500,1500
1725833,1500,1500
1951833,1500,1500
2177833,1500,1500
2404833,1500,1500
2631833,1500,1500
2858833,1500,1500
3086833,1500,1500
3314833,1500,1500
3542833,1500,1500
3771833,1500,1500
4000833,1500,1500
4229833,1671,1500
4458833,5163,1500
4687833,2460,1500
4919833,2849,1500
5151833,2494,1500
5382833,2038,1500
5613833,1597,1500
5844833,2471,1500
6075833,2177,1500
6306833,2177,1500
6537833,3230,1500
6768833,2342,1500
7001833,1500,1500
7233833,1500,1500
7465833,1500,1500
7697833,1500,1500
7929833,1500,1500
8160833,1588,1500
8391833,1833,1500
8622833,1500,1500
8853833,1500,1500
9084833,1500,1500
9315833,1500,1500
9546833,1500,1500
9776833,1500,1500
10006833,1500,1500
10236833,1500,1500
10466833,1500,1500
10696833,1500,1500
10926833,1500,1500
11156833,1500,1500
11386833,1500,1500
11616833,1500,1500
11846833,1500,1500
12076833,1500,1500
12306833,1500,1500
12536833,1500,1500
12766833,1500,1500
12996833,1500,1500
13226833,1500,1500
13456833,1500,1500
13686833,1500,1500
13916833,1500,1500
14146833,1500,1500
14376833,1500,1500
14606833,1500,1500
14836833,1500,1500
15066833,1500,1500
15296833,1500,1500
15526833,1500,1500
15756833,1500,1500
15986833,1500,1500
16216833,1614,1500
16446833,1775,1500
16676833,1500,1500
16906833,1714,1500
17136833,1500,1500
17366833,1500,1500
17596833,1500,1500
17826833,1500,1500
18056833,1500,1500
18286833,1500,1500
18516833,1500,1500
18746833,1500,1500
18976833,1500,1500
19206833,1500,1500
19436833,1500,1500
19666833,1500,1500
19896833,1675,1500
20126833,2134,1500
20356833,2262,1500
20586833,1682,1500
20816833,1500,1500
21046833,1500,1500
21276833,1500,1500
21506833,1500,1500
21736833,1500,1500
21966833,1500,1500
22196833,1500,1500
22426833,1500,1500
22656833,1579,1500
22886833,1500,1500
23116833,1500,1500
23346833,1500,1500
23576833,1609,1500
23806833,1500,1500
24036833,1890,1500
24266833,3677,1500
24496833,3184,1500
24726833,2273,1500
24956833,1652,1500
25186833,1500,1500
25416833,1500,1500
25646833,1500,1500
25876833,1500,1500
26106833,1500,1500
26336833,1500,1500
26566833,1500,1500
26796833,1500,1500
27026833,1500,1500
27256833,1500,1500
27486833,1500,1500
27716833,1500,1500
27946833,1500,1500
28176833,1500,1500
28406833,1500,1500
28636833,1500,1500
28866833,1500,1500
29096833,1500,1500
29326833,1557,1500
29556833,1500,1500
29786833,1500,1500
30016833,1500,1500
30246833,1500,1500
30476833,1711,1500
30706833,1500,1500
30936833,1921,1500
31166833,1629,1500
31396833,1500,1500
31626833,1915,1500
31856833,1500,1500
32086833,1500,1500
32316833,1500,1500
32546833,1500,1500
32776833,1500,1500
33006833,1500,1500
33236833,1500,1500
33466833,1500,1500
33696833,1911,1500
33926833,1673,1500
34156833,1500,1500
34386833,1500,1500
34616833,1500,1500
34846833,1500,1500
35076833,1500,1500
35306833,1500,1500
35536833,1500,1500
35766833,1500,1500
35996833,1500,1500
36226833,1500,1500
36456833,1735,1500
36686833,3258,1500
36916833,2320,1500
37146833,3978,1500
37376833,3053,1500
37606833,2738,1500
37836833,3617,1500
38066833,2963,1500
38296833,2558,1500
38526833,2265,1500
38756833,3502,1500
38986833,4642,1500
39216833,4019,1500
39448833,3509,1500
39680833,3312,1500
39911833,2806,1500
40142833,2319,1500
40373833,2146,1500
40604833,1500,1500
40834833,1500,1500
41064833,1500,1500
41294833,1500,1500
41524833,1500,1500
41754833,1500,1500
41984833,1500,1500
42214833,1500,1500
42444833,1500,1500
42674833,1500,1500
42904833,1500,1500
43134833,1500,1500
43364833,1500,1500
43594833,1500,1500
43824833,1500,1500
44054833,1500,1500
44284833,1500,1500
44514833,1500,1500
44744833,1500,1500
44974833,1500,1500
45204833,1500,1500
45434833,1500,1500
45664833,1500,1500
45894833,1500,1500
46124833,1500,1500
46354833,1500,1500
46584833,1500,1500
46814833,1500,1500
47044833,1500,1500
47274833,2249,1500
47504833,1522,1500
47734833,1780,1500
47964833,2021,1500
48194833,3662,1500
48424833,4459,1500
48656833,2985,1500
48892833,3553,1500
49126833,2399,1500
49359833,2213,1500
49592833,2339,1500
49824833,1861,1500
50056833,1500,1500
50288833,1500,1500
50520833,2043,1500
50751833,2247,1500
50982833,1880,1500
51213833,1781,1500
51444833,1824,1500
51675833,1566,1500
51906833,2026,1500
52136833,2263,1500
52366833,4087,1500
52596833,3880,1500
52828833,4698,1500
53059833,4282,1500
53294833,2912,1500
53527833,2435,1500
53759833,1500,1500
53991833,2171,1500
54223833,2121,1500
54455833,3208,1500
54686833,2938,1500
54918833,2577,1500
55149833,2124,1500
55380833,2929,1500
55611833,3233,1500
55843833,4420,1500
56074833,4608,1500
56308833,7896,1500
56541833,5277,1500
56785833,5225,1500
57025833,3052,1500
57262833,4046,1500
57497833,4367,1500
57730833,3992,1500
57962833,2903,1500
58194833,2428,1500
58425833,5652,1500
58656833,1772,1500
58893833,5111,1500
59129833,2022,1500
59369833,4671,1500
59608833,1982,1500
59849833,5478,1500
