timestamp,availableTxBuffer0,availableTxBuffer1
611833,246472,246472
611833,246472,246472
829833,250726,246472
1052833,250726,250726
1276833,250726,250726
1500833,250726,250726
1725833,250726,250726
1951833,250726,250726
2177833,250726,250726
2404833,250726,250726
2631833,250726,250726
2858833,250726,250726
3086833,250726,250726
3314833,250726,250726
3542833,250726,250726
3771833,250726,250726
4000833,250726,250726
4229833,250726,250726
4458833,247890,250726
4687833,250726,250726
4919833,249308,250726
5151833,250726,250726
5382833,250726,250726
5613833,250726,250726
5844833,252144,250726
6075833,252144,250726
6306833,250726,250726
6537833,249308,250726
6768833,250726,250726
7001833,250726,250726
7233833,250726,250726
7465833,250726,250726
7697833,250726,250726
7929833,250726,250726
8160833,250726,250726
8391833,250726,250726
8622833,250726,250726
8853833,250726,250726
9084833,250726,250726
9315833,250726,250726
9546833,250726,250726
9776833,252144,250726
10006833,250726,250726
10236833,250726,250726
10466833,250726,250726
10696833,250726,250726
10926833,250726,250726
11156833,250726,250726
11386833,250726,250726
11616833,250726,250726
11846833,250726,250726
12076833,250726,250726
12306833,250726,250726
12536833,250726,250726
12766833,250726,250726
12996833,250726,250726
13226833,250726,250726
13456833,250726,250726
13686833,250726,250726
13916833,250726,250726
14146833,250726,250726
14376833,250726,250726
14606833,250726,250726
14836833,250726,250726
15066833,250726,250726
15296833,250726,250726
15526833,250726,250726
15756833,250726,250726
15986833,250726,250726
16216833,250726,250726
16446833,250726,250726
16676833,250726,250726
16906833,250726,250726
17136833,250726,250726
17366833,250726,250726
17596833,250726,250726
17826833,250726,250726
18056833,250726,250726
18286833,250726,250726
18516833,250726,250726
18746833,250726,250726
18976833,250726,250726
19206833,250726,250726
19436833,250726,250726
19666833,250726,250726
19896833,250726,250726
20126833,250726,250726
20356833,250726,250726
20586833,250726,250726
20816833,250726,250726
21046833,250726,250726
21276833,250726,250726
21506833,250726,250726
21736833,250726,250726
21966833,250726,250726
22196833,250726,250726
22426833,250726,252144
22656833,250726,250726
22886833,250726,250726
23116833,250726,250726
23346833,250726,250726
23576833,250726,250726
23806833,250726,250726
24036833,250726,250726
24266833,249308,250726
24496833,249308,250726
24726833,250726,250726
24956833,250726,250726
25186833,250726,250726
25416833,250726,250726
25646833,250726,250726
25876833,250726,250726
26106833,250726,250726
26336833,250726,250726
26566833,250726,250726
26796833,250726,250726
27026833,250726,250726
27256833,250726,250726
27486833,250726,250726
27716833,250726,250726
27946833,250726,250726
28176833,250726,250726
28406833,250726,250726
28636833,250726,250726
28866833,250726,250726
29096833,250726,250726
29326833,250726,250726
29556833,250726,250726
29786833,250726,250726
30016833,250726,250726
30246833,250726,250726
30476833,250726,250726
30706833,250726,250726
30936833,250726,250726
31166833,250726,250726
31396833,250726,250726
31626833,250726,250726
31856833,250726,250726
32086833,250726,250726
32316833,250726,250726
32546833,250726,250726
32776833,250726,250726
33006833,250726,250726
33236833,250726,250726
33466833,250726,250726
33696833,250726,250726
33926833,250726,250726
34156833,250726,250726
34386833,250726,250726
34616833,250726,250726
34846833,250726,250726
35076833,250726,250726
35306833,250726,250726
35536833,250726,250726
35766833,250726,250726
35996833,250726,250726
36226833,250726,250726
36456833,250726,250726
36686833,249308,250726
36916833,250726,250726
37146833,249308,250726
37376833,249308,250726
37606833,250726,250726
37836833,249308,250726
38066833,249308,250726
38296833,250726,250726
38526833,250726,250726
38756833,249308,250726
38986833,247890,250726
39216833,249308,250726
39448833,249308,250726
39680833,249308,250726
39911833,250726,250726
40142833,250726,250726
40373833,250726,250726
40604833,250726,250726
40834833,250726,250726
41064833,250726,250726
41294833,250726,250726
41524833,250726,250726
41754833,250726,250726
41984833,250726,250726
42214833,250726,250726
42444833,250726,250726
42674833,250726,250726
42904833,250726,250726
43134833,250726,250726
43364833,250726,250726
43594833,250726,250726
43824833,250726,250726
44054833,250726,250726
44284833,250726,250726
44514833,250726,250726
44744833,250726,250726
44974833,250726,250726
45204833,250726,250726
45434833,250726,250726
45664833,250726,250726
45894833,250726,250726
46124833,250726,250726
46354833,250726,250726
46584833,250726,250726
46814833,250726,250726
47044833,250726,250726
47274833,250726,250726
47504833,250726,250726
47734833,250726,250726
47964833,250726,250726
48194833,249308,250726
48424833,247890,250726
48656833,249308,250726
48892833,249308,250726
49126833,250726,250726
49359833,250726,250726
49592833,250726,250726
49824833,250726,250726
50056833,250726,250726
50288833,250726,250726
50520833,250726,250726
50751833,250726,250726
50982833,250726,250726
51213833,250726,250726
51444833,250726,250726
51675833,250726,250726
51906833,250726,250726
52136833,250726,250726
52366833,249308,250726
52596833,249308,250726
52828833,247890,250726
53059833,247890,250726
53294833,249308,250726
53527833,250726,250726
53759833,250726,250726
53991833,250726,250726
54223833,250726,250726
54455833,249308,250726
54686833,249308,250726
54918833,250726,250726
55149833,250726,250726
55380833,249308,250726
55611833,249308,250726
55843833,247890,250726
56074833,247890,250726
56308833,245054,250726
56541833,247890,250726
56785833,247890,250726
57025833,249308,250726
57262833,249308,250726
57497833,247890,250726
57730833,249308,250726
57962833,249308,250726
58194833,250726,250726
58425833,247890,250726
58656833,250726,250726
58893833,247890,250726
59129833,250726,250726
59369833,249308,250726
59608833,250726,250726
59849833,247890,250726
