timestamp,rtt0,rtt1
611833,218,184
611833,218,184
829833,223,184
1052833,224,219
1276833,224,221
1500833,225,222
1725833,226,223
1951833,226,224
2177833,227,225
2404833,227,225
2631833,227,226
2858833,228,226
3086833,228,227
3314833,228,227
3542833,229,227
3771833,229,228
4000833,229,228
4229833,229,228
4458833,229,228
4687833,232,229
4919833,232,229
5151833,231,229
5382833,231,229
5613833,231,229
5844833,231,229
6075833,231,229
6306833,231,229
6537833,231,229
6768833,233,229
7001833,232,229
7233833,232,230
7465833,232,230
7697833,232,230
7929833,231,230
8160833,231,230
8391833,231,230
8622833,231,230
8853833,231,230
9084833,231,230
9315833,231,230
9546833,230,230
9776833,230,230
10006833,230,230
10236833,230,230
10466833,230,230
10696833,230,230
10926833,230,230
11156833,230,230
11386833,230,230
11616833,230,230
11846833,230,230
12076833,230,230
12306833,230,230
12536833,230,230
12766833,230,230
12996833,230,230
13226833,230,230
13456833,230,230
13686833,230,230
13916833,230,230
14146833,230,230
14376833,230,230
14606833,230,230
14836833,230,230
15066833,230,230
15296833,230,230
15526833,230,230
15756833,230,230
15986833,230,230
16216833,230,230
16446833,230,230
16676833,230,230
16906833,230,230
17136833,230,230
17366833,230,230
17596833,230,230
17826833,230,230
18056833,230,230
18286833,230,230
18516833,230,230
18746833,230,230
18976833,230,230
19206833,230,230
19436833,230,230
19666833,230,230
19896833,230,230
20126833,230,230
20356833,230,230
20586833,230,230
20816833,230,230
21046833,230,230
21276833,230,230
21506833,230,230
21736833,230,230
21966833,230,230
22196833,230,230
22426833,230,230
22656833,230,230
22886833,230,230
23116833,230,230
23346833,230,230
23576833,230,230
23806833,230,230
24036833,230,230
24266833,230,230
24496833,230,230
24726833,230,230
24956833,230,230
25186833,230,230
25416833,230,230
25646833,230,230
25876833,230,230
26106833,230,230
26336833,230,230
26566833,230,230
26796833,230,230
27026833,230,230
27256833,230,230
27486833,230,230
27716833,230,230
27946833,230,230
28176833,230,230
28406833,230,230
28636833,230,230
28866833,230,230
29096833,230,230
29326833,230,230
29556833,230,230
29786833,230,230
30016833,230,230
30246833,230,230
30476833,230,230
30706833,230,230
30936833,230,230
31166833,230,230
31396833,230,230
31626833,230,230
31856833,230,230
32086833,230,230
32316833,230,230
32546833,230,230
32776833,230,230
33006833,230,230
33236833,230,230
33466833,230,230
33696833,230,230
33926833,230,230
34156833,230,230
34386833,230,230
34616833,230,230
34846833,230,230
35076833,230,230
35306833,230,230
35536833,230,230
35766833,230,230
35996833,230,230
36226833,230,230
36456833,230,230
36686833,230,230
36916833,230,230
37146833,230,230
37376833,230,230
37606833,230,230
37836833,230,230
38066833,230,230
38296833,230,230
38526833,230,230
38756833,230,230
38986833,230,230
39216833,232,230
39448833,232,230
39680833,231,230
39911833,231,230
40142833,231,230
40373833,231,230
40604833,230,230
40834833,230,230
41064833,230,230
41294833,230,230
41524833,230,230
41754833,230,230
41984833,230,230
42214833,230,230
42444833,230,230
42674833,230,230
42904833,230,230
43134833,230,230
43364833,230,230
43594833,230,230
43824833,230,230
44054833,230,230
44284833,230,230
44514833,230,230
44744833,230,230
44974833,230,230
45204833,230,230
45434833,230,230
45664833,230,230
45894833,230,230
46124833,230,230
46354833,230,230
46584833,230,230
46814833,230,230
47044833,230,230
47274833,230,230
47504833,230,230
47734833,230,230
47964833,230,230
48194833,230,230
48424833,232,230
48656833,236,230
48892833,234,230
49126833,233,230
49359833,233,230
49592833,232,230
49824833,232,230
50056833,232,230
50288833,232,230
50520833,231,230
50751833,231,230
50982833,231,230
51213833,231,230
51444833,231,230
51675833,231,230
51906833,230,230
52136833,230,230
52366833,230,230
52596833,232,230
52828833,231,230
53059833,235,230
53294833,233,230
53527833,232,230
53759833,232,230
53991833,232,230
54223833,232,230
54455833,231,230
54686833,232,230
54918833,231,230
55149833,231,230
55380833,231,230
55611833,232,230
55843833,231,230
56074833,234,230
56308833,233,230
56541833,244,230
56785833,240,230
57025833,237,230
57262833,235,230
57497833,233,230
57730833,232,230
57962833,232,230
58194833,231,230
58425833,231,230
58656833,237,230
58893833,236,230
59129833,240,230
59369833,239,230
59608833,241,230
59849833,238,230
