timestamp,unAck0,unAck1
611833,5672,5672
611833,5672,5672
829833,1418,5672
1052833,4254,1418
1276833,2836,1418
1504833,2836,1418
1733833,5672,1418
1962833,2836,1418
2194833,1418,1418
2425833,5672,1418
2656833,2836,1418
2901833,4254,1418
3141833,5672,1418
3378833,2836,1418
3613833,9926,1418
3846833,2836,1418
4095833,1418,1418
4339833,7090,1418
4580833,4254,1418
4829833,2836,1418
5071833,7090,1418
5309833,4254,1418
5549833,4254,1418
5786833,4254,1418
6020833,5672,1418
6252833,5672,1418
6483833,8508,1418
6714833,7090,1418
6949833,2836,1418
7181833,7090,1418
7413833,7090,1418
7655833,4254,1418
7891833,4254,1418
8125833,2836,1418
8358833,2836,1418
8590833,4254,1418
8821833,4254,1418
9052833,4254,1418
9285833,2836,1418
9517833,4254,1418
9748833,4254,1418
9981833,2836,1418
10213833,4254,1418
10444833,2836,1418
10675833,2836,1418
10905833,0,1418
11135833,2836,1418
11365833,2836,1418
11598833,1418,1418
11831833,4254,1418
12063833,4254,1418
12299833,5672,1418
12533833,7090,1418
12771833,5672,1418
13013833,5672,1418
13250833,5672,1418
13484833,4254,1418
13717833,5672,1418
13948833,7090,1418
14179833,5672,1418
14412833,5672,1418
14644833,5672,1418
14875833,5672,1418
15105833,11344,1418
15335833,9926,1418
15592833,5672,1418
15833833,7090,1418
16069833,5672,1418
16302833,9926,1418
16534833,7090,1418
16771833,7090,1418
17005833,2836,1418
17237833,4254,1418
17468833,7090,1418
17699833,8508,1418
17935833,5672,1418
18173833,7090,1418
18407833,7090,1418
18640833,5672,1418
18872833,8508,1418
19103833,12762,1418
19337833,7090,1418
19589833,17016,1418
19829833,2836,1418
20119833,8508,1418
20397833,14180,1418
20664833,2836,1418
20929833,29778,1418
21183833,14180,1418
21571833,2836,1418
22079833,1418,1418
22495833,7090,1418
22830833,15598,1418
23114833,2836,1418
23399833,25524,1418
23666833,9926,1418
24075833,2836,1418
24465833,2836,1418
24818833,15598,1418
25128833,2836,1418
25432833,21270,1418
25712833,5672,1418
26102833,4254,1418
26430833,11344,1418
26720833,2836,1418
26973833,8508,0
27219833,4254,1418
27467833,5672,1418
27707833,5672,1418
27943833,5672,1418
28176833,5672,1418
28408833,12762,1418
28639833,1418,1418
28889833,12762,1418
29136833,1418,1418
29442833,14180,1418
29728833,1418,1418
30014833,8508,1418
30285833,8508,1418
30541833,31196,1418
30782833,15598,1418
31151833,2836,1418
31652833,1418,1418
32063833,2836,1418
32414833,14180,1418
32724833,1418,1418
33027833,15598,1418
33311833,1418,1418
33618833,11344,1418
33905833,7090,1418
34176833,17016,1418
34425833,1418,1418
34725833,5672,1418
35009833,12762,1418
35273833,1418,1418
35528833,4254,1418
35778833,11344,1418
36024833,4254,1418
36283833,5672,1418
36530833,5672,1418
36770833,8508,1418
37005833,14180,1418
37239833,1418,1418
37499833,4254,1418
37754833,12762,1418
38004833,1418,1418
38278833,2836,1418
38541833,7090,1418
38794833,17016,1418
39039833,2836,1418
39345833,2836,1418
39629833,7090,1418
39895833,18434,1418
40144833,2836,1418
40459833,5672,1418
40746833,26942,1418
41008833,11344,1418
41408833,1418,1418
41854833,8508,1418
42206833,22688,1418
42499833,5672,1418
42896833,7090,1418
43211833,17016,1418
43483833,1418,1418
43787833,21270,1418
44075833,4254,1418
44498833,1418,1418
44878833,21270,1418
45211833,1418,1418
45599833,18434,1418
45941833,1418,1418
46289833,19852,1418
46598833,1418,1418
46967833,8508,1418
47295833,14180,1418
47570833,1418,1418
47817833,29778,1418
48060833,15598,1418
48409833,2836,1418
48936833,5672,1418
49270833,18434,0
49558833,1418,1418
49887833,24106,1418
50193833,7090,1418
50666833,2836,1418
51056833,28360,1418
51385833,8508,1418
51899833,2836,1418
52330833,14180,1418
52680833,1418,1418
52952833,21270,1418
53213833,5672,1418
53602833,19852,1418
53950833,1418,1418
54313833,22688,1418
54633833,4254,1418
55048833,1418,1418
55430833,1418,1418
55776833,1418,1418
56107833,1418,1418
56415833,19852,1418
56701833,2836,1418
57077833,5672,1418
57395833,17016,1418
57672833,1418,1418
57978833,17016,1418
58267833,1418,1418
58604833,19852,1418
58911833,1418,1418
59289833,21270,1418
59626833,1418,1418
