timestamp,rWnd0,rWnd1
611833,1073725440,1073725440
611833,1073725440,1073725440
829833,1073725440,1073725440
1052833,1073725440,1073725440
1276833,1073725440,1073725440
1504833,1073725440,1073725440
1733833,1073725440,1073725440
1962833,1073725440,1073725440
2194833,1073725440,1073725440
2425833,1073725440,1073725440
2656833,1073725440,1073725440
2901833,1073725440,1073725440
3141833,1073725440,1073725440
3378833,1073725440,1073725440
3613833,1073725440,1073725440
3846833,1073725440,1073725440
4095833,1073725440,1073725440
4339833,1073725440,1073725440
4580833,1073725440,1073725440
4829833,1073725440,1073725440
5071833,1073725440,1073725440
5309833,1073725440,1073725440
5549833,1073725440,1073725440
5786833,1073725440,1073725440
6020833,1073725440,1073725440
6252833,1073725440,1073725440
6483833,1073725440,1073725440
6714833,1073725440,1073725440
6949833,1073725440,1073725440
7181833,1073725440,1073725440
7413833,1073725440,1073725440
7655833,1073725440,1073725440
7891833,1073725440,1073725440
8125833,1073725440,1073725440
8358833,1073725440,1073725440
8590833,1073725440,1073725440
8821833,1073725440,1073725440
9052833,1073725440,1073725440
9285833,1073725440,1073725440
9517833,1073725440,1073725440
9748833,1073725440,1073725440
9981833,1073725440,1073725440
10213833,1073725440,1073725440
10444833,1073725440,1073725440
10675833,1073725440,1073725440
10905833,1073725440,1073725440
11135833,1073725440,1073725440
11365833,1073725440,1073725440
11598833,1073725440,1073725440
11831833,1073725440,1073725440
12063833,1073725440,1073725440
12299833,1073725440,1073725440
12533833,1073725440,1073725440
12771833,1073725440,1073725440
13013833,1073725440,1073725440
13250833,1073725440,1073725440
13484833,1073725440,1073725440
13717833,1073725440,1073725440
13948833,1073725440,1073725440
14179833,1073725440,1073725440
14412833,1073725440,1073725440
14644833,1073725440,1073725440
14875833,1073725440,1073725440
15105833,1073725440,1073725440
15335833,1073725440,1073725440
15592833,1073725440,1073725440
15833833,1073725440,1073725440
16069833,1073725440,1073725440
16302833,1073725440,1073725440
16534833,1073725440,1073725440
16771833,1073725440,1073725440
17005833,1073725440,1073725440
17237833,1073725440,1073725440
17468833,1073725440,1073725440
17699833,1073725440,1073725440
17935833,1073725440,1073725440
18173833,1073725440,1073725440
18407833,1073725440,1073725440
18640833,1073725440,1073725440
18872833,1073725440,1073725440
19103833,1073725440,1073725440
19337833,1073725440,1073725440
19589833,1073725440,1073725440
19829833,1073725440,1073725440
20119833,1073725440,1073725440
20397833,1073725440,1073725440
20664833,1073725440,1073725440
20929833,1073725440,1073725440
21183833,1073725440,1073725440
21571833,1073725440,1073725440
22079833,1073725440,1073725440
22495833,1073725440,1073725440
22830833,1073725440,1073725440
23114833,1073725440,1073725440
23399833,1073725440,1073725440
23666833,1073725440,1073725440
24075833,1073725440,1073725440
24465833,1073725440,1073725440
24818833,1073725440,1073725440
25128833,1073725440,1073725440
25432833,1073725440,1073725440
25712833,1073725440,1073725440
26102833,1073725440,1073725440
26430833,1073725440,1073725440
26720833,1073725440,1073725440
26973833,1073725440,1073725440
27219833,1073725440,1073725440
27467833,1073725440,1073725440
27707833,1073725440,1073725440
27943833,1073725440,1073725440
28176833,1073725440,1073725440
28408833,1073725440,1073725440
28639833,1073725440,1073725440
28889833,1073725440,1073725440
29136833,1073725440,1073725440
29442833,1073725440,1073725440
29728833,1073725440,1073725440
30014833,1073725440,1073725440
30285833,1073725440,1073725440
30541833,1073725440,1073725440
30782833,1073725440,1073725440
31151833,1073725440,1073725440
31652833,1073725440,1073725440
32063833,1073725440,1073725440
32414833,1073725440,1073725440
32724833,1073725440,1073725440
33027833,1073725440,1073725440
33311833,1073725440,1073725440
33618833,1073725440,1073725440
33905833,1073725440,1073725440
34176833,1073725440,1073725440
34425833,1073725440,1073725440
34725833,1073725440,1073725440
35009833,1073725440,1073725440
35273833,1073725440,1073725440
35528833,1073725440,1073725440
35778833,1073725440,1073725440
36024833,1073725440,1073725440
36283833,1073725440,1073725440
36530833,1073725440,1073725440
36770833,1073725440,1073725440
37005833,1073725440,1073725440
37239833,1073725440,1073725440
37499833,1073725440,1073725440
37754833,1073725440,1073725440
38004833,1073725440,1073725440
38278833,1073725440,1073725440
38541833,1073725440,1073725440
38794833,1073725440,1073725440
39039833,1073725440,1073725440
39345833,1073725440,1073725440
39629833,1073725440,1073725440
39895833,1073725440,1073725440
40144833,1073725440,1073725440
40459833,1073725440,1073725440
40746833,1073725440,1073725440
41008833,1073725440,1073725440
41408833,1073725440,1073725440
41854833,1073725440,1073725440
42206833,1073725440,1073725440
42499833,1073725440,1073725440
42896833,1073725440,1073725440
43211833,1073725440,1073725440
43483833,1073725440,1073725440
43787833,1073725440,1073725440
44075833,1073725440,1073725440
44498833,1073725440,1073725440
44878833,1073725440,1073725440
45211833,1073725440,1073725440
45599833,1073725440,1073725440
45941833,1073725440,1073725440
46289833,1073725440,1073725440
46598833,1073725440,1073725440
46967833,1073725440,1073725440
47295833,1073725440,1073725440
47570833,1073725440,1073725440
47817833,1073725440,1073725440
48060833,1073725440,1073725440
48409833,1073725440,1073725440
48936833,1073725440,1073725440
49270833,1073725440,1073725440
49558833,1073725440,1073725440
49887833,1073725440,1073725440
50193833,1073725440,1073725440
50666833,1073725440,1073725440
51056833,1073725440,1073725440
51385833,1073725440,1073725440
51899833,1073725440,1073725440
52330833,1073725440,1073725440
52680833,1073725440,1073725440
52952833,1073725440,1073725440
53213833,1073725440,1073725440
53602833,1073725440,1073725440
53950833,1073725440,1073725440
54313833,1073725440,1073725440
54633833,1073725440,1073725440
55048833,1073725440,1073725440
55430833,1073725440,1073725440
55776833,1073725440,1073725440
56107833,1073725440,1073725440
56415833,1073725440,1073725440
56701833,1073725440,1073725440
57077833,1073725440,1073725440
57395833,1073725440,1073725440
57672833,1073725440,1073725440
57978833,1073725440,1073725440
58267833,1073725440,1073725440
58604833,1073725440,1073725440
58911833,1073725440,1073725440
59289833,1073725440,1073725440
59626833,1073725440,1073725440
