timestamp,availableTxBuffer0,availableTxBuffer1
611833,246472,246472
611833,246472,246472
829833,250726,246472
1052833,247890,250726
1276833,249308,250726
1504833,249308,250726
1733833,246472,250726
1962833,249308,250726
2194833,250726,250726
2425833,246472,250726
2656833,249308,250726
2901833,247890,250726
3141833,246472,250726
3378833,249308,250726
3613833,242218,250726
3846833,249308,250726
4095833,250726,250726
4339833,245054,250726
4580833,247890,250726
4829833,249308,250726
5071833,245054,250726
5309833,247890,250726
5549833,247890,250726
5786833,247890,250726
6020833,246472,250726
6252833,246472,250726
6483833,243636,250726
6714833,245054,250726
6949833,249308,250726
7181833,245054,250726
7413833,245054,250726
7655833,247890,250726
7891833,247890,250726
8125833,249308,250726
8358833,249308,250726
8590833,247890,250726
8821833,247890,250726
9052833,247890,250726
9285833,249308,250726
9517833,247890,250726
9748833,247890,250726
9981833,249308,250726
10213833,247890,250726
10444833,249308,250726
10675833,249308,250726
10905833,252144,250726
11135833,249308,250726
11365833,249308,250726
11598833,250726,250726
11831833,247890,250726
12063833,247890,250726
12299833,246472,250726
12533833,245054,250726
12771833,246472,250726
13013833,246472,250726
13250833,246472,250726
13484833,247890,250726
13717833,246472,250726
13948833,245054,250726
14179833,246472,250726
14412833,246472,250726
14644833,246472,250726
14875833,246472,250726
15105833,240800,250726
15335833,242218,250726
15592833,246472,250726
15833833,245054,250726
16069833,246472,250726
16302833,242218,250726
16534833,245054,250726
16771833,245054,250726
17005833,249308,250726
17237833,247890,250726
17468833,245054,250726
17699833,243636,250726
17935833,246472,250726
18173833,245054,250726
18407833,245054,250726
18640833,246472,250726
18872833,243636,250726
19103833,239382,250726
19337833,245054,250726
19589833,235128,250726
19829833,249308,250726
20119833,243636,250726
20397833,237964,250726
20664833,249308,250726
20929833,222366,250726
21183833,237964,250726
21571833,249308,250726
22079833,250726,250726
22495833,245054,250726
22830833,236546,250726
23114833,249308,250726
23399833,226620,250726
23666833,242218,250726
24075833,249308,250726
24465833,249308,250726
24818833,236546,250726
25128833,249308,250726
25432833,230874,250726
25712833,246472,250726
26102833,247890,250726
26430833,240800,250726
26720833,249308,250726
26973833,243636,252144
27219833,247890,250726
27467833,246472,250726
27707833,246472,250726
27943833,246472,250726
28176833,246472,250726
28408833,239382,250726
28639833,250726,250726
28889833,239382,250726
29136833,250726,250726
29442833,237964,250726
29728833,250726,250726
30014833,243636,250726
30285833,243636,250726
30541833,220948,250726
30782833,236546,250726
31151833,249308,250726
31652833,250726,250726
32063833,249308,250726
32414833,237964,250726
32724833,250726,250726
33027833,236546,250726
33311833,250726,250726
33618833,240800,250726
33905833,245054,250726
34176833,235128,250726
34425833,250726,250726
34725833,246472,250726
35009833,239382,250726
35273833,250726,250726
35528833,247890,250726
35778833,240800,250726
36024833,247890,250726
36283833,246472,250726
36530833,246472,250726
36770833,243636,250726
37005833,237964,250726
37239833,250726,250726
37499833,247890,250726
37754833,239382,250726
38004833,250726,250726
38278833,249308,250726
38541833,245054,250726
38794833,235128,250726
39039833,249308,250726
39345833,249308,250726
39629833,245054,250726
39895833,233710,250726
40144833,249308,250726
40459833,246472,250726
40746833,225202,250726
41008833,240800,250726
41408833,250726,250726
41854833,243636,250726
42206833,229456,250726
42499833,246472,250726
42896833,245054,250726
43211833,235128,250726
43483833,250726,250726
43787833,230874,250726
44075833,247890,250726
44498833,250726,250726
44878833,230874,250726
45211833,250726,250726
45599833,233710,250726
45941833,250726,250726
46289833,232292,250726
46598833,250726,250726
46967833,243636,250726
47295833,237964,250726
47570833,250726,250726
47817833,222366,250726
48060833,236546,250726
48409833,249308,250726
48936833,246472,250726
49270833,233710,252144
49558833,250726,250726
49887833,228038,250726
50193833,245054,250726
50666833,249308,250726
51056833,223784,250726
51385833,243636,250726
51899833,249308,250726
52330833,237964,250726
52680833,250726,250726
52952833,230874,250726
53213833,246472,250726
53602833,232292,250726
53950833,250726,250726
54313833,229456,250726
54633833,247890,250726
55048833,250726,250726
55430833,250726,250726
55776833,250726,250726
56107833,250726,250726
56415833,232292,250726
56701833,249308,250726
57077833,246472,250726
57395833,235128,250726
57672833,250726,250726
57978833,235128,250726
58267833,250726,250726
58604833,232292,250726
58911833,250726,250726
59289833,230874,250726
59626833,250726,250726
