timestamp,cWnd0,cWnd1
611833,5672,5672
611833,1835,1500
829833,1835,1500
1052833,5319,1500
1276833,4020,1500
1504833,3954,1500
1733833,6031,1500
1962833,3955,1500
2194833,2421,1500
2425833,7171,1500
2656833,3224,1500
2901833,4433,1500
3141833,6339,1500
3378833,3780,1500
3613833,10166,1500
3846833,3821,1500
4095833,2134,1500
4339833,7148,1500
4580833,4929,1500
4829833,3528,1500
5071833,7160,1500
5309833,4409,1500
5549833,4580,1500
5786833,4565,1500
6020833,6064,1500
6252833,5991,1500
6483833,9912,1500
6714833,7471,1500
6949833,3618,1500
7181833,8023,1500
7413833,7184,1500
7655833,4793,1500
7891833,6300,1500
8125833,4021,1500
8358833,3190,1500
8590833,4306,1500
8821833,5906,1500
9052833,5442,1500
9285833,4140,1500
9517833,5981,1500
9748833,4291,1500
9981833,3892,1500
10213833,4811,1500
10444833,4091,1500
10675833,3155,1500
10905833,2711,1500
11135833,3103,1500
11365833,3259,1500
11598833,2380,1500
11831833,4256,1500
12063833,4865,1500
12299833,6510,1500
12533833,7996,1500
12771833,5815,1500
13013833,6942,1500
13250833,6891,1500
13484833,4921,1500
13717833,5728,1500
13948833,7599,1500
14179833,7036,1500
14412833,5882,1500
14644833,6078,1500
14875833,6966,1500
15105833,11769,1500
15335833,10666,1500
15592833,6864,1500
15833833,8008,1500
16069833,6265,1500
16302833,10367,1500
16534833,8015,1500
16771833,8662,1500
17005833,3516,1500
17237833,4352,1500
17468833,7742,1500
17699833,8564,1500
17935833,5885,1500
18173833,7828,1500
18407833,7905,1500
18640833,6193,1500
18872833,9338,1500
19103833,13157,1500
19337833,7573,1500
19589833,17464,1500
19829833,2323,1500
20119833,9828,1500
20397833,15143,1500
20664833,4239,1500
20929833,30272,1500
21183833,3499,1500
21571833,3272,1500
22079833,2557,1500
22495833,7682,1500
22830833,16453,1500
23114833,4155,1500
23399833,25856,1500
23666833,3781,1500
24075833,3070,1500
24465833,3825,1500
24818833,16712,1500
25128833,3116,1500
25432833,22464,1500
25712833,4292,1500
26102833,5545,1500
26430833,12687,1500
26720833,3159,1500
26973833,8622,1500
27219833,5074,1500
27467833,6183,1500
27707833,6842,1500
27943833,6472,1500
28176833,6272,1500
28408833,13365,1500
28639833,2291,1500
28889833,13282,1500
29136833,2651,1500
29442833,14630,1500
29728833,2142,1500
30014833,8860,1500
30285833,9554,1500
30541833,32603,1500
30782833,2719,1500
31151833,3270,1500
31652833,2201,1500
32063833,3208,1500
32414833,16475,1500
32724833,2573,1500
33027833,15899,1500
33311833,2049,1500
33618833,12700,1500
33905833,7185,1500
34176833,18088,1500
34425833,1656,1500
34725833,5713,1500
35009833,13320,1500
35273833,1500,1500
35528833,6719,1500
35778833,12015,1500
36024833,4877,1500
36283833,7085,1500
36530833,5934,1500
36770833,9427,1500
37005833,15483,1500
37239833,1500,1500
37499833,5031,1500
37754833,12943,1500
38004833,1500,1500
38278833,2871,1500
38541833,8058,1500
38794833,17934,1500
39039833,1500,1500
39345833,3411,1500
39629833,8061,1500
39895833,19527,1500
40144833,1500,1500
40459833,5933,1500
40746833,28295,1500
41008833,2943,1500
41408833,2672,1500
41854833,9524,1500
42206833,23792,1500
42499833,1982,1500
42896833,7462,1500
43211833,17195,1500
43483833,2336,1500
43787833,21604,1500
44075833,1500,1500
44498833,2809,1500
44878833,21328,1500
45211833,2002,1500
45599833,19494,1500
45941833,2652,1500
46289833,20562,1500
46598833,1571,1500
46967833,9706,1500
47295833,14213,1500
47570833,2238,1500
47817833,30345,1500
48060833,3492,1500
48409833,3716,1500
48936833,5984,1500
49270833,19551,1500
49558833,2581,1500
49887833,24740,1500
50193833,2327,1500
50666833,4193,1500
51056833,29678,1500
51385833,2622,1500
51899833,3543,1500
52330833,15335,1500
52680833,2014,1500
52952833,21743,1500
53213833,2472,1500
53602833,20232,1500
53950833,1919,1500
54313833,23104,1500
54633833,1500,1500
55048833,1500,1500
55430833,1500,1500
55776833,1554,1500
56107833,2605,1500
56415833,20483,1500
56701833,1500,1500
57077833,6976,1500
57395833,18064,1500
57672833,1500,1500
57978833,17962,1500
58267833,1500,1500
58604833,21160,1500
58911833,1500,1500
59289833,22507,1500
59626833,1979,1500
