timestamp,rtt0,rtt1
611833,218,184
611833,218,184
829833,223,184
1052833,224,219
1276833,228,221
1504833,229,222
1733833,229,223
1962833,232,224
2194833,231,225
2425833,231,225
2656833,245,226
2901833,240,226
3141833,237,227
3378833,235,227
3613833,233,227
3846833,249,228
4095833,244,228
4339833,241,228
4580833,249,228
4829833,242,229
5071833,238,229
5309833,240,229
5549833,237,229
5786833,234,229
6020833,232,229
6252833,231,229
6483833,231,229
6714833,235,229
6949833,232,229
7181833,232,230
7413833,242,230
7655833,236,230
7891833,234,230
8125833,233,230
8358833,232,230
8590833,231,230
8821833,231,230
9052833,233,230
9285833,232,230
9517833,231,230
9748833,233,230
9981833,232,230
10213833,231,230
10444833,231,230
10675833,230,230
10905833,230,230
11135833,230,230
11365833,233,230
11598833,233,230
11831833,232,230
12063833,236,230
12299833,234,230
12533833,238,230
12771833,242,230
13013833,237,230
13250833,234,230
13484833,233,230
13717833,231,230
13948833,231,230
14179833,233,230
14412833,232,230
14644833,231,230
14875833,230,230
15105833,230,230
15335833,257,230
15592833,241,230
15833833,236,230
16069833,233,230
16302833,232,230
16534833,237,230
16771833,234,230
17005833,232,230
17237833,231,230
17468833,231,230
17699833,236,230
17935833,238,230
18173833,234,230
18407833,233,230
18640833,232,230
18872833,231,230
19103833,234,230
19337833,252,230
19589833,240,230
19829833,290,230
20119833,278,230
20397833,267,230
20664833,265,230
20929833,254,230
21183833,388,230
21571833,508,230
22079833,416,230
22495833,335,230
22830833,284,230
23114833,285,230
23399833,267,230
23666833,409,230
24075833,390,230
24465833,353,230
24818833,310,230
25128833,304,230
25432833,280,230
25712833,390,230
26102833,328,230
26430833,290,230
26720833,253,230
26973833,246,230
27219833,248,230
27467833,240,230
27707833,236,230
27943833,233,230
28176833,232,230
28408833,231,230
28639833,250,230
28889833,247,230
29136833,306,230
29442833,286,230
29728833,286,230
30014833,271,230
30285833,256,230
30541833,241,230
30782833,369,230
31151833,501,230
31652833,411,230
32063833,351,230
32414833,310,230
32724833,303,230
33027833,284,230
33311833,307,230
33618833,287,230
33905833,271,230
34176833,249,230
34425833,300,230
34725833,284,230
35009833,264,230
35273833,255,230
35528833,250,230
35778833,246,230
36024833,259,230
36283833,247,230
36530833,240,230
36770833,235,230
37005833,234,230
37239833,260,230
37499833,255,230
37754833,250,230
38004833,274,230
38278833,263,230
38541833,253,230
38794833,245,230
39039833,306,230
39345833,284,230
39629833,266,230
39895833,249,230
40144833,315,230
40459833,287,230
40746833,262,230
41008833,400,230
41408833,446,230
41854833,352,230
42206833,293,230
42499833,397,230
42896833,315,230
43211833,272,230
43483833,304,230
43787833,288,230
44075833,423,230
44498833,380,230
44878833,333,230
45211833,388,230
45599833,342,230
45941833,348,230
46289833,309,230
46598833,369,230
46967833,328,230
47295833,275,230
47570833,247,230
47817833,243,230
48060833,349,230
48409833,527,230
48936833,334,230
49270833,288,230
49558833,329,230
49887833,306,230
50193833,473,230
50666833,390,230
51056833,329,230
51385833,514,230
51899833,431,230
52330833,350,230
52680833,272,230
52952833,261,230
53213833,389,230
53602833,348,230
53950833,363,230
54313833,320,230
54633833,415,230
55048833,382,230
55430833,346,230
55776833,331,230
56107833,308,230
56415833,286,230
56701833,376,230
57077833,318,230
57395833,277,230
57672833,306,230
57978833,289,230
58267833,337,230
58604833,307,230
58911833,378,230
59289833,337,230
59626833,395,230
