timestamp,unAck0,unAck1
611833,5672,5672
611833,5672,5672
829833,42540,5672
1052833,29778,1418
1361833,11344,1418
1935833,1418,1418
2599833,2836,1418
3051833,11344,1418
3390833,17016,1418
3664833,0,1418
3956833,45376,1418
4236833,28360,1418
4667833,2836,1418
5468833,15598,1418
5766833,1418,1418
6035833,29778,1418
6294833,14180,1418
6683833,1418,1418
7208833,8508,1418
7535833,19852,1418
7812833,2836,1418
8155833,17016,1418
8468833,1418,1418
8801833,25524,1418
9104833,8508,1418
9578833,14180,1418
9911833,1418,1418
10173833,41122,1418
10428833,25524,1418
10816833,2836,1418
11535833,53884,1418
12116833,19852,1418
13036833,1418,1418
13785833,1418,1418
14362833,1418,1418
14825833,1418,1418
15233833,2836,1418
15582833,24106,1418
15886833,5672,1418
16324833,25524,1418
16694833,2836,1418
17144833,38286,1418
17529833,15598,1418
18199833,1418,1418
18801833,1418,1418
19280833,1418,1418
19700833,1418,1418
20076833,1418,1418
20434833,8508,1418
20749833,12762,1418
21019833,2836,1418
21261833,24106,1418
21499833,9926,1418
21847833,9926,1418
22177833,21270,1418
22454833,4254,1418
22805833,22688,1418
23128833,4254,1418
23575833,25524,1418
23957833,2836,1418
24432833,43958,1418
24833833,19852,1418
25551833,2836,1418
26177833,55302,1418
26673833,25524,1418
27615833,2836,1418
28256833,31196,1418
28771833,1418,1418
29298833,29778,1418
29733833,4254,1418
30251833,42540,1418
30684833,17016,1418
31432833,1418,1418
32038833,39704,0
32524833,9926,1418
33206833,2836,1418
33695833,22688,0
34086833,1418,1418
34477833,53884,1418
34814833,34032,1418
35375833,2836,1418
36287833,29778,1418
36806833,1418,1418
37307833,25524,1418
37719833,1418,1418
38160833,21270,1418
38534833,1418,1418
38919833,22688,0
39253833,2836,1418
39661833,17016,1418
40016833,1418,1418
40338833,14180,1418
40632833,1418,1418
40923833,14180,1418
41198833,1418,1418
41492833,32614,1418
41768833,15598,1418
42199833,1418,1418
42766833,14180,1418
43086833,1418,1418
43345833,11344,1418
43597833,5672,1418
43870833,8508,1418
44123833,9926,1418
44363833,12762,1418
44597833,11344,1418
44833833,14180,1418
45065833,11344,1418
45305833,14180,1418
45539833,15598,1418
45778833,15598,1418
46050833,1418,1418
46332833,15598,1418
46603833,1418,1418
46924833,9926,1418
47219833,14180,1418
47487833,1418,1418
47737833,25524,1418
47983833,9926,1418
48351833,26942,1418
48722833,4254,1418
49180833,34032,1418
49568833,11344,1418
50172833,11344,1418
50457833,17016,1418
50707833,1418,1418
50989833,12762,1418
51263833,2836,1418
51557833,12762,1418
51828833,5672,1418
52094833,28360,1418
52343833,14180,1418
52711833,4254,1418
53184833,31196,1418
53567833,8508,1418
54111833,25524,1418
54553833,1418,1418
54987833,15598,1418
55358833,1418,1418
55650833,12762,1418
55925833,1418,1418
56211833,17016,1418
56482833,1418,1418
56818833,25524,1418
57125833,7090,1418
57619833,48212,1418
58030833,24106,1418
58770833,1418,1418
59509833,28360,1418
