timestamp,availableTxBuffer0,availableTxBuffer1
611833,246472,246472
611833,246472,246472
829833,209604,246472
1052833,222366,250726
1361833,240800,250726
1935833,250726,250726
2599833,249308,250726
3051833,240800,250726
3390833,235128,250726
3664833,252144,250726
3956833,206768,250726
4236833,223784,250726
4667833,249308,250726
5468833,236546,250726
5766833,250726,250726
6035833,222366,250726
6294833,237964,250726
6683833,250726,250726
7208833,243636,250726
7535833,232292,250726
7812833,249308,250726
8155833,235128,250726
8468833,250726,250726
8801833,226620,250726
9104833,243636,250726
9578833,237964,250726
9911833,250726,250726
10173833,211022,250726
10428833,226620,250726
10816833,249308,250726
11535833,198260,250726
12116833,232292,250726
13036833,250726,250726
13785833,250726,250726
14362833,250726,250726
14825833,250726,250726
15233833,249308,250726
15582833,228038,250726
15886833,246472,250726
16324833,226620,250726
16694833,249308,250726
17144833,213858,250726
17529833,236546,250726
18199833,250726,250726
18801833,250726,250726
19280833,250726,250726
19700833,250726,250726
20076833,250726,250726
20434833,243636,250726
20749833,239382,250726
21019833,249308,250726
21261833,228038,250726
21499833,242218,250726
21847833,242218,250726
22177833,230874,250726
22454833,247890,250726
22805833,229456,250726
23128833,247890,250726
23575833,226620,250726
23957833,249308,250726
24432833,208186,250726
24833833,232292,250726
25551833,249308,250726
26177833,196842,250726
26673833,226620,250726
27615833,249308,250726
28256833,220948,250726
28771833,250726,250726
29298833,222366,250726
29733833,247890,250726
30251833,209604,250726
30684833,235128,250726
31432833,250726,250726
32038833,212440,252144
32524833,242218,250726
33206833,249308,250726
33695833,229456,252144
34086833,250726,250726
34477833,198260,250726
34814833,218112,250726
35375833,249308,250726
36287833,222366,250726
36806833,250726,250726
37307833,226620,250726
37719833,250726,250726
38160833,230874,250726
38534833,250726,250726
38919833,229456,252144
39253833,249308,250726
39661833,235128,250726
40016833,250726,250726
40338833,237964,250726
40632833,250726,250726
40923833,237964,250726
41198833,250726,250726
41492833,219530,250726
41768833,236546,250726
42199833,250726,250726
42766833,237964,250726
43086833,250726,250726
43345833,240800,250726
43597833,246472,250726
43870833,243636,250726
44123833,242218,250726
44363833,239382,250726
44597833,240800,250726
44833833,237964,250726
45065833,240800,250726
45305833,237964,250726
45539833,236546,250726
45778833,236546,250726
46050833,250726,250726
46332833,236546,250726
46603833,250726,250726
46924833,242218,250726
47219833,237964,250726
47487833,250726,250726
47737833,226620,250726
47983833,242218,250726
48351833,225202,250726
48722833,247890,250726
49180833,218112,250726
49568833,240800,250726
50172833,240800,250726
50457833,235128,250726
50707833,250726,250726
50989833,239382,250726
51263833,249308,250726
51557833,239382,250726
51828833,246472,250726
52094833,223784,250726
52343833,237964,250726
52711833,247890,250726
53184833,220948,250726
53567833,243636,250726
54111833,226620,250726
54553833,250726,250726
54987833,236546,250726
55358833,250726,250726
55650833,239382,250726
55925833,250726,250726
56211833,235128,250726
56482833,250726,250726
56818833,226620,250726
57125833,245054,250726
57619833,203932,250726
58030833,228038,250726
58770833,250726,250726
59509833,223784,250726
