timestamp,rtt0,rtt1
611833,218,184
611833,218,184
829833,223,184
1052833,309,219
1361833,574,221
1935833,664,224
2599833,452,226
3051833,339,227
3390833,274,227
3664833,292,227
3956833,280,228
4236833,431,228
4667833,801,229
5468833,298,229
5766833,269,229
6035833,259,229
6294833,389,229
6683833,525,230
7208833,327,230
7535833,277,230
7812833,343,230
8155833,313,230
8468833,333,230
8801833,303,230
9104833,474,230
9578833,333,230
9911833,262,230
10173833,255,230
10428833,388,230
10816833,719,230
11535833,581,230
12116833,920,230
13036833,749,230
13785833,577,230
14362833,463,230
14825833,408,230
15233833,349,230
15582833,304,230
15886833,438,230
16324833,370,230
16694833,450,230
17144833,385,230
17529833,670,230
18199833,602,230
18801833,479,230
19280833,420,230
19700833,376,230
20076833,358,230
20434833,315,230
20749833,270,230
21019833,242,230
21261833,238,230
21499833,348,230
21847833,330,230
22177833,277,230
22454833,351,230
22805833,323,230
23128833,447,230
23575833,382,230
23957833,475,230
24432833,401,230
24833833,718,230
25551833,626,230
26177833,496,230
26673833,942,230
27615833,641,230
28256833,515,230
28771833,527,230
29298833,435,230
29733833,518,230
30251833,433,230
30684833,748,230
31432833,606,230
32038833,486,230
32524833,682,230
33206833,489,230
33695833,391,230
34086833,391,230
34477833,337,230
34814833,561,230
35375833,912,230
36287833,519,230
36806833,501,230
37307833,412,230
37719833,441,230
38160833,374,230
38534833,385,230
38919833,334,230
39253833,408,230
39661833,355,230
40016833,322,230
40338833,294,230
40632833,291,230
40923833,275,230
41198833,294,230
41492833,276,230
41768833,431,230
42199833,567,230
42766833,320,230
43086833,259,230
43345833,252,230
43597833,273,230
43870833,253,230
44123833,240,230
44363833,234,230
44597833,236,230
44833833,232,230
45065833,240,230
45305833,234,230
45539833,239,230
45778833,272,230
46050833,282,230
46332833,271,230
46603833,321,230
46924833,295,230
47219833,268,230
47487833,250,230
47737833,246,230
47983833,368,230
48351833,371,230
48722833,458,230
49180833,388,230
49568833,604,230
50172833,285,230
50457833,250,230
50707833,282,230
50989833,274,230
51263833,294,230
51557833,271,230
51828833,266,230
52094833,249,230
52343833,368,230
52711833,473,230
53184833,383,230
53567833,544,230
54111833,442,230
54553833,434,230
54987833,371,230
55358833,292,230
55650833,275,230
55925833,286,230
56211833,271,230
56482833,336,230
56818833,307,230
57125833,494,230
57619833,411,230
58030833,740,230
58770833,739,230
59509833,529,230
