timestamp,cWnd0,cWnd1
611833,5672,5672
611833,42860,1500
829833,42860,1500
1052833,1500,1500
1361833,1565,1500
1935833,2026,1500
2599833,2886,1500
3051833,12053,1500
3390833,18396,1500
3664833,2343,1500
3956833,45894,1500
4236833,3347,1500
4667833,2068,1500
5468833,15924,1500
5766833,1903,1500
6035833,30045,1500
6294833,1500,1500
6683833,1877,1500
7208833,8663,1500
7535833,21042,1500
7812833,1722,1500
8155833,17979,1500
8468833,1500,1500
8801833,26029,1500
9104833,2274,1500
9578833,14982,1500
9911833,2496,1500
10173833,41830,1500
10428833,3043,1500
10816833,3709,1500
11535833,53992,1500
12116833,2457,1500
13036833,1912,1500
13785833,2097,1500
14362833,1709,1500
14825833,1821,1500
15233833,3115,1500
15582833,25100,1500
15886833,1783,1500
16324833,25749,1500
16694833,2320,1500
17144833,38406,1500
17529833,2068,1500
18199833,1500,1500
18801833,1500,1500
19280833,1500,1500
19700833,1500,1500
20076833,1887,1500
20434833,9256,1500
20749833,13775,1500
21019833,3225,1500
21261833,24190,1500
21499833,1500,1500
21847833,10198,1500
22177833,22243,1500
22454833,1617,1500
22805833,24195,1500
23128833,1905,1500
23575833,28224,1500
23957833,1873,1500
24432833,44496,1500
24833833,4659,1500
25551833,3062,1500
26177833,55322,1500
26673833,4756,1500
27615833,3181,1500
28256833,32312,1500
28771833,2186,1500
29298833,29923,1500
29733833,2307,1500
30251833,43171,1500
30684833,3727,1500
31432833,2736,1500
32038833,41005,1500
32524833,1500,1500
33206833,2906,1500
33695833,23742,1500
34086833,2326,1500
34477833,53902,1500
34814833,2797,1500
35375833,3256,1500
36287833,31014,1500
36806833,2008,1500
37307833,26012,1500
37719833,1524,1500
38160833,22442,1500
38534833,1500,1500
38919833,22782,1500
39253833,1500,1500
39661833,17925,1500
40016833,1500,1500
40338833,14561,1500
40632833,1561,1500
40923833,14893,1500
41198833,2036,1500
41492833,33670,1500
41768833,1500,1500
42199833,1586,1500
42766833,14274,1500
43086833,1500,1500
43345833,11973,1500
43597833,6785,1500
43870833,9062,1500
44123833,10049,1500
44363833,13229,1500
44597833,12470,1500
44833833,14834,1500
45065833,11764,1500
45305833,14380,1500
45539833,17615,1500
45778833,17390,1500
46050833,1590,1500
46332833,15997,1500
46603833,1500,1500
46924833,10583,1500
47219833,15200,1500
47487833,1500,1500
47737833,26684,1500
47983833,2766,1500
48351833,28105,1500
48722833,2074,1500
49180833,35124,1500
49568833,2120,1500
50172833,11627,1500
50457833,17183,1500
50707833,1500,1500
50989833,14151,1500
51263833,3772,1500
51557833,13831,1500
51828833,6378,1500
52094833,29222,1500
52343833,1810,1500
52711833,5090,1500
53184833,32206,1500
53567833,2363,1500
54111833,26185,1500
54553833,1500,1500
54987833,15888,1500
55358833,1500,1500
55650833,13530,1500
55925833,1877,1500
56211833,18018,1500
56482833,1500,1500
56818833,26799,1500
57125833,2808,1500
57619833,49498,1500
58030833,2975,1500
58770833,2573,1500
59509833,28413,1500
