timestamp,rWnd0,rWnd1
611833,1073725440,1073725440
611833,1073725440,1073725440
829833,1073725440,1073725440
1052833,1073725440,1073725440
1361833,1073725440,1073725440
1935833,1073725440,1073725440
2599833,1073725440,1073725440
3051833,1073725440,1073725440
3390833,1073725440,1073725440
3664833,1073725440,1073725440
3956833,1073725440,1073725440
4236833,1073725440,1073725440
4667833,1073725440,1073725440
5468833,1073725440,1073725440
5766833,1073725440,1073725440
6035833,1073725440,1073725440
6294833,1073725440,1073725440
6683833,1073725440,1073725440
7208833,1073725440,1073725440
7535833,1073725440,1073725440
7812833,1073725440,1073725440
8155833,1073725440,1073725440
8468833,1073725440,1073725440
8801833,1073725440,1073725440
9104833,1073725440,1073725440
9578833,1073725440,1073725440
9911833,1073725440,1073725440
10173833,1073725440,1073725440
10428833,1073725440,1073725440
10816833,1073725440,1073725440
11535833,1073725440,1073725440
12116833,1073725440,1073725440
13036833,1073725440,1073725440
13785833,1073725440,1073725440
14362833,1073725440,1073725440
14825833,1073725440,1073725440
15233833,1073725440,1073725440
15582833,1073725440,1073725440
15886833,1073725440,1073725440
16324833,1073725440,1073725440
16694833,1073725440,1073725440
17144833,1073725440,1073725440
17529833,1073725440,1073725440
18199833,1073725440,1073725440
18801833,1073725440,1073725440
19280833,1073725440,1073725440
19700833,1073725440,1073725440
20076833,1073725440,1073725440
20434833,1073725440,1073725440
20749833,1073725440,1073725440
21019833,1073725440,1073725440
21261833,1073725440,1073725440
21499833,1073725440,1073725440
21847833,1073725440,1073725440
22177833,1073725440,1073725440
22454833,1073725440,1073725440
22805833,1073725440,1073725440
23128833,1073725440,1073725440
23575833,1073725440,1073725440
23957833,1073725440,1073725440
24432833,1073725440,1073725440
24833833,1073725440,1073725440
25551833,1073725440,1073725440
26177833,1073725440,1073725440
26673833,1073725440,1073725440
27615833,1073725440,1073725440
28256833,1073725440,1073725440
28771833,1073725440,1073725440
29298833,1073725440,1073725440
29733833,1073725440,1073725440
30251833,1073725440,1073725440
30684833,1073725440,1073725440
31432833,1073725440,1073725440
32038833,1073725440,1073725440
32524833,1073725440,1073725440
33206833,1073725440,1073725440
33695833,1073725440,1073725440
34086833,1073725440,1073725440
34477833,1073725440,1073725440
34814833,1073725440,1073725440
35375833,1073725440,1073725440
36287833,1073725440,1073725440
36806833,1073725440,1073725440
37307833,1073725440,1073725440
37719833,1073725440,1073725440
38160833,1073725440,1073725440
38534833,1073725440,1073725440
38919833,1073725440,1073725440
39253833,1073725440,1073725440
39661833,1073725440,1073725440
40016833,1073725440,1073725440
40338833,1073725440,1073725440
40632833,1073725440,1073725440
40923833,1073725440,1073725440
41198833,1073725440,1073725440
41492833,1073725440,1073725440
41768833,1073725440,1073725440
42199833,1073725440,1073725440
42766833,1073725440,1073725440
43086833,1073725440,1073725440
43345833,1073725440,1073725440
43597833,1073725440,1073725440
43870833,1073725440,1073725440
44123833,1073725440,1073725440
44363833,1073725440,1073725440
44597833,1073725440,1073725440
44833833,1073725440,1073725440
45065833,1073725440,1073725440
45305833,1073725440,1073725440
45539833,1073725440,1073725440
45778833,1073725440,1073725440
46050833,1073725440,1073725440
46332833,1073725440,1073725440
46603833,1073725440,1073725440
46924833,1073725440,1073725440
47219833,1073725440,1073725440
47487833,1073725440,1073725440
47737833,1073725440,1073725440
47983833,1073725440,1073725440
48351833,1073725440,1073725440
48722833,1073725440,1073725440
49180833,1073725440,1073725440
49568833,1073725440,1073725440
50172833,1073725440,1073725440
50457833,1073725440,1073725440
50707833,1073725440,1073725440
50989833,1073725440,1073725440
51263833,1073725440,1073725440
51557833,1073725440,1073725440
51828833,1073725440,1073725440
52094833,1073725440,1073725440
52343833,1073725440,1073725440
52711833,1073725440,1073725440
53184833,1073725440,1073725440
53567833,1073725440,1073725440
54111833,1073725440,1073725440
54553833,1073725440,1073725440
54987833,1073725440,1073725440
55358833,1073725440,1073725440
55650833,1073725440,1073725440
55925833,1073725440,1073725440
56211833,1073725440,1073725440
56482833,1073725440,1073725440
56818833,1073725440,1073725440
57125833,1073725440,1073725440
57619833,1073725440,1073725440
58030833,1073725440,1073725440
58770833,1073725440,1073725440
59509833,1073725440,1073725440
