timestamp,unAck0,unAck1
611833,5672,5672
611833,5672,5672
829833,12762,5672
1052833,9926,1418
1329833,11344,1418
1585833,4254,1418
1824833,7090,1418
2059833,7090,1418
2293833,11344,1418
2525833,18434,1418
2768833,12762,0
3074833,14180,1418
3335833,11344,1418
3579833,14180,1418
3814833,9926,1418
4061833,7090,1418
4298833,8508,1418
4531833,8508,1418
4763833,7090,1418
4994833,9926,1418
5225833,25524,1418
5459833,31196,1418
5787833,21270,1418
6241833,32614,1418
6651833,32614,1418
7181833,19852,1418
7728833,32614,0
8154833,29778,1418
8690833,14180,1418
9132833,17016,1418
9417833,15598,1418
9702833,22688,1418
9969833,19852,1418
10316833,21270,1418
10657833,18434,1418
11011833,19852,1418
11331833,12762,1418
11661833,28360,1418
11930833,28360,1418
12347833,17016,1418
12817833,14180,1418
13090833,15598,1418
13337833,9926,1418
13595833,9926,1418
13836833,7090,1418
14071833,4254,1418
14304833,5672,1418
14536833,8508,1418
14767833,8508,1418
15002833,7090,1418
15234833,7090,1418
15465833,7090,1418
15695833,7090,1418
15925833,5672,1418
16155833,7090,1418
16385833,5672,1418
16616833,5672,1418
16847833,4254,1418
17077833,5672,1418
17307833,5672,1418
17537833,5672,1418
17767833,4254,1418
17997833,7090,1418
18227833,8508,1418
18459833,11344,1418
18693833,18434,1418
18934833,19852,1418
19240833,14180,1418
19566833,12762,1418
19822833,9926,1418
20059833,9926,1418
20292833,4254,1418
20523833,4254,1418
20754833,4254,1418
20984833,7090,1418
21214833,7090,1418
21446833,8508,1418
21677833,7090,1418
21910833,7090,1418
22142833,5672,1418
22373833,5672,1418
22603833,5672,1418
22833833,1418,1418
23063833,7090,1418
23293833,9926,1418
23537833,9926,1418
23788833,17016,1418
24027833,26942,1418
24333833,22688,1418
24727833,15598,1418
25119833,15598,1418
25394833,11344,1418
25658833,5672,1418
25900833,5672,1418
26137833,4254,1418
26371833,4254,1418
26604833,7090,1418
26836833,7090,1418
27068833,2836,1418
27299833,4254,1418
27530833,4254,1418
27762833,4254,1418
27994833,4254,1418
28225833,9926,1418
28456833,14180,1418
28712833,14180,1418
28987833,21270,1418
29235833,42540,1418
29558833,32614,1418
30001833,22688,0
30645833,12762,1418
30928833,12762,1418
31170833,12762,1418
31404833,14180,0
31635833,9926,0
31894833,9926,1418
32136833,12762,1418
32371833,14180,1418
32604833,12762,1418
32841833,15598,1418
33074833,14180,1418
33327833,9926,1418
33569833,8508,1418
33804833,5672,1418
34036833,7090,1418
34267833,15598,1418
34499833,22688,1418
34791833,14180,1418
35138833,12762,1418
35405833,19852,1418
35648833,18434,1418
35961833,15598,1418
36273833,22688,1418
36549833,24106,1418
36905833,18434,1418
37300833,9926,1418
37629833,8508,1418
37885833,12762,1418
38126833,22688,1418
38375833,24106,1418
38711833,11344,0
39100833,14180,1418
39380833,8508,1418
39628833,9926,1418
39865833,12762,1418
40098833,18434,1418
40333833,38286,1418
40636833,34032,1418
41046833,19852,1418
41637833,42540,1418
42113833,34032,1418
42807833,29778,1418
43354833,29778,1418
43856833,25524,1418
44356833,9926,1418
44791833,18434,1418
45115833,9926,1418
45433833,8508,1418
45694833,11344,1418
45939833,18434,1418
46194833,15598,1418
46512833,14180,1418
46780833,21270,0
47028833,24106,1418
47364833,15598,1418
47753833,18434,1418
48057833,9926,1418
48365833,8508,1418
48626833,7090,1418
48870833,4254,1418
49107833,4254,1418
49342833,7090,1418
49575833,5672,1418
49808833,4254,1418
50040833,4254,1418
50271833,5672,1418
50502833,5672,1418
50734833,5672,1418
50965833,7090,1418
51196833,7090,1418
51429833,5672,1418
51661833,5672,1418
51892833,7090,1418
52122833,5672,1418
52353833,5672,1418
52584833,8508,1418
52814833,5672,1418
53054833,4254,1418
53290833,5672,1418
53524833,7090,1418
53757833,5672,1418
53991833,5672,1418
54223833,8508,1418
54454833,15598,1418
54696833,12762,1418
55007833,11344,1418
55260833,9926,1418
55498833,12762,1418
55731833,17016,1418
55978833,14180,1418
56262833,9926,1418
56516833,12762,1418
56755833,11344,1418
56999833,9926,1418
57234833,8508,1418
57466833,7090,1418
57697833,7090,1418
57927833,7090,1418
58157833,7090,1418
58387833,7090,1418
58617833,5672,1418
58847833,5672,1418
59077833,5672,1418
59307833,5672,1418
59537833,4254,1418
59767833,4254,1418
59997833,5672,1418
