timestamp,rWnd0,rWnd1
611833,1073725440,1073725440
611833,1073725440,1073725440
829833,1073725440,1073725440
1052833,1073725440,1073725440
1329833,1073725440,1073725440
1585833,1073725440,1073725440
1824833,1073725440,1073725440
2059833,1073725440,1073725440
2293833,1073725440,1073725440
2525833,1073725440,1073725440
2768833,1073725440,1073725440
3074833,1073725440,1073725440
3335833,1073725440,1073725440
3579833,1073725440,1073725440
3814833,1073725440,1073725440
4061833,1073725440,1073725440
4298833,1073725440,1073725440
4531833,1073725440,1073725440
4763833,1073725440,1073725440
4994833,1073725440,1073725440
5225833,1073725440,1073725440
5459833,1073725440,1073725440
5787833,1073725440,1073725440
6241833,1073725440,1073725440
6651833,1073725440,1073725440
7181833,1073725440,1073725440
7728833,1073725440,1073725440
8154833,1073725440,1073725440
8690833,1073725440,1073725440
9132833,1073725440,1073725440
9417833,1073725440,1073725440
9702833,1073725440,1073725440
9969833,1073725440,1073725440
10316833,1073725440,1073725440
10657833,1073725440,1073725440
11011833,1073725440,1073725440
11331833,1073725440,1073725440
11661833,1073725440,1073725440
11930833,1073725440,1073725440
12347833,1073725440,1073725440
12817833,1073725440,1073725440
13090833,1073725440,1073725440
13337833,1073725440,1073725440
13595833,1073725440,1073725440
13836833,1073725440,1073725440
14071833,1073725440,1073725440
14304833,1073725440,1073725440
14536833,1073725440,1073725440
14767833,1073725440,1073725440
15002833,1073725440,1073725440
15234833,1073725440,1073725440
15465833,1073725440,1073725440
15695833,1073725440,1073725440
15925833,1073725440,1073725440
16155833,1073725440,1073725440
16385833,1073725440,1073725440
16616833,1073725440,1073725440
16847833,1073725440,1073725440
17077833,1073725440,1073725440
17307833,1073725440,1073725440
17537833,1073725440,1073725440
17767833,1073725440,1073725440
17997833,1073725440,1073725440
18227833,1073725440,1073725440
18459833,1073725440,1073725440
18693833,1073725440,1073725440
18934833,1073725440,1073725440
19240833,1073725440,1073725440
19566833,1073725440,1073725440
19822833,1073725440,1073725440
20059833,1073725440,1073725440
20292833,1073725440,1073725440
20523833,1073725440,1073725440
20754833,1073725440,1073725440
20984833,1073725440,1073725440
21214833,1073725440,1073725440
21446833,1073725440,1073725440
21677833,1073725440,1073725440
21910833,1073725440,1073725440
22142833,1073725440,1073725440
22373833,1073725440,1073725440
22603833,1073725440,1073725440
22833833,1073725440,1073725440
23063833,1073725440,1073725440
23293833,1073725440,1073725440
23537833,1073725440,1073725440
23788833,1073725440,1073725440
24027833,1073725440,1073725440
24333833,1073725440,1073725440
24727833,1073725440,1073725440
25119833,1073725440,1073725440
25394833,1073725440,1073725440
25658833,1073725440,1073725440
25900833,1073725440,1073725440
26137833,1073725440,1073725440
26371833,1073725440,1073725440
26604833,1073725440,1073725440
26836833,1073725440,1073725440
27068833,1073725440,1073725440
27299833,1073725440,1073725440
27530833,1073725440,1073725440
27762833,1073725440,1073725440
27994833,1073725440,1073725440
28225833,1073725440,1073725440
28456833,1073725440,1073725440
28712833,1073725440,1073725440
28987833,1073725440,1073725440
29235833,1073725440,1073725440
29558833,1073725440,1073725440
30001833,1073725440,1073725440
30645833,1073725440,1073725440
30928833,1073725440,1073725440
31170833,1073725440,1073725440
31404833,1073725440,1073725440
31635833,1073725440,1073725440
31894833,1073725440,1073725440
32136833,1073725440,1073725440
32371833,1073725440,1073725440
32604833,1073725440,1073725440
32841833,1073725440,1073725440
33074833,1073725440,1073725440
33327833,1073725440,1073725440
33569833,1073725440,1073725440
33804833,1073725440,1073725440
34036833,1073725440,1073725440
34267833,1073725440,1073725440
34499833,1073725440,1073725440
34791833,1073725440,1073725440
35138833,1073725440,1073725440
35405833,1073725440,1073725440
35648833,1073725440,1073725440
35961833,1073725440,1073725440
36273833,1073725440,1073725440
36549833,1073725440,1073725440
36905833,1073725440,1073725440
37300833,1073725440,1073725440
37629833,1073725440,1073725440
37885833,1073725440,1073725440
38126833,1073725440,1073725440
38375833,1073725440,1073725440
38711833,1073725440,1073725440
39100833,1073725440,1073725440
39380833,1073725440,1073725440
39628833,1073725440,1073725440
39865833,1073725440,1073725440
40098833,1073725440,1073725440
40333833,1073725440,1073725440
40636833,1073725440,1073725440
41046833,1073725440,1073725440
41637833,1073725440,1073725440
42113833,1073725440,1073725440
42807833,1073725440,1073725440
43354833,1073725440,1073725440
43856833,1073725440,1073725440
44356833,1073725440,1073725440
44791833,1073725440,1073725440
45115833,1073725440,1073725440
45433833,1073725440,1073725440
45694833,1073725440,1073725440
45939833,1073725440,1073725440
46194833,1073725440,1073725440
46512833,1073725440,1073725440
46780833,1073725440,1073725440
47028833,1073725440,1073725440
47364833,1073725440,1073725440
47753833,1073725440,1073725440
48057833,1073725440,1073725440
48365833,1073725440,1073725440
48626833,1073725440,1073725440
48870833,1073725440,1073725440
49107833,1073725440,1073725440
49342833,1073725440,1073725440
49575833,1073725440,1073725440
49808833,1073725440,1073725440
50040833,1073725440,1073725440
50271833,1073725440,1073725440
50502833,1073725440,1073725440
50734833,1073725440,1073725440
50965833,1073725440,1073725440
51196833,1073725440,1073725440
51429833,1073725440,1073725440
51661833,1073725440,1073725440
51892833,1073725440,1073725440
52122833,1073725440,1073725440
52353833,1073725440,1073725440
52584833,1073725440,1073725440
52814833,1073725440,1073725440
53054833,1073725440,1073725440
53290833,1073725440,1073725440
53524833,1073725440,1073725440
53757833,1073725440,1073725440
53991833,1073725440,1073725440
54223833,1073725440,1073725440
54454833,1073725440,1073725440
54696833,1073725440,1073725440
55007833,1073725440,1073725440
55260833,1073725440,1073725440
55498833,1073725440,1073725440
55731833,1073725440,1073725440
55978833,1073725440,1073725440
56262833,1073725440,1073725440
56516833,1073725440,1073725440
56755833,1073725440,1073725440
56999833,1073725440,1073725440
57234833,1073725440,1073725440
57466833,1073725440,1073725440
57697833,1073725440,1073725440
57927833,1073725440,1073725440
58157833,1073725440,1073725440
58387833,1073725440,1073725440
58617833,1073725440,1073725440
58847833,1073725440,1073725440
59077833,1073725440,1073725440
59307833,1073725440,1073725440
59537833,1073725440,1073725440
59767833,1073725440,1073725440
59997833,1073725440,1073725440
