timestamp,cWnd0,cWnd1
611833,5672,5672
611833,14084,1500
829833,14084,1500
1052833,10499,1500
1329833,11649,1500
1585833,5661,1500
1824833,8096,1500
2059833,7346,1500
2293833,12355,1500
2525833,18746,1500
2768833,13409,1500
3074833,14650,1500
3335833,12286,1500
3579833,15066,1500
3814833,10996,1500
4061833,8421,1500
4298833,8937,1500
4531833,8938,1500
4763833,8068,1500
4994833,10794,1500
5225833,26839,1500
5459833,32018,1500
5787833,21933,1500
6241833,33920,1500
6651833,32690,1500
7181833,20689,1500
7728833,33581,1500
8154833,30346,1500
8690833,14477,1500
9132833,17322,1500
9417833,16691,1500
9702833,23205,1500
9969833,21108,1500
10316833,22404,1500
10657833,19172,1500
11011833,19994,1500
11331833,14024,1500
11661833,29644,1500
11930833,29318,1500
12347833,18289,1500
12817833,15569,1500
13090833,16885,1500
13337833,10671,1500
13595833,10085,1500
13836833,7337,1500
14071833,4812,1500
14304833,6870,1500
14536833,9084,1500
14767833,9566,1500
15002833,7554,1500
15234833,8216,1500
15465833,7566,1500
15695833,7778,1500
15925833,6745,1500
16155833,7275,1500
16385833,7563,1500
16616833,5715,1500
16847833,5036,1500
17077833,6155,1500
17307833,6285,1500
17537833,6258,1500
17767833,5320,1500
17997833,7528,1500
18227833,9757,1500
18459833,12422,1500
18693833,18867,1500
18934833,20926,1500
19240833,14949,1500
19566833,13141,1500
19822833,12348,1500
20059833,10703,1500
20292833,5434,1500
20523833,5530,1500
20754833,6002,1500
20984833,7907,1500
21214833,7934,1500
21446833,8671,1500
21677833,8481,1500
21910833,7854,1500
22142833,6160,1500
22373833,6681,1500
22603833,5789,1500
22833833,3966,1500
23063833,7759,1500
23293833,10566,1500
23537833,10883,1500
23788833,18100,1500
24027833,27589,1500
24333833,23857,1500
24727833,16852,1500
25119833,15999,1500
25394833,12057,1500
25658833,6908,1500
25900833,6478,1500
26137833,5614,1500
26371833,4682,1500
26604833,7414,1500
26836833,7708,1500
27068833,3848,1500
27299833,5286,1500
27530833,5580,1500
27762833,5262,1500
27994833,5113,1500
28225833,10690,1500
28456833,14757,1500
28712833,14400,1500
28987833,21712,1500
29235833,43425,1500
29558833,33821,1500
30001833,23358,1500
30645833,12784,1500
30928833,13203,1500
31170833,13447,1500
31404833,16371,1500
31635833,10687,1500
31894833,9945,1500
32136833,13462,1500
32371833,14451,1500
32604833,14114,1500
32841833,16747,1500
33074833,14503,1500
33327833,10232,1500
33569833,8775,1500
33804833,6999,1500
34036833,9143,1500
34267833,18222,1500
34499833,23592,1500
34791833,14549,1500
35138833,14082,1500
35405833,19948,1500
35648833,19182,1500
35961833,16839,1500
36273833,22690,1500
36549833,24502,1500
36905833,18707,1500
37300833,10500,1500
37629833,8570,1500
37885833,12824,1500
38126833,22836,1500
38375833,24217,1500
38711833,11671,1500
39100833,15375,1500
39380833,9882,1500
39628833,10732,1500
39865833,13902,1500
40098833,20226,1500
40333833,38319,1500
40636833,35058,1500
41046833,20794,1500
41637833,43297,1500
42113833,34770,1500
42807833,30271,1500
43354833,29778,1500
43856833,25668,1500
44356833,10716,1500
44791833,19357,1500
45115833,10778,1500
45433833,9811,1500
45694833,11905,1500
45939833,19503,1500
46194833,16863,1500
46512833,15545,1500
46780833,22731,1500
47028833,24243,1500
47364833,16647,1500
47753833,19624,1500
48057833,11052,1500
48365833,8512,1500
48626833,8219,1500
48870833,4547,1500
49107833,4390,1500
49342833,7395,1500
49575833,6571,1500
49808833,4416,1500
50040833,4738,1500
50271833,5793,1500
50502833,6106,1500
50734833,5928,1500
50965833,7430,1500
51196833,7376,1500
51429833,6605,1500
51661833,6223,1500
51892833,8298,1500
52122833,6011,1500
52353833,6641,1500
52584833,8736,1500
52814833,6550,1500
53054833,4896,1500
53290833,5849,1500
53524833,8225,1500
53757833,6474,1500
53991833,6906,1500
54223833,11302,1500
54454833,17491,1500
54696833,13231,1500
55007833,11996,1500
55260833,10193,1500
55498833,13133,1500
55731833,17064,1500
55978833,15012,1500
56262833,10440,1500
56516833,13997,1500
56755833,11623,1500
56999833,10570,1500
57234833,8889,1500
57466833,7619,1500
57697833,8295,1500
57927833,8014,1500
58157833,8013,1500
58387833,7223,1500
58617833,6048,1500
58847833,5799,1500
59077833,6482,1500
59307833,6238,1500
59537833,4523,1500
59767833,5325,1500
59997833,7018,1500
