timestamp,rtt0,rtt1
611833,218,184
611833,218,184
829833,223,184
1052833,277,219
1329833,256,221
1585833,239,222
1824833,235,223
2059833,234,224
2293833,232,225
2525833,243,225
2768833,306,226
3074833,261,227
3335833,244,227
3579833,235,228
3814833,247,228
4061833,237,228
4298833,233,228
4531833,232,229
4763833,231,229
4994833,231,229
5225833,234,229
5459833,328,229
5787833,454,229
6241833,410,229
6651833,530,230
7181833,547,230
7728833,426,230
8154833,536,230
8690833,442,230
9132833,285,230
9417833,285,230
9702833,267,230
9969833,347,230
10316833,341,230
10657833,354,230
11011833,320,230
11331833,330,230
11661833,269,230
11930833,417,230
12347833,470,230
12817833,273,230
13090833,247,230
13337833,258,230
13595833,241,230
13836833,235,230
14071833,233,230
14304833,232,230
14536833,231,230
14767833,235,230
15002833,232,230
15234833,231,230
15465833,230,230
15695833,230,230
15925833,230,230
16155833,230,230
16385833,231,230
16616833,231,230
16847833,230,230
17077833,230,230
17307833,230,230
17537833,230,230
17767833,230,230
17997833,230,230
18227833,232,230
18459833,234,230
18693833,241,230
18934833,306,230
19240833,326,230
19566833,256,230
19822833,237,230
20059833,233,230
20292833,231,230
20523833,231,230
20754833,230,230
20984833,230,230
21214833,232,230
21446833,231,230
21677833,233,230
21910833,232,230
22142833,231,230
22373833,230,230
22603833,230,230
22833833,230,230
23063833,230,230
23293833,244,230
23537833,251,230
23788833,239,230
24027833,306,230
24333833,394,230
24727833,392,230
25119833,275,230
25394833,264,230
25658833,242,230
25900833,237,230
26137833,234,230
26371833,233,230
26604833,232,230
26836833,232,230
27068833,231,230
27299833,231,230
27530833,232,230
27762833,232,230
27994833,231,230
28225833,231,230
28456833,256,230
28712833,275,230
28987833,248,230
29235833,323,230
29558833,443,230
30001833,644,230
30645833,283,230
30928833,242,230
31170833,234,230
31404833,231,230
31635833,259,230
31894833,242,230
32136833,235,230
32371833,233,230
32604833,237,230
32841833,233,230
33074833,253,230
33327833,242,230
33569833,235,230
33804833,232,230
34036833,231,230
34267833,232,230
34499833,292,230
34791833,347,230
35138833,267,230
35405833,243,230
35648833,313,230
35961833,312,230
36273833,276,230
36549833,356,230
36905833,395,230
37300833,329,230
37629833,256,230
37885833,241,230
38126833,249,230
38375833,336,230
38711833,389,230
39100833,280,230
39380833,248,230
39628833,237,230
39865833,233,230
40098833,235,230
40333833,303,230
40636833,410,230
41046833,591,230
41637833,476,230
42113833,694,230
42807833,547,230
43354833,502,230
43856833,500,230
44356833,435,230
44791833,324,230
45115833,318,230
45433833,261,230
45694833,245,230
45939833,255,230
46194833,318,230
46512833,268,230
46780833,248,230
47028833,336,230
47364833,389,230
47753833,304,230
48057833,308,230
48365833,261,230
48626833,244,230
48870833,237,230
49107833,235,230
49342833,233,230
49575833,233,230
49808833,232,230
50040833,231,230
50271833,231,230
50502833,232,230
50734833,231,230
50965833,231,230
51196833,233,230
51429833,232,230
51661833,231,230
51892833,230,230
52122833,231,230
52353833,231,230
52584833,230,230
52814833,240,230
53054833,236,230
53290833,234,230
53524833,233,230
53757833,234,230
53991833,232,230
54223833,231,230
54454833,242,230
54696833,311,230
55007833,253,230
55260833,238,230
55498833,233,230
55731833,247,230
55978833,284,230
56262833,254,230
56516833,239,230
56755833,244,230
56999833,235,230
57234833,232,230
57466833,231,230
57697833,230,230
57927833,230,230
58157833,230,230
58387833,230,230
58617833,230,230
58847833,230,230
59077833,230,230
59307833,230,230
59537833,230,230
59767833,230,230
59997833,230,230
