timestamp,availableTxBuffer0,availableTxBuffer1
611833,246472,246472
611833,246472,246472
829833,239382,246472
1052833,242218,250726
1329833,240800,250726
1585833,247890,250726
1824833,245054,250726
2059833,245054,250726
2293833,240800,250726
2525833,233710,250726
2768833,239382,252144
3074833,237964,250726
3335833,240800,250726
3579833,237964,250726
3814833,242218,250726
4061833,245054,250726
4298833,243636,250726
4531833,243636,250726
4763833,245054,250726
4994833,242218,250726
5225833,226620,250726
5459833,220948,250726
5787833,230874,250726
6241833,219530,250726
6651833,219530,250726
7181833,232292,250726
7728833,219530,252144
8154833,222366,250726
8690833,237964,250726
9132833,235128,250726
9417833,236546,250726
9702833,229456,250726
9969833,232292,250726
10316833,230874,250726
10657833,233710,250726
11011833,232292,250726
11331833,239382,250726
11661833,223784,250726
11930833,223784,250726
12347833,235128,250726
12817833,237964,250726
13090833,236546,250726
13337833,242218,250726
13595833,242218,250726
13836833,245054,250726
14071833,247890,250726
14304833,246472,250726
14536833,243636,250726
14767833,243636,250726
15002833,245054,250726
15234833,245054,250726
15465833,245054,250726
15695833,245054,250726
15925833,246472,250726
16155833,245054,250726
16385833,246472,250726
16616833,246472,250726
16847833,247890,250726
17077833,246472,250726
17307833,246472,250726
17537833,246472,250726
17767833,247890,250726
17997833,245054,250726
18227833,243636,250726
18459833,240800,250726
18693833,233710,250726
18934833,232292,250726
19240833,237964,250726
19566833,239382,250726
19822833,242218,250726
20059833,242218,250726
20292833,247890,250726
20523833,247890,250726
20754833,247890,250726
20984833,245054,250726
21214833,245054,250726
21446833,243636,250726
21677833,245054,250726
21910833,245054,250726
22142833,246472,250726
22373833,246472,250726
22603833,246472,250726
22833833,250726,250726
23063833,245054,250726
23293833,242218,250726
23537833,242218,250726
23788833,235128,250726
24027833,225202,250726
24333833,229456,250726
24727833,236546,250726
25119833,236546,250726
25394833,240800,250726
25658833,246472,250726
25900833,246472,250726
26137833,247890,250726
26371833,247890,250726
26604833,245054,250726
26836833,245054,250726
27068833,249308,250726
27299833,247890,250726
27530833,247890,250726
27762833,247890,250726
27994833,247890,250726
28225833,242218,250726
28456833,237964,250726
28712833,237964,250726
28987833,230874,250726
29235833,209604,250726
29558833,219530,250726
30001833,229456,252144
30645833,239382,250726
30928833,239382,250726
31170833,239382,250726
31404833,237964,252144
31635833,242218,252144
31894833,242218,250726
32136833,239382,250726
32371833,237964,250726
32604833,239382,250726
32841833,236546,250726
33074833,237964,250726
33327833,242218,250726
33569833,243636,250726
33804833,246472,250726
34036833,245054,250726
34267833,236546,250726
34499833,229456,250726
34791833,237964,250726
35138833,239382,250726
35405833,232292,250726
35648833,233710,250726
35961833,236546,250726
36273833,229456,250726
36549833,228038,250726
36905833,233710,250726
37300833,242218,250726
37629833,243636,250726
37885833,239382,250726
38126833,229456,250726
38375833,228038,250726
38711833,240800,252144
39100833,237964,250726
39380833,243636,250726
39628833,242218,250726
39865833,239382,250726
40098833,233710,250726
40333833,213858,250726
40636833,218112,250726
41046833,232292,250726
41637833,209604,250726
42113833,218112,250726
42807833,222366,250726
43354833,222366,250726
43856833,226620,250726
44356833,242218,250726
44791833,233710,250726
45115833,242218,250726
45433833,243636,250726
45694833,240800,250726
45939833,233710,250726
46194833,236546,250726
46512833,237964,250726
46780833,230874,252144
47028833,228038,250726
47364833,236546,250726
47753833,233710,250726
48057833,242218,250726
48365833,243636,250726
48626833,245054,250726
48870833,247890,250726
49107833,247890,250726
49342833,245054,250726
49575833,246472,250726
49808833,247890,250726
50040833,247890,250726
50271833,246472,250726
50502833,246472,250726
50734833,246472,250726
50965833,245054,250726
51196833,245054,250726
51429833,246472,250726
51661833,246472,250726
51892833,245054,250726
52122833,246472,250726
52353833,246472,250726
52584833,243636,250726
52814833,246472,250726
53054833,247890,250726
53290833,246472,250726
53524833,245054,250726
53757833,246472,250726
53991833,246472,250726
54223833,243636,250726
54454833,236546,250726
54696833,239382,250726
55007833,240800,250726
55260833,242218,250726
55498833,239382,250726
55731833,235128,250726
55978833,237964,250726
56262833,242218,250726
56516833,239382,250726
56755833,240800,250726
56999833,242218,250726
57234833,243636,250726
57466833,245054,250726
57697833,245054,250726
57927833,245054,250726
58157833,245054,250726
58387833,245054,250726
58617833,246472,250726
58847833,246472,250726
59077833,246472,250726
59307833,246472,250726
59537833,247890,250726
59767833,247890,250726
59997833,246472,250726
