timestamp,lastAckedSeq,highTxMark,availableTxBuffer,nextTxSeq,totalCwnd,unAckMeta
611833,5673,17017,1158,17017,11344,11344
611833,5673,17017,1158,17017,15584,11344
829833,11345,29779,1158,29779,15584,18434
1052833,29779,41123,1158,41123,11999,11344
1329833,42541,55303,1158,55303,13149,12762
1585833,55303,60975,1158,60975,7161,5672
1824833,62393,70901,1158,70901,9596,8508
2059833,70901,79409,1158,79409,8846,8508
2293833,79409,92171,1158,92171,13855,12762
2525833,92171,112023,1158,112023,20246,19852
2768833,107769,121949,1158,121949,14909,14180
3074833,127621,143219,1158,143219,16150,15598
3335833,143219,155981,1158,155981,13786,12762
3579833,157399,172997,1158,172997,16566,15598
3814833,172997,184341,1158,184341,12496,11344
4061833,184341,192849,1158,192849,9921,8508
4298833,194267,204193,1158,204193,10437,9926
4531833,204193,214119,1158,214119,10438,9926
4763833,214119,222627,1158,222627,9568,8508
4994833,222627,233971,1158,233971,12294,11344
5225833,233971,260913,1158,260913,28339,26942
5459833,246733,280765,1158,280765,33518,34032
5787833,268003,292109,1158,292109,23433,24106
6241833,297781,333231,1158,333231,35420,35450
6651833,324723,360173,1158,360173,34190,35450
7181833,361591,382861,2576,382861,22189,21270
7728833,394205,429655,1158,429655,35081,35450
8154833,422565,455179,1158,455179,31846,32614
8690833,460851,476449,1158,476449,15977,15598
9132833,487793,506227,1158,506227,18822,18434
9417833,506227,524661,1158,524661,18191,18434
9702833,526079,550185,1158,550185,24705,24106
9969833,541677,564365,1158,564365,22608,22688
10316833,565783,588471,1158,588471,23904,22688
10657833,587053,608323,1158,608323,20672,21270
11011833,611159,632429,1158,632429,21494,21270
11331833,631011,646609,1158,646609,15524,15598
11661833,652281,682059,1158,682059,31144,29778
11930833,669297,700493,1158,700493,30818,31196
12347833,696239,716091,1158,716091,19789,19852
12817833,728853,744451,1158,744451,17069,15598
13090833,745869,762885,1158,762885,18385,17016
13337833,762885,774229,1158,774229,12171,11344
13595833,774229,785573,1158,785573,11585,11344
13836833,785573,794081,1158,794081,8837,8508
14071833,794081,799753,1158,799753,6312,5672
14304833,801171,808261,1158,808261,8370,7090
14536833,808261,818187,1158,818187,10584,9926
14767833,818187,828113,1158,828113,11066,9926
15002833,828113,836621,1158,836621,9054,8508
15234833,836621,845129,1158,845129,9716,8508
15465833,845129,853637,1158,853637,9066,8508
15695833,853637,862145,1158,862145,9278,8508
15925833,862145,869235,1158,869235,8245,7090
16155833,869235,877743,1158,877743,8775,8508
16385833,877743,884833,2576,884833,9063,7090
16616833,884833,891923,1158,891923,7215,7090
16847833,891923,897595,1158,897595,6536,5672
17077833,897595,904685,1158,904685,7655,7090
17307833,904685,911775,1158,911775,7785,7090
17537833,911775,918865,1158,918865,7758,7090
17767833,918865,924537,1158,924537,6820,5672
17997833,924537,933045,1158,933045,9028,8508
18227833,933045,942971,1158,942971,11257,9926
18459833,944389,957151,1158,957151,13922,12762
18693833,957151,977003,1158,977003,20367,19852
18934833,972749,994019,1158,994019,22426,21270
19240833,992601,1008199,1158,1008199,16449,15598
19566833,1012453,1026633,1158,1026633,14641,14180
19822833,1028051,1039395,2576,1039395,13848,11344
20059833,1039395,1050739,1158,1050739,12203,11344
20292833,1050739,1056411,1158,1056411,6934,5672
20523833,1056411,1062083,1158,1062083,7030,5672
20754833,1063501,1069173,2576,1069173,7502,5672
20984833,1069173,1077681,1158,1077681,9407,8508
21214833,1077681,1086189,1158,1086189,9434,8508
21446833,1087607,1097533,1158,1097533,10171,9926
21677833,1097533,1106041,1158,1106041,9981,8508
21910833,1106041,1114549,1158,1114549,9354,8508
22142833,1114549,1121639,1158,1121639,7660,7090
22373833,1121639,1128729,1158,1128729,8181,7090
22603833,1128729,1135819,1158,1135819,7289,7090
22833833,1135819,1138655,2576,1138655,5466,2836
23063833,1138655,1147163,1158,1147163,9259,8508
23293833,1147163,1158507,1158,1158507,12066,11344
23537833,1159925,1171269,1158,1171269,12383,11344
23788833,1172687,1191121,1158,1191121,19600,18434
24027833,1188285,1216645,1158,1216645,29089,28360
24333833,1206719,1232243,1158,1232243,25357,25524
24727833,1233661,1250677,1158,1250677,18352,17016
25119833,1260603,1277619,2576,1277619,17499,17016
25394833,1277619,1290381,1158,1290381,13557,12762
25658833,1290381,1297471,1158,1297471,8408,7090
25900833,1297471,1304561,1158,1304561,7978,7090
26137833,1304561,1310233,1158,1310233,7114,5672
26371833,1310233,1315905,1158,1315905,6182,5672
26604833,1317323,1325831,1158,1325831,8914,8508
26836833,1325831,1334339,1158,1334339,9208,8508
27068833,1334339,1338593,1158,1338593,5348,4254
27299833,1338593,1344265,1158,1344265,6786,5672
27530833,1344265,1349937,1158,1349937,7080,5672
27762833,1349937,1355609,1158,1355609,6762,5672
27994833,1355609,1361281,1158,1361281,6613,5672
28225833,1361281,1372625,1158,1372625,12190,11344
28456833,1372625,1388223,1158,1388223,16257,15598
28712833,1388223,1403821,1158,1403821,15900,15598
28987833,1406657,1429345,1158,1429345,23212,22688
29235833,1422255,1466213,1158,1466213,44925,43958
29558833,1442107,1478975,1158,1478975,35321,36868
30001833,1470467,1495991,1158,1495991,24858,25524
30645833,1513007,1527187,1158,1527187,14284,14180
30928833,1530023,1544203,1158,1544203,14703,14180
31170833,1544203,1558383,1158,1558383,14947,14180
31404833,1559801,1575399,2576,1575399,17871,15598
31635833,1573981,1585325,1158,1585325,12187,11344
31894833,1588161,1599505,1158,1599505,11445,11344
32136833,1600923,1615103,1158,1615103,14962,14180
32371833,1615103,1630701,1158,1630701,15951,15598
32604833,1630701,1644881,1158,1644881,15614,14180
32841833,1644881,1661897,1158,1661897,18247,17016
33074833,1660479,1676077,2576,1676077,16003,15598
33327833,1676077,1687421,1158,1687421,11732,11344
33569833,1687421,1697347,1158,1697347,10275,9926
33804833,1697347,1704437,1158,1704437,8499,7090
34036833,1705855,1714363,2576,1714363,10643,8508
34267833,1715781,1732797,2576,1732797,19722,17016
34499833,1728543,1754067,1158,1754067,25092,25524
34791833,1746977,1763993,1158,1763993,16049,17016
35138833,1769665,1783845,1158,1783845,15582,14180
35405833,1786681,1809369,1158,1809369,21448,22688
35648833,1802279,1823549,1158,1823549,20682,21270
35961833,1823549,1840565,1158,1840565,18339,17016
36273833,1843401,1867507,1158,1867507,24190,24106
36549833,1861835,1887359,1158,1887359,26002,25524
36905833,1884523,1905793,1158,1905793,20207,21270
37300833,1905793,1917137,1158,1917137,12000,11344
37629833,1922809,1932735,1158,1932735,10070,9926
37885833,1934153,1948333,1158,1948333,14324,14180
38126833,1949751,1973857,1158,1973857,24336,24106
38375833,1963931,1990873,1158,1990873,25717,26942
38711833,1986619,1999381,1158,1999381,13171,12762
39100833,2010725,2026323,1158,2026323,16875,15598
39380833,2026323,2036249,1158,2036249,11382,9926
39628833,2037667,2049011,1158,2049011,12232,11344
39865833,2049011,2063191,1158,2063191,15402,14180
40098833,2064609,2084461,2576,2084461,21726,19852
40333833,2078789,2118493,1158,2118493,39819,39704
40636833,2097223,2135509,1158,2135509,36558,38286
41046833,2124165,2146853,1158,2146853,22294,22688
41637833,2162451,2209245,1158,2209245,44797,46794
42113833,2193647,2231933,1158,2231933,36270,38286
42807833,2240441,2273055,1158,2273055,31771,32614
43354833,2275891,2308505,1158,2308505,31278,32614
43856833,2308505,2336865,1158,2336865,27168,28360
44356833,2338283,2349627,1158,2349627,12216,11344
44791833,2363807,2383659,1158,2383659,20857,19852
45115833,2383659,2395003,1158,2395003,12278,11344
45433833,2397839,2407765,1158,2407765,11311,9926
45694833,2409183,2421945,1158,2421945,13405,12762
45939833,2421945,2441797,1158,2441797,21003,19852
46194833,2438961,2455977,1158,2455977,18363,17016
46512833,2458813,2474411,1158,2474411,17045,15598
46780833,2477247,2499935,2576,2499935,24231,22688
47028833,2492845,2519787,1158,2519787,25743,26942
47364833,2514115,2532549,1158,2532549,18147,18434
47753833,2539639,2560909,1158,2560909,21124,21270
48057833,2560909,2572253,1158,2572253,12552,11344
48365833,2572253,2582179,1158,2582179,10012,9926
48626833,2582179,2590687,1158,2590687,9719,8508
48870833,2590687,2596359,1158,2596359,6047,5672
49107833,2596359,2602031,1158,2602031,5890,5672
49342833,2603449,2611957,1158,2611957,8895,8508
49575833,2611957,2619047,1158,2619047,8071,7090
49808833,2619047,2624719,1158,2624719,5916,5672
50040833,2624719,2630391,1158,2630391,6238,5672
50271833,2630391,2637481,1158,2637481,7293,7090
50502833,2637481,2644571,1158,2644571,7606,7090
50734833,2644571,2651661,1158,2651661,7428,7090
50965833,2651661,2660169,1158,2660169,8930,8508
51196833,2660169,2668677,1158,2668677,8876,8508
51429833,2668677,2675767,1158,2675767,8105,7090
51661833,2675767,2682857,1158,2682857,7723,7090
51892833,2682857,2691365,1158,2691365,9798,8508
52122833,2691365,2698455,1158,2698455,7511,7090
52353833,2698455,2705545,1158,2705545,8141,7090
52584833,2705545,2715471,1158,2715471,10236,9926
52814833,2715471,2722561,1158,2722561,8050,7090
53054833,2722561,2728233,1158,2728233,6396,5672
53290833,2728233,2735323,1158,2735323,7349,7090
53524833,2735323,2743831,1158,2743831,9725,8508
53757833,2743831,2750921,1158,2750921,7974,7090
53991833,2750921,2758011,1158,2758011,8406,7090
54223833,2759429,2769355,2576,2769355,12802,9926
54454833,2770773,2787789,2576,2787789,18991,17016
54696833,2786371,2801969,1158,2801969,14731,15598
55007833,2803387,2816149,1158,2816149,13496,12762
55260833,2816149,2827493,1158,2827493,11693,11344
55498833,2828911,2843091,1158,2843091,14633,14180
55731833,2843091,2861525,1158,2861525,18564,18434
55978833,2858689,2874287,1158,2874287,16512,15598
56262833,2874287,2885631,1158,2885631,11940,11344
56516833,2887049,2901229,1158,2901229,15497,14180
56755833,2901229,2913991,1158,2913991,13123,12762
56999833,2913991,2925335,1158,2925335,12070,11344
57234833,2925335,2935261,1158,2935261,10389,9926
57466833,2935261,2943769,1158,2943769,9119,8508
57697833,2943769,2952277,1158,2952277,9795,8508
57927833,2952277,2960785,1158,2960785,9514,8508
58157833,2960785,2969293,1158,2969293,9513,8508
58387833,2969293,2977801,1158,2977801,8723,8508
58617833,2977801,2984891,1158,2984891,7548,7090
58847833,2984891,2991981,1158,2991981,7299,7090
59077833,2991981,2999071,1158,2999071,7982,7090
59307833,2999071,3006161,1158,3006161,7738,7090
59537833,3006161,3011833,1158,3011833,6023,5672
59767833,3011833,3017505,1158,3017505,6825,5672
59997833,3017505,3024595,1158,3024595,8518,7090
