timestamp,rWnd0,rWnd1
611833,1073725440,1073725440
611833,1073725440,1073725440
829833,1073725440,1073725440
1052833,1073725440,1073725440
1361833,1073725440,1073725440
1713833,1073725440,1073725440
2016833,1073725440,1073725440
2300833,1073725440,1073725440
2661833,1073725440,1073725440
2985833,1073725440,1073725440
3358833,1073725440,1073725440
3690833,1073725440,1073725440
4117833,1073725440,1073725440
4484833,1073725440,1073725440
5111833,1073725440,1073725440
5756833,1073725440,1073725440
6100833,1073725440,1073725440
6397833,1073725440,1073725440
6675833,1073725440,1073725440
7007833,1073725440,1073725440
7312833,1073725440,1073725440
7625833,1073725440,1073725440
7914833,1073725440,1073725440
8266833,1073725440,1073725440
8587833,1073725440,1073725440
8917833,1073725440,1073725440
9218833,1073725440,1073725440
9478833,1073725440,1073725440
9719833,1073725440,1073725440
9953833,1073725440,1073725440
10185833,1073725440,1073725440
10416833,1073725440,1073725440
10680833,1073725440,1073725440
10932833,1073725440,1073725440
11199833,1073725440,1073725440
11449833,1073725440,1073725440
11705833,1073725440,1073725440
11953833,1073725440,1073725440
12324833,1073725440,1073725440
12687833,1073725440,1073725440
13273833,1073725440,1073725440
13901833,1073725440,1073725440
14327833,1073725440,1073725440
14693833,1073725440,1073725440
15014833,1073725440,1073725440
15357833,1073725440,1073725440
15664833,1073725440,1073725440
16159833,1073725440,1073725440
16576833,1073725440,1073725440
17079833,1073725440,1073725440
17414833,1073725440,1073725440
17673833,1073725440,1073725440
17916833,1073725440,1073725440
18225833,1073725440,1073725440
18523833,1073725440,1073725440
18963833,1073725440,1073725440
19335833,1073725440,1073725440
19855833,1073725440,1073725440
20204833,1073725440,1073725440
20485833,1073725440,1073725440
20754833,1073725440,1073725440
21146833,1073725440,1073725440
21483833,1073725440,1073725440
21897833,1073725440,1073725440
22253833,1073725440,1073725440
22858833,1073725440,1073725440
23271833,1073725440,1073725440
23676833,1073725440,1073725440
24025833,1073725440,1073725440
24609833,1073725440,1073725440
25090833,1073725440,1073725440
25474833,1073725440,1073725440
26109833,1073725440,1073725440
26541833,1073725440,1073725440
26892833,1073725440,1073725440
27495833,1073725440,1073725440
28009833,1073725440,1073725440
28395833,1073725440,1073725440
28700833,1073725440,1073725440
28985833,1073725440,1073725440
29316833,1073725440,1073725440
29623833,1073725440,1073725440
29892833,1073725440,1073725440
30137833,1073725440,1073725440
30374833,1073725440,1073725440
30608833,1073725440,1073725440
30840833,1073725440,1073725440
31071833,1073725440,1073725440
31302833,1073725440,1073725440
31541833,1073725440,1073725440
31782833,1073725440,1073725440
32064833,1073725440,1073725440
32333833,1073725440,1073725440
32613833,1073725440,1073725440
32863833,1073725440,1073725440
33101833,1073725440,1073725440
33334833,1073725440,1073725440
33565833,1073725440,1073725440
33849833,1073725440,1073725440
34124833,1073725440,1073725440
34443833,1073725440,1073725440
34738833,1073725440,1073725440
35197833,1073725440,1073725440
35578833,1073725440,1073725440
36022833,1073725440,1073725440
36397833,1073725440,1073725440
36958833,1073725440,1073725440
37318833,1073725440,1073725440
37618833,1073725440,1073725440
37898833,1073725440,1073725440
38329833,1073725440,1073725440
38744833,1073725440,1073725440
39149833,1073725440,1073725440
39497833,1073725440,1073725440
39831833,1073725440,1073725440
40134833,1073725440,1073725440
40605833,1073725440,1073725440
41001833,1073725440,1073725440
41393833,1073725440,1073725440
41735833,1073725440,1073725440
42096833,1073725440,1073725440
42420833,1073725440,1073725440
42693833,1073725440,1073725440
42955833,1073725440,1073725440
43232833,1073725440,1073725440
43484833,1073725440,1073725440
43830833,1073725440,1073725440
44145833,1073725440,1073725440
44662833,1073725440,1073725440
44999833,1073725440,1073725440
45266833,1073725440,1073725440
45547833,1073725440,1073725440
45820833,1073725440,1073725440
46231833,1073725440,1073725440
46836833,1073725440,1073725440
47314833,1073725440,1073725440
48040833,1073725440,1073725440
48309833,1073725440,1073725440
48552833,1073725440,1073725440
48879833,1073725440,1073725440
49194833,1073725440,1073725440
49690833,1073725440,1073725440
50343833,1073725440,1073725440
50863833,1073725440,1073725440
51417833,1073725440,1073725440
51869833,1073725440,1073725440
52358833,1073725440,1073725440
52763833,1073725440,1073725440
53395833,1073725440,1073725440
53899833,1073725440,1073725440
54516833,1073725440,1073725440
55020833,1073725440,1073725440
55525833,1073725440,1073725440
55940833,1073725440,1073725440
56383833,1073725440,1073725440
56765833,1073725440,1073725440
57435833,1073725440,1073725440
57768833,1073725440,1073725440
58081833,1073725440,1073725440
58370833,1073725440,1073725440
58646833,1073725440,1073725440
58895833,1073725440,1073725440
59248833,1073725440,1073725440
59575833,1073725440,1073725440
