timestamp,cWnd0,cWnd1
611833,5672,5672
611833,23169,1500
829833,23169,1500
1052833,1500,1500
1361833,16888,1500
1713833,1500,1500
2016833,18911,1500
2300833,1500,1500
2661833,20496,1500
2985833,1500,1500
3358833,23367,1500
3690833,1500,1500
4117833,41582,1500
4484833,1805,1500
5111833,1500,1500
5756833,17461,1500
6100833,1695,1500
6397833,17122,1500
6675833,1500,1500
7007833,15605,1500
7312833,1879,1500
7625833,19413,1500
7914833,1500,1500
8266833,17972,1500
8587833,1500,1500
8917833,11595,1500
9218833,11728,1500
9478833,10969,1500
9719833,7789,1500
9953833,9672,1500
10185833,15349,1500
10416833,5125,1500
10680833,13802,1500
10932833,5710,1500
11199833,14808,1500
11449833,3666,1500
11705833,26102,1500
11953833,2213,1500
12324833,42037,1500
12687833,3529,1500
13273833,1648,1500
13901833,22168,1500
14327833,1500,1500
14693833,18884,1500
15014833,1650,1500
15357833,29653,1500
15664833,2043,1500
16159833,29778,1500
16576833,1500,1500
17079833,12153,1500
17414833,12997,1500
17673833,20070,1500
17916833,1646,1500
18225833,24464,1500
18523833,1588,1500
18963833,30431,1500
19335833,1500,1500
19855833,16265,1500
20204833,1760,1500
20485833,21216,1500
20754833,1500,1500
21146833,23414,1500
21483833,1871,1500
21897833,35299,1500
22253833,1998,1500
22858833,24892,1500
23271833,2188,1500
23676833,36601,1500
24025833,2536,1500
24609833,4851,1500
25090833,37914,1500
25474833,2428,1500
26109833,6533,1500
26541833,36561,1500
26892833,1695,1500
27495833,2903,1500
28009833,17833,1500
28395833,1500,1500
28700833,17752,1500
28985833,1500,1500
29316833,12453,1500
29623833,10691,1500
29892833,9217,1500
30137833,6036,1500
30374833,4446,1500
30608833,6657,1500
30840833,6127,1500
31071833,10748,1500
31302833,12244,1500
31541833,15676,1500
31782833,3034,1500
32064833,12356,1500
32333833,7142,1500
32613833,10303,1500
32863833,9962,1500
33101833,11334,1500
33334833,17089,1500
33565833,1500,1500
33849833,16900,1500
34124833,1500,1500
34443833,24315,1500
34738833,1702,1500
35197833,26176,1500
35578833,1601,1500
36022833,32105,1500
36397833,1500,1500
36958833,17941,1500
37318833,1500,1500
37618833,31954,1500
37898833,2198,1500
38329833,24473,1500
38744833,1500,1500
39149833,18817,1500
39497833,1500,1500
39831833,26794,1500
40134833,1816,1500
40605833,23196,1500
41001833,1500,1500
41393833,20021,1500
41735833,1500,1500
42096833,13709,1500
42420833,1500,1500
42693833,12594,1500
42955833,8171,1500
43232833,20409,1500
43484833,1500,1500
43830833,36127,1500
44145833,1544,1500
44662833,14318,1500
44999833,18311,1500
45266833,2255,1500
45547833,35294,1500
45820833,2482,1500
46231833,2921,1500
46836833,42628,1500
47314833,2319,1500
48040833,13037,1500
48309833,22275,1500
48552833,2246,1500
48879833,38766,1500
49194833,2541,1500
49690833,2007,1500
50343833,33205,1500
50863833,1500,1500
51417833,28459,1500
51869833,1637,1500
52358833,36023,1500
52763833,2195,1500
53395833,37972,1500
53899833,2118,1500
54516833,30001,1500
55020833,1500,1500
55525833,26700,1500
55940833,2203,1500
56383833,38277,1500
56765833,1868,1500
57435833,18505,1500
57768833,1500,1500
58081833,13548,1500
58370833,9679,1500
58646833,21613,1500
58895833,1500,1500
59248833,34318,1500
59575833,2524,1500
