timestamp,unAck0,unAck1
611833,5672,5672
611833,5672,5672
829833,22688,5672
1052833,9926,1418
1361833,15598,1418
1713833,1418,1418
2016833,17016,1418
2300833,1418,1418
2661833,19852,1418
2985833,0,1418
3358833,22688,1418
3690833,2836,1418
4117833,41122,1418
4484833,19852,1418
5111833,1418,1418
5756833,17016,1418
6100833,1418,1418
6397833,17016,1418
6675833,1418,1418
7007833,15598,1418
7312833,1418,1418
7625833,18434,1418
7914833,1418,1418
8266833,17016,1418
8587833,1418,1418
8917833,11344,1418
9218833,11344,1418
9478833,9926,1418
9719833,7090,1418
9953833,8508,1418
10185833,14180,1418
10416833,4254,1418
10680833,12762,1418
10932833,5672,1418
11199833,14180,1418
11449833,2836,1418
11705833,25524,1418
11953833,9926,1418
12324833,41122,1418
12687833,18434,1418
13273833,1418,1418
13901833,21270,1418
14327833,1418,1418
14693833,18434,1418
15014833,1418,1418
15357833,28360,1418
15664833,9926,1418
16159833,29778,1418
16576833,5672,1418
17079833,11344,1418
17414833,11344,1418
17673833,19852,1418
17916833,5672,1418
18225833,24106,1418
18523833,7090,1418
18963833,29778,1418
19335833,7090,1418
19855833,15598,1418
20204833,1418,1418
20485833,19852,1418
20754833,4254,1418
21146833,22688,1418
21483833,2836,1418
21897833,34032,1418
22253833,12762,1418
22858833,24106,1418
23271833,1418,1418
23676833,35450,1418
24025833,15598,1418
24609833,4254,1418
25090833,36868,1418
25474833,14180,1418
26109833,5672,1418
26541833,35450,1418
26892833,15598,1418
27495833,2836,1418
28009833,17016,1418
28395833,1418,1418
28700833,17016,1418
28985833,1418,1418
29316833,11344,1418
29623833,9926,1418
29892833,8508,1418
30137833,5672,1418
30374833,4254,1418
30608833,5672,1418
30840833,5672,1418
31071833,9926,1418
31302833,11344,1418
31541833,15598,1418
31782833,2836,1418
32064833,11344,1418
32333833,7090,1418
32613833,9926,1418
32863833,9926,1418
33101833,8508,1418
33334833,17016,1418
33565833,4254,1418
33849833,15598,1418
34124833,1418,1418
34443833,24106,1418
34738833,7090,1418
35197833,25524,1418
35578833,2836,1418
36022833,31196,1418
36397833,8508,1418
36958833,17016,1418
37318833,1418,1418
37618833,31196,1418
37898833,14180,1418
38329833,24106,1418
38744833,1418,1418
39149833,18434,1418
39497833,1418,1418
39831833,25524,1418
40134833,7090,0
40605833,22688,1418
41001833,1418,1418
41393833,19852,1418
41735833,1418,1418
42096833,12762,1418
42420833,1418,1418
42693833,11344,1418
42955833,7090,0
43232833,19852,1418
43484833,4254,1418
43830833,35450,1418
44145833,15598,0
44662833,14180,1418
44999833,17016,1418
45266833,0,1418
45547833,34032,1418
45820833,18434,1418
46231833,2836,1418
46836833,42540,1418
47314833,14180,1418
48040833,12762,1418
48309833,21270,1418
48552833,7090,1418
48879833,38286,1418
49194833,19852,1418
49690833,1418,1418
50343833,32614,1418
50863833,1418,1418
51417833,28360,1418
51869833,1418,1418
52358833,35450,1418
52763833,11344,1418
53395833,36868,1418
53899833,7090,0
54516833,29778,1418
55020833,1418,1418
55525833,25524,1418
55940833,1418,1418
56383833,35450,1418
56765833,12762,1418
57435833,18434,1418
57768833,1418,1418
58081833,12762,1418
58370833,8508,1418
58646833,21270,0
58895833,5672,1418
59248833,34032,1418
59575833,15598,1418
