timestamp,rtt0,rtt1
611833,218,184
611833,218,184
829833,223,184
1052833,309,219
1361833,352,221
1713833,303,223
2016833,284,224
2300833,361,225
2661833,324,226
2985833,373,226
3358833,332,227
3690833,427,227
4117833,367,228
4484833,627,228
5111833,645,229
5756833,344,229
6100833,297,229
6397833,278,229
6675833,332,229
7007833,305,229
7312833,313,230
7625833,289,230
7914833,352,230
8266833,321,230
8587833,330,230
8917833,301,230
9218833,260,230
9478833,241,230
9719833,234,230
9953833,232,230
10185833,231,230
10416833,264,230
10680833,252,230
10932833,267,230
11199833,250,230
11449833,256,230
11705833,248,230
11953833,371,230
12324833,363,230
12687833,586,230
13273833,628,230
13901833,426,230
14327833,366,230
14693833,321,230
15014833,343,230
15357833,307,230
15664833,495,230
16159833,417,230
16576833,503,230
17079833,335,230
17414833,259,230
17673833,243,230
17916833,309,230
18225833,298,230
18523833,440,230
18963833,372,230
19335833,520,230
19855833,349,230
20204833,281,230
20485833,269,230
20754833,392,230
21146833,337,230
21483833,414,230
21897833,356,230
22253833,605,230
22858833,413,230
23271833,405,230
23676833,349,230
24025833,584,230
24609833,481,230
25090833,384,230
25474833,635,230
26109833,432,230
26541833,351,230
26892833,603,230
27495833,514,230
28009833,386,230
28395833,305,230
28700833,285,230
28985833,331,230
29316833,307,230
29623833,269,230
29892833,245,230
30137833,237,230
30374833,234,230
30608833,232,230
30840833,231,230
31071833,231,230
31302833,239,230
31541833,241,230
31782833,282,230
32064833,269,230
32333833,280,230
32613833,250,230
32863833,238,230
33101833,233,230
33334833,231,230
33565833,284,230
33849833,275,230
34124833,319,230
34443833,295,230
34738833,459,230
35197833,381,230
35578833,444,230
36022833,375,230
36397833,561,230
36958833,360,230
37318833,300,230
37618833,280,230
37898833,431,230
38329833,415,230
38744833,405,230
39149833,348,230
39497833,334,230
39831833,303,230
40134833,471,230
40605833,396,230
41001833,392,230
41393833,342,230
41735833,361,230
42096833,324,230
42420833,273,230
42693833,262,230
42955833,277,230
43232833,252,230
43484833,346,230
43830833,315,230
44145833,517,230
44662833,337,230
44999833,267,230
45266833,281,230
45547833,273,230
45820833,411,230
46231833,605,230
46836833,478,230
47314833,726,230
48040833,269,230
48309833,243,230
48552833,327,230
48879833,315,230
49194833,496,230
49690833,653,230
50343833,520,230
50863833,554,230
51417833,452,230
51869833,489,230
52358833,405,230
52763833,632,230
53395833,504,230
53899833,617,230
54516833,504,230
55020833,505,230
55525833,415,230
55940833,443,230
56383833,382,230
56765833,670,230
57435833,333,230
57768833,313,230
58081833,289,230
58370833,276,230
58646833,249,230
58895833,353,230
59248833,327,230
59575833,518,230
