timestamp,availableTxBuffer0,availableTxBuffer1
611833,246472,246472
611833,246472,246472
829833,229456,246472
1052833,242218,250726
1361833,236546,250726
1713833,250726,250726
2016833,235128,250726
2300833,250726,250726
2661833,232292,250726
2985833,252144,250726
3358833,229456,250726
3690833,249308,250726
4117833,211022,250726
4484833,232292,250726
5111833,250726,250726
5756833,235128,250726
6100833,250726,250726
6397833,235128,250726
6675833,250726,250726
7007833,236546,250726
7312833,250726,250726
7625833,233710,250726
7914833,250726,250726
8266833,235128,250726
8587833,250726,250726
8917833,240800,250726
9218833,240800,250726
9478833,242218,250726
9719833,245054,250726
9953833,243636,250726
10185833,237964,250726
10416833,247890,250726
10680833,239382,250726
10932833,246472,250726
11199833,237964,250726
11449833,249308,250726
11705833,226620,250726
11953833,242218,250726
12324833,211022,250726
12687833,233710,250726
13273833,250726,250726
13901833,230874,250726
14327833,250726,250726
14693833,233710,250726
15014833,250726,250726
15357833,223784,250726
15664833,242218,250726
16159833,222366,250726
16576833,246472,250726
17079833,240800,250726
17414833,240800,250726
17673833,232292,250726
17916833,246472,250726
18225833,228038,250726
18523833,245054,250726
18963833,222366,250726
19335833,245054,250726
19855833,236546,250726
20204833,250726,250726
20485833,232292,250726
20754833,247890,250726
21146833,229456,250726
21483833,249308,250726
21897833,218112,250726
22253833,239382,250726
22858833,228038,250726
23271833,250726,250726
23676833,216694,250726
24025833,236546,250726
24609833,247890,250726
25090833,215276,250726
25474833,237964,250726
26109833,246472,250726
26541833,216694,250726
26892833,236546,250726
27495833,249308,250726
28009833,235128,250726
28395833,250726,250726
28700833,235128,250726
28985833,250726,250726
29316833,240800,250726
29623833,242218,250726
29892833,243636,250726
30137833,246472,250726
30374833,247890,250726
30608833,246472,250726
30840833,246472,250726
31071833,242218,250726
31302833,240800,250726
31541833,236546,250726
31782833,249308,250726
32064833,240800,250726
32333833,245054,250726
32613833,242218,250726
32863833,242218,250726
33101833,243636,250726
33334833,235128,250726
33565833,247890,250726
33849833,236546,250726
34124833,250726,250726
34443833,228038,250726
34738833,245054,250726
35197833,226620,250726
35578833,249308,250726
36022833,220948,250726
36397833,243636,250726
36958833,235128,250726
37318833,250726,250726
37618833,220948,250726
37898833,237964,250726
38329833,228038,250726
38744833,250726,250726
39149833,233710,250726
39497833,250726,250726
39831833,226620,250726
40134833,245054,252144
40605833,229456,250726
41001833,250726,250726
41393833,232292,250726
41735833,250726,250726
42096833,239382,250726
42420833,250726,250726
42693833,240800,250726
42955833,245054,252144
43232833,232292,250726
43484833,247890,250726
43830833,216694,250726
44145833,236546,252144
44662833,237964,250726
44999833,235128,250726
45266833,252144,250726
45547833,218112,250726
45820833,233710,250726
46231833,249308,250726
46836833,209604,250726
47314833,237964,250726
48040833,239382,250726
48309833,230874,250726
48552833,245054,250726
48879833,213858,250726
49194833,232292,250726
49690833,250726,250726
50343833,219530,250726
50863833,250726,250726
51417833,223784,250726
51869833,250726,250726
52358833,216694,250726
52763833,240800,250726
53395833,215276,250726
53899833,245054,252144
54516833,222366,250726
55020833,250726,250726
55525833,226620,250726
55940833,250726,250726
56383833,216694,250726
56765833,239382,250726
57435833,233710,250726
57768833,250726,250726
58081833,239382,250726
58370833,243636,250726
58646833,230874,252144
58895833,246472,250726
59248833,218112,250726
59575833,236546,250726
