timestamp,cWnd0,cWnd1
611833,5672,5672
611833,17554,1500
829833,17554,1500
1052833,3314,1500
1357833,59668,1500
1662833,3162,1500
2117833,3038,1500
2994833,2366,1500
3828833,33226,1500
4420833,2725,1500
4969833,31519,1500
5415833,3433,1500
5949833,42600,1500
6385833,3550,1500
7129833,3157,1500
7646833,42192,1500
8060833,2510,1500
8758833,9629,1500
9110833,31551,1500
9398833,2117,1500
9873833,31995,1500
10284833,2221,1500
10796833,64668,1500
11218833,4174,1500
11982833,3798,1500
13058833,75725,1500
13963833,4275,1500
15228833,3812,1500
15864833,45960,1500
16372833,2143,1500
17148833,4446,1500
17618833,61615,1500
18001833,2588,1500
18694833,2853,1500
19718833,53709,1500
20577833,3089,1500
21459833,53086,1500
22183833,3271,1500
23067833,41169,1500
23753833,2414,1500
24444833,33891,1500
25005833,3187,1500
25557833,32720,1500
26002833,2044,1500
26555833,27962,1500
27007833,1500,1500
27467833,15042,1500
27830833,1500,1500
28100833,9681,1500
28360833,12948,1500
28618833,9494,1500
28880833,20618,1500
29124833,1500,1500
29451833,16730,1500
29760833,3745,1500
30072833,21749,1500
30355833,2291,1500
30746833,29955,1500
31086833,1907,1500
31632833,37866,1500
32079833,1635,1500
32700833,18145,1500
33031833,1500,1500
33325833,13768,1500
33601833,2353,1500
33882833,22760,1500
34150833,1904,1500
34560833,20202,1500
34918833,1534,1500
35272833,20839,1500
35589833,2486,1500
35953833,25537,1500
36279833,1500,1500
36759833,19811,1500
37150833,1500,1500
37479833,13886,1500
37780833,3071,1500
38056833,9691,1500
38316833,11715,1500
38567833,10949,1500
38810833,6361,1500
39045833,7394,1500
39278833,10292,1500
39509833,8326,1500
39743833,15942,1500
39975833,1500,1500
40250833,22958,1500
40516833,1500,1500
40925833,14002,1500
41273833,12256,1500
41530833,22599,1500
41769833,1500,1500
42105833,26759,1500
42422833,1516,1500
42888833,32536,1500
43273833,1500,1500
43813833,22111,1500
44232833,2162,1500
44601833,29819,1500
44923833,1500,1500
45461833,33977,1500
45895833,2628,1500
46443833,40686,1500
46895833,1611,1500
47575833,18091,1500
47889833,2199,1500
48180833,21929,1500
48454833,1500,1500
48861833,16602,1500
49212833,1500,1500
49509833,9394,1500
49787833,8793,1500
50042833,13683,1500
50283833,15531,1500
50524833,20510,1500
50765833,1560,1500
51067833,27301,1500
51363833,2302,1500
51814833,24146,1500
52207833,1500,1500
52623833,23317,1500
52982833,1500,1500
53396833,14489,1500
53753833,2154,1500
54037833,35489,1500
54307833,1821,1500
54717833,5564,1500
55337833,37042,1500
55829833,1837,1500
56451833,18149,1500
56797833,1500,1500
57094833,35975,1500
57372833,1673,1500
57803833,9621,1500
58370833,21509,1500
58770833,2018,1500
59132833,23228,1500
59452833,1547,1500
59870833,36205,1500
