timestamp,rWnd0,rWnd1
611833,1073725440,1073725440
611833,1073725440,1073725440
829833,1073725440,1073725440
1052833,1073725440,1073725440
1357833,1073725440,1073725440
1662833,1073725440,1073725440
2117833,1073725440,1073725440
2994833,1073725440,1073725440
3828833,1073725440,1073725440
4420833,1073725440,1073725440
4969833,1073725440,1073725440
5415833,1073725440,1073725440
5949833,1073725440,1073725440
6385833,1073725440,1073725440
7129833,1073725440,1073725440
7646833,1073725440,1073725440
8060833,1073725440,1073725440
8758833,1073725440,1073725440
9110833,1073725440,1073725440
9398833,1073725440,1073725440
9873833,1073725440,1073725440
10284833,1073725440,1073725440
10796833,1073725440,1073725440
11218833,1073725440,1073725440
11982833,1073725440,1073725440
13058833,1073725440,1073725440
13963833,1073725440,1073725440
15228833,1073725440,1073725440
15864833,1073725440,1073725440
16372833,1073725440,1073725440
17148833,1073725440,1073725440
17618833,1073725440,1073725440
18001833,1073725440,1073725440
18694833,1073725440,1073725440
19718833,1073725440,1073725440
20577833,1073725440,1073725440
21459833,1073725440,1073725440
22183833,1073725440,1073725440
23067833,1073725440,1073725440
23753833,1073725440,1073725440
24444833,1073725440,1073725440
25005833,1073725440,1073725440
25557833,1073725440,1073725440
26002833,1073725440,1073725440
26555833,1073725440,1073725440
27007833,1073725440,1073725440
27467833,1073725440,1073725440
27830833,1073725440,1073725440
28100833,1073725440,1073725440
28360833,1073725440,1073725440
28618833,1073725440,1073725440
28880833,1073725440,1073725440
29124833,1073725440,1073725440
29451833,1073725440,1073725440
29760833,1073725440,1073725440
30072833,1073725440,1073725440
30355833,1073725440,1073725440
30746833,1073725440,1073725440
31086833,1073725440,1073725440
31632833,1073725440,1073725440
32079833,1073725440,1073725440
32700833,1073725440,1073725440
33031833,1073725440,1073725440
33325833,1073725440,1073725440
33601833,1073725440,1073725440
33882833,1073725440,1073725440
34150833,1073725440,1073725440
34560833,1073725440,1073725440
34918833,1073725440,1073725440
35272833,1073725440,1073725440
35589833,1073725440,1073725440
35953833,1073725440,1073725440
36279833,1073725440,1073725440
36759833,1073725440,1073725440
37150833,1073725440,1073725440
37479833,1073725440,1073725440
37780833,1073725440,1073725440
38056833,1073725440,1073725440
38316833,1073725440,1073725440
38567833,1073725440,1073725440
38810833,1073725440,1073725440
39045833,1073725440,1073725440
39278833,1073725440,1073725440
39509833,1073725440,1073725440
39743833,1073725440,1073725440
39975833,1073725440,1073725440
40250833,1073725440,1073725440
40516833,1073725440,1073725440
40925833,1073725440,1073725440
41273833,1073725440,1073725440
41530833,1073725440,1073725440
41769833,1073725440,1073725440
42105833,1073725440,1073725440
42422833,1073725440,1073725440
42888833,1073725440,1073725440
43273833,1073725440,1073725440
43813833,1073725440,1073725440
44232833,1073725440,1073725440
44601833,1073725440,1073725440
44923833,1073725440,1073725440
45461833,1073725440,1073725440
45895833,1073725440,1073725440
46443833,1073725440,1073725440
46895833,1073725440,1073725440
47575833,1073725440,1073725440
47889833,1073725440,1073725440
48180833,1073725440,1073725440
48454833,1073725440,1073725440
48861833,1073725440,1073725440
49212833,1073725440,1073725440
49509833,1073725440,1073725440
49787833,1073725440,1073725440
50042833,1073725440,1073725440
50283833,1073725440,1073725440
50524833,1073725440,1073725440
50765833,1073725440,1073725440
51067833,1073725440,1073725440
51363833,1073725440,1073725440
51814833,1073725440,1073725440
52207833,1073725440,1073725440
52623833,1073725440,1073725440
52982833,1073725440,1073725440
53396833,1073725440,1073725440
53753833,1073725440,1073725440
54037833,1073725440,1073725440
54307833,1073725440,1073725440
54717833,1073725440,1073725440
55337833,1073725440,1073725440
55829833,1073725440,1073725440
56451833,1073725440,1073725440
56797833,1073725440,1073725440
57094833,1073725440,1073725440
57372833,1073725440,1073725440
57803833,1073725440,1073725440
58370833,1073725440,1073725440
58770833,1073725440,1073725440
59132833,1073725440,1073725440
59452833,1073725440,1073725440
59870833,1073725440,1073725440
