timestamp,rtt0,rtt1
611833,218,184
611833,218,184
829833,223,184
1052833,305,219
1357833,305,221
1662833,455,223
2117833,877,224
2994833,834,226
3828833,592,228
4420833,549,228
4969833,446,229
5415833,534,229
5949833,436,229
6385833,744,229
7129833,517,229
7646833,414,230
8060833,698,230
8758833,352,230
9110833,288,230
9398833,475,230
9873833,411,230
10284833,512,230
10796833,422,230
11218833,764,230
11982833,1076,230
13058833,905,230
13963833,1265,230
15228833,636,230
15864833,508,230
16372833,776,230
17148833,470,230
17618833,383,230
18001833,693,230
18694833,1024,230
19718833,859,230
20577833,882,230
21459833,724,230
22183833,884,230
23067833,686,230
23753833,691,230
24444833,561,230
25005833,552,230
25557833,445,230
26002833,553,230
26555833,452,230
27007833,460,230
27467833,363,230
27830833,270,230
28100833,260,230
28360833,258,230
28618833,262,230
28880833,244,230
29124833,327,230
29451833,309,230
29760833,312,230
30072833,283,230
30355833,391,230
30746833,340,230
31086833,546,230
31632833,447,230
32079833,621,230
32700833,331,230
33031833,294,230
33325833,276,230
33601833,281,230
33882833,268,230
34150833,410,230
34560833,358,230
34918833,354,230
35272833,317,230
35589833,364,230
35953833,326,230
36279833,480,230
36759833,391,230
37150833,329,230
37479833,301,230
37780833,276,230
38056833,260,230
38316833,251,230
38567833,243,230
38810833,235,230
39045833,233,230
39278833,231,230
39509833,234,230
39743833,232,230
39975833,275,230
40250833,266,230
40516833,409,230
40925833,348,230
41273833,257,230
41530833,239,230
41769833,336,230
42105833,317,230
42422833,466,230
42888833,385,230
43273833,540,230
43813833,419,230
44232833,369,230
44601833,322,230
44923833,538,230
45461833,434,230
45895833,548,230
46443833,452,230
46895833,680,230
47575833,314,230
47889833,291,230
48180833,274,230
48454833,407,230
48861833,351,230
49212833,297,230
49509833,278,230
49787833,255,230
50042833,241,230
50283833,241,230
50524833,241,230
50765833,302,230
51067833,296,230
51363833,451,230
51814833,393,230
52207833,416,230
52623833,359,230
52982833,414,230
53396833,357,230
53753833,284,230
54037833,270,230
54307833,410,230
54717833,620,230
55337833,492,230
55829833,622,230
56451833,346,230
56797833,297,230
57094833,278,230
57372833,431,230
57803833,567,230
58370833,400,230
58770833,362,230
59132833,320,230
59452833,418,230
59870833,356,230
