timestamp,unAck0,unAck1
611833,5672,5672
611833,5672,5672
829833,17016,5672
1052833,4254,1418
1357833,59556,1418
1662833,42540,1418
2117833,15598,1418
2994833,1418,1418
3828833,32614,1418
4420833,1418,1418
4969833,31196,1418
5415833,4254,0
5949833,42540,1418
6385833,17016,1418
7129833,2836,1418
7646833,41122,1418
8060833,15598,1418
8758833,8508,1418
9110833,31196,1418
9398833,14180,1418
9873833,31196,1418
10284833,5672,1418
10796833,63810,1418
11218833,38286,1418
11982833,2836,1418
13058833,75154,1418
13963833,21270,1418
15228833,2836,1418
15864833,45376,1418
16372833,15598,1418
17148833,4254,1418
17618833,60974,1418
18001833,38286,1418
18694833,2836,1418
19718833,52466,1418
20577833,2836,1418
21459833,52466,1418
22183833,9926,1418
23067833,41122,1418
23753833,1418,1418
24444833,32614,1418
25005833,2836,1418
25557833,32614,1418
26002833,7090,1418
26555833,26942,1418
27007833,1418,1418
27467833,14180,1418
27830833,1418,1418
28100833,8508,1418
28360833,12762,1418
28618833,8508,1418
28880833,19852,1418
29124833,5672,1418
29451833,14180,1418
29760833,2836,1418
30072833,21270,1418
30355833,4254,1418
30746833,29778,1418
31086833,9926,1418
31632833,36868,1418
32079833,11344,1418
32700833,17016,1418
33031833,1418,1418
33325833,12762,1418
33601833,1418,1418
33882833,22688,1418
34150833,7090,1418
34560833,19852,1418
34918833,1418,1418
35272833,19852,1418
35589833,1418,1418
35953833,25524,1418
36279833,5672,1418
36759833,18434,1418
37150833,1418,1418
37479833,12762,1418
37780833,2836,1418
38056833,8508,1418
38316833,11344,1418
38567833,9926,1418
38810833,5672,1418
39045833,7090,1418
39278833,9926,1418
39509833,7090,1418
39743833,15598,1418
39975833,1418,1418
40250833,22688,1418
40516833,5672,1418
40925833,12762,1418
41273833,11344,1418
41530833,21270,1418
41769833,7090,1418
42105833,25524,1418
42422833,7090,1418
42888833,31196,1418
43273833,7090,1418
43813833,21270,1418
44232833,1418,1418
44601833,29778,0
44923833,9926,1418
45461833,32614,1418
45895833,5672,1418
46443833,39704,1418
46895833,12762,1418
47575833,17016,1418
47889833,1418,1418
48180833,21270,1418
48454833,4254,1418
48861833,15598,1418
49212833,1418,1418
49509833,8508,1418
49787833,8508,1418
50042833,12762,0
50283833,12762,0
50524833,19852,1418
50765833,5672,1418
51067833,25524,1418
51363833,8508,1418
51814833,24106,1418
52207833,1418,1418
52623833,22688,1418
52982833,1418,1418
53396833,14180,1418
53753833,1418,1418
54037833,35450,1418
54307833,19852,1418
54717833,4254,1418
55337833,36868,1418
55829833,8508,1418
56451833,17016,1418
56797833,1418,1418
57094833,35450,1418
57372833,18434,1418
57803833,8508,1418
58370833,21270,1418
58770833,1418,1418
59132833,22688,1418
59452833,4254,1418
59870833,35450,1418
