timestamp,availableTxBuffer0,availableTxBuffer1
611833,246472,246472
611833,246472,246472
829833,235128,246472
1052833,247890,250726
1357833,192588,250726
1662833,209604,250726
2117833,236546,250726
2994833,250726,250726
3828833,219530,250726
4420833,250726,250726
4969833,220948,250726
5415833,247890,252144
5949833,209604,250726
6385833,235128,250726
7129833,249308,250726
7646833,211022,250726
8060833,236546,250726
8758833,243636,250726
9110833,220948,250726
9398833,237964,250726
9873833,220948,250726
10284833,246472,250726
10796833,188334,250726
11218833,213858,250726
11982833,249308,250726
13058833,176990,250726
13963833,230874,250726
15228833,249308,250726
15864833,206768,250726
16372833,236546,250726
17148833,247890,250726
17618833,191170,250726
18001833,213858,250726
18694833,249308,250726
19718833,199678,250726
20577833,249308,250726
21459833,199678,250726
22183833,242218,250726
23067833,211022,250726
23753833,250726,250726
24444833,219530,250726
25005833,249308,250726
25557833,219530,250726
26002833,245054,250726
26555833,225202,250726
27007833,250726,250726
27467833,237964,250726
27830833,250726,250726
28100833,243636,250726
28360833,239382,250726
28618833,243636,250726
28880833,232292,250726
29124833,246472,250726
29451833,237964,250726
29760833,249308,250726
30072833,230874,250726
30355833,247890,250726
30746833,222366,250726
31086833,242218,250726
31632833,215276,250726
32079833,240800,250726
32700833,235128,250726
33031833,250726,250726
33325833,239382,250726
33601833,250726,250726
33882833,229456,250726
34150833,245054,250726
34560833,232292,250726
34918833,250726,250726
35272833,232292,250726
35589833,250726,250726
35953833,226620,250726
36279833,246472,250726
36759833,233710,250726
37150833,250726,250726
37479833,239382,250726
37780833,249308,250726
38056833,243636,250726
38316833,240800,250726
38567833,242218,250726
38810833,246472,250726
39045833,245054,250726
39278833,242218,250726
39509833,245054,250726
39743833,236546,250726
39975833,250726,250726
40250833,229456,250726
40516833,246472,250726
40925833,239382,250726
41273833,240800,250726
41530833,230874,250726
41769833,245054,250726
42105833,226620,250726
42422833,245054,250726
42888833,220948,250726
43273833,245054,250726
43813833,230874,250726
44232833,250726,250726
44601833,222366,252144
44923833,242218,250726
45461833,219530,250726
45895833,246472,250726
46443833,212440,250726
46895833,239382,250726
47575833,235128,250726
47889833,250726,250726
48180833,230874,250726
48454833,247890,250726
48861833,236546,250726
49212833,250726,250726
49509833,243636,250726
49787833,243636,250726
50042833,239382,252144
50283833,239382,252144
50524833,232292,250726
50765833,246472,250726
51067833,226620,250726
51363833,243636,250726
51814833,228038,250726
52207833,250726,250726
52623833,229456,250726
52982833,250726,250726
53396833,237964,250726
53753833,250726,250726
54037833,216694,250726
54307833,232292,250726
54717833,247890,250726
55337833,215276,250726
55829833,243636,250726
56451833,235128,250726
56797833,250726,250726
57094833,216694,250726
57372833,233710,250726
57803833,243636,250726
58370833,230874,250726
58770833,250726,250726
59132833,229456,250726
59452833,247890,250726
59870833,216694,250726
