timestamp,unAck0,unAck1
611833,5672,5672
611833,5672,5672
829833,51048,5672
1052833,38286,1418
1361833,19852,1418
1935833,1418,1418
2723833,26942,1418
3210833,1418,1418
3665833,24106,1418
4045833,1418,1418
4466833,18434,0
4827833,1418,1418
5172833,15598,0
5480833,1418,1418
5786833,28360,1418
6071833,11344,1418
6522833,17016,1418
6870833,1418,1418
7168833,14180,1418
7447833,1418,1418
7742833,11344,1418
8018833,8508,1418
8291833,15598,1418
8539833,1418,1418
8823833,8508,1418
9097833,8508,1418
9358833,11344,1418
9603833,11344,1418
9843833,8508,1418
10076833,8508,1418
10308833,9926,1418
10538833,7090,1418
10768833,9926,1418
10998833,9926,1418
11229833,9926,1418
11460833,9926,1418
11690833,18434,1418
11920833,4254,1418
12217833,17016,0
12503833,1418,1418
12842833,17016,1418
13150833,1418,1418
13474833,31196,1418
13769833,12762,1418
14242833,26942,1418
14658833,2836,1418
15106833,18434,1418
15492833,1418,1418
15829833,18434,1418
16133833,1418,1418
16479833,19852,1418
16797833,1418,1418
17199833,24106,1418
17552833,4254,1418
17995833,15598,1418
18366833,1418,1418
18664833,31196,1418
18942833,14180,1418
19373833,14180,1418
19718833,19852,1418
19993833,2836,1418
20314833,28360,0
20615833,9926,1418
21089833,51048,1418
21499833,26942,1418
22218833,1418,1418
22994833,26942,1418
23487833,2836,1418
23942833,56720,1418
24315833,34032,1418
24986833,2836,1418
25940833,69482,1418
26731833,22688,1418
27901833,2836,1418
28552833,48212,1418
29067833,17016,1418
29885833,26942,1418
30351833,1418,1418
30804833,21270,1418
31185833,1418,1418
31559833,31196,1418
31890833,12762,1418
32428833,19852,1418
32797833,1418,1418
33135833,15598,1418
33440833,1418,1418
33744833,14180,1418
34028833,4254,1418
34315833,15598,1418
34579833,2836,1418
34866833,24106,1418
35136833,7090,1418
35559833,15598,1418
35913833,1418,1418
36201833,7090,1418
36474833,8508,1418
36730833,7090,1418
36971833,12762,1418
37206833,15598,1418
37445833,12762,1418
37704833,15598,1418
37944833,18434,1418
38200833,5672,1418
38493833,14180,1418
38771833,4254,1418
39073833,18434,0
39348833,2836,1418
39699833,15598,1418
40019833,1418,1418
40353833,11344,1418
40656833,15598,1418
40927833,18434,1418
41194833,2836,1418
41492833,39704,1418
41778833,22688,1418
42210833,1418,1418
42906833,31196,1418
43464833,1418,1418
43991833,32614,1418
44420833,7090,1418
44981833,25524,1418
45432833,1418,1418
45869833,26942,1418
46235833,5672,1418
46711833,21270,1418
47111833,1418,1418
47486833,19852,1418
47817833,1418,1418
48180833,19852,1418
48506833,1418,1418
48879833,7090,1418
49207833,8508,1418
49476833,4254,1418
49723833,8508,1418
49963833,5672,1418
50204833,7090,1418
50440833,8508,1418
50673833,8508,1418
50905833,12762,1418
51136833,15598,1418
51388833,18434,1418
51654833,8508,1418
51951833,17016,1418
52222833,2836,1418
52519833,36868,1418
52801833,19852,0
53244833,1418,1418
53885833,36868,1418
54404833,7090,1418
55030833,15598,1418
55357833,2836,1418
55633833,7090,1418
55893833,8508,1418
56141833,7090,1418
56379833,9926,1418
56613833,9926,1418
56847833,14180,1418
57082833,11344,1418
57329833,14180,1418
57564833,15598,1418
57801833,17016,1418
58055833,12762,1418
58332833,14180,1418
58580833,15598,1418
58821833,19852,1418
59094833,4254,1418
59408833,21270,1418
59708833,2836,1418
