timestamp,rtt0,rtt1
611833,218,184
611833,218,184
829833,223,184
1052833,309,219
1361833,574,221
1935833,788,224
2723833,487,226
3210833,455,227
3665833,380,227
4045833,421,228
4466833,361,228
4827833,345,229
5172833,308,229
5480833,306,229
5786833,285,229
6071833,451,229
6522833,348,229
6870833,298,229
7168833,279,230
7447833,295,230
7742833,276,230
8018833,273,230
8291833,248,230
8539833,284,230
8823833,274,230
9097833,261,230
9358833,245,230
9603833,240,230
9843833,233,230
10076833,232,230
10308833,230,230
10538833,230,230
10768833,230,230
10998833,231,230
11229833,231,230
11460833,230,230
11690833,230,230
11920833,297,230
12217833,286,230
12503833,339,230
12842833,308,230
13150833,324,230
13474833,295,230
13769833,473,230
14242833,416,230
14658833,448,230
15106833,386,230
15492833,337,230
15829833,304,230
16133833,346,230
16479833,318,230
16797833,402,230
17199833,353,230
17552833,443,230
17995833,371,230
18366833,298,230
18664833,278,230
18942833,431,230
19373833,345,230
19718833,275,230
19993833,321,230
20314833,301,230
20615833,474,230
21089833,410,230
21499833,719,230
22218833,776,230
22994833,493,230
23487833,455,230
23942833,373,230
24315833,671,230
24986833,954,230
25940833,791,230
26731833,1170,230
27901833,651,230
28552833,515,230
29067833,818,230
29885833,466,230
30351833,453,230
30804833,381,230
31185833,374,230
31559833,331,230
31890833,538,230
32428833,369,230
32797833,338,230
33135833,305,230
33440833,304,230
33744833,284,230
34028833,287,230
34315833,264,230
34579833,287,230
34866833,270,230
35136833,423,230
35559833,354,230
35913833,288,230
36201833,273,230
36474833,256,230
36730833,241,230
36971833,235,230
37206833,239,230
37445833,259,230
37704833,240,230
37944833,256,230
38200833,293,230
38493833,278,230
38771833,302,230
39073833,275,230
39348833,351,230
39699833,320,230
40019833,334,230
40353833,303,230
40656833,271,230
40927833,267,230
41194833,298,230
41492833,286,230
41778833,432,230
42210833,696,230
42906833,558,230
43464833,527,230
43991833,429,230
44420833,561,230
44981833,451,230
45432833,437,230
45869833,366,230
46235833,476,230
46711833,400,230
47111833,375,230
47486833,331,230
47817833,363,230
48180833,326,230
48506833,373,230
48879833,328,230
49207833,269,230
49476833,247,230
49723833,240,230
49963833,241,230
50204833,236,230
50440833,233,230
50673833,232,230
50905833,231,230
51136833,252,230
51388833,266,230
51654833,297,230
51951833,271,230
52222833,297,230
52519833,282,230
52801833,443,230
53244833,641,230
53885833,519,230
54404833,626,230
55030833,327,230
55357833,276,230
55633833,260,230
55893833,248,230
56141833,238,230
56379833,234,230
56613833,234,230
56847833,235,230
57082833,247,230
57329833,235,230
57564833,237,230
57801833,254,230
58055833,277,230
58332833,248,230
58580833,241,230
58821833,273,230
59094833,314,230
59408833,300,230
59708833,407,230
