timestamp,cWnd0,cWnd1
611833,5672,5672
611833,51266,1500
829833,51266,1500
1052833,4348,1500
1361833,3152,1500
1935833,1931,1500
2723833,27323,1500
3210833,2096,1500
3665833,24900,1500
4045833,1620,1500
4466833,18826,1500
4827833,1500,1500
5172833,16088,1500
5480833,1500,1500
5786833,29448,1500
6071833,1500,1500
6522833,17429,1500
6870833,1500,1500
7168833,14791,1500
7447833,1500,1500
7742833,11700,1500
8018833,9827,1500
8291833,16805,1500
8539833,1500,1500
8823833,9785,1500
9097833,9034,1500
9358833,12295,1500
9603833,11496,1500
9843833,9631,1500
10076833,9056,1500
10308833,10976,1500
10538833,8907,1500
10768833,10672,1500
10998833,10207,1500
11229833,11295,1500
11460833,10633,1500
11690833,18629,1500
11920833,1500,1500
12217833,17094,1500
12503833,1500,1500
12842833,17819,1500
13150833,1500,1500
13474833,32211,1500
13769833,1500,1500
14242833,27642,1500
14658833,1500,1500
15106833,18546,1500
15492833,1500,1500
15829833,18761,1500
16133833,1500,1500
16479833,21681,1500
16797833,1500,1500
17199833,24440,1500
17552833,1500,1500
17995833,16823,1500
18366833,2015,1500
18664833,32314,1500
18942833,1500,1500
19373833,15567,1500
19718833,20053,1500
19993833,1500,1500
20314833,29286,1500
20615833,2732,1500
21089833,52275,1500
21499833,2021,1500
22218833,1735,1500
22994833,27195,1500
23487833,3279,1500
23942833,57472,1500
24315833,4676,1500
24986833,4147,1500
25940833,69579,1500
26731833,3976,1500
27901833,3062,1500
28552833,49585,1500
29067833,2342,1500
29885833,27255,1500
30351833,2036,1500
30804833,22200,1500
31185833,1960,1500
31559833,31705,1500
31890833,1766,1500
32428833,19939,1500
32797833,1500,1500
33135833,16036,1500
33440833,1500,1500
33744833,15184,1500
34028833,4611,1500
34315833,16637,1500
34579833,3839,1500
34866833,25047,1500
35136833,1500,1500
35559833,16985,1500
35913833,1500,1500
36201833,8371,1500
36474833,9469,1500
36730833,7544,1500
36971833,13567,1500
37206833,16207,1500
37445833,13045,1500
37704833,15852,1500
37944833,18666,1500
38200833,6184,1500
38493833,16003,1500
38771833,5628,1500
39073833,20945,1500
39348833,1500,1500
39699833,17613,1500
40019833,1500,1500
40353833,12210,1500
40656833,15814,1500
40927833,19510,1500
41194833,3351,1500
41492833,40191,1500
41778833,2177,1500
42210833,2582,1500
42906833,32283,1500
43464833,2340,1500
43991833,33831,1500
44420833,2356,1500
44981833,26259,1500
45432833,2274,1500
45869833,28313,1500
46235833,1572,1500
46711833,22401,1500
47111833,1500,1500
47486833,21154,1500
47817833,1500,1500
48180833,20464,1500
48506833,1500,1500
48879833,8415,1500
49207833,8927,1500
49476833,5299,1500
49723833,8654,1500
49963833,6521,1500
50204833,7099,1500
50440833,9197,1500
50673833,8924,1500
50905833,13500,1500
51136833,16767,1500
51388833,18437,1500
51654833,8639,1500
51951833,17785,1500
52222833,2902,1500
52519833,36929,1500
52801833,3239,1500
53244833,2623,1500
53885833,37351,1500
54404833,2270,1500
55030833,15834,1500
55357833,4026,1500
55633833,8034,1500
55893833,9134,1500
56141833,8439,1500
56379833,11333,1500
56613833,12024,1500
56847833,14795,1500
57082833,13814,1500
57329833,14703,1500
57564833,16578,1500
57801833,17780,1500
58055833,15369,1500
58332833,14313,1500
58580833,17429,1500
58821833,21192,1500
59094833,2520,1500
59408833,21363,1500
59708833,1500,1500
