timestamp,availableTxBuffer0,availableTxBuffer1
611833,246472,246472
611833,246472,246472
829833,201096,246472
1052833,213858,250726
1361833,232292,250726
1935833,250726,250726
2723833,225202,250726
3210833,250726,250726
3665833,228038,250726
4045833,250726,250726
4466833,233710,252144
4827833,250726,250726
5172833,236546,252144
5480833,250726,250726
5786833,223784,250726
6071833,240800,250726
6522833,235128,250726
6870833,250726,250726
7168833,237964,250726
7447833,250726,250726
7742833,240800,250726
8018833,243636,250726
8291833,236546,250726
8539833,250726,250726
8823833,243636,250726
9097833,243636,250726
9358833,240800,250726
9603833,240800,250726
9843833,243636,250726
10076833,243636,250726
10308833,242218,250726
10538833,245054,250726
10768833,242218,250726
10998833,242218,250726
11229833,242218,250726
11460833,242218,250726
11690833,233710,250726
11920833,247890,250726
12217833,235128,252144
12503833,250726,250726
12842833,235128,250726
13150833,250726,250726
13474833,220948,250726
13769833,239382,250726
14242833,225202,250726
14658833,249308,250726
15106833,233710,250726
15492833,250726,250726
15829833,233710,250726
16133833,250726,250726
16479833,232292,250726
16797833,250726,250726
17199833,228038,250726
17552833,247890,250726
17995833,236546,250726
18366833,250726,250726
18664833,220948,250726
18942833,237964,250726
19373833,237964,250726
19718833,232292,250726
19993833,249308,250726
20314833,223784,252144
20615833,242218,250726
21089833,201096,250726
21499833,225202,250726
22218833,250726,250726
22994833,225202,250726
23487833,249308,250726
23942833,195424,250726
24315833,218112,250726
24986833,249308,250726
25940833,182662,250726
26731833,229456,250726
27901833,249308,250726
28552833,203932,250726
29067833,235128,250726
29885833,225202,250726
30351833,250726,250726
30804833,230874,250726
31185833,250726,250726
31559833,220948,250726
31890833,239382,250726
32428833,232292,250726
32797833,250726,250726
33135833,236546,250726
33440833,250726,250726
33744833,237964,250726
34028833,247890,250726
34315833,236546,250726
34579833,249308,250726
34866833,228038,250726
35136833,245054,250726
35559833,236546,250726
35913833,250726,250726
36201833,245054,250726
36474833,243636,250726
36730833,245054,250726
36971833,239382,250726
37206833,236546,250726
37445833,239382,250726
37704833,236546,250726
37944833,233710,250726
38200833,246472,250726
38493833,237964,250726
38771833,247890,250726
39073833,233710,252144
39348833,249308,250726
39699833,236546,250726
40019833,250726,250726
40353833,240800,250726
40656833,236546,250726
40927833,233710,250726
41194833,249308,250726
41492833,212440,250726
41778833,229456,250726
42210833,250726,250726
42906833,220948,250726
43464833,250726,250726
43991833,219530,250726
44420833,245054,250726
44981833,226620,250726
45432833,250726,250726
45869833,225202,250726
46235833,246472,250726
46711833,230874,250726
47111833,250726,250726
47486833,232292,250726
47817833,250726,250726
48180833,232292,250726
48506833,250726,250726
48879833,245054,250726
49207833,243636,250726
49476833,247890,250726
49723833,243636,250726
49963833,246472,250726
50204833,245054,250726
50440833,243636,250726
50673833,243636,250726
50905833,239382,250726
51136833,236546,250726
51388833,233710,250726
51654833,243636,250726
51951833,235128,250726
52222833,249308,250726
52519833,215276,250726
52801833,232292,252144
53244833,250726,250726
53885833,215276,250726
54404833,245054,250726
55030833,236546,250726
55357833,249308,250726
55633833,245054,250726
55893833,243636,250726
56141833,245054,250726
56379833,242218,250726
56613833,242218,250726
56847833,237964,250726
57082833,240800,250726
57329833,237964,250726
57564833,236546,250726
57801833,235128,250726
58055833,239382,250726
58332833,237964,250726
58580833,236546,250726
58821833,232292,250726
59094833,247890,250726
59408833,230874,250726
59708833,249308,250726
