timestamp,rWnd0,rWnd1
611833,1073725440,1073725440
611833,1073725440,1073725440
829833,1073725440,1073725440
1052833,1073725440,1073725440
1361833,1073725440,1073725440
1935833,1073725440,1073725440
2723833,1073725440,1073725440
3210833,1073725440,1073725440
3665833,1073725440,1073725440
4045833,1073725440,1073725440
4466833,1073725440,1073725440
4827833,1073725440,1073725440
5172833,1073725440,1073725440
5480833,1073725440,1073725440
5786833,1073725440,1073725440
6071833,1073725440,1073725440
6522833,1073725440,1073725440
6870833,1073725440,1073725440
7168833,1073725440,1073725440
7447833,1073725440,1073725440
7742833,1073725440,1073725440
8018833,1073725440,1073725440
8291833,1073725440,1073725440
8539833,1073725440,1073725440
8823833,1073725440,1073725440
9097833,1073725440,1073725440
9358833,1073725440,1073725440
9603833,1073725440,1073725440
9843833,1073725440,1073725440
10076833,1073725440,1073725440
10308833,1073725440,1073725440
10538833,1073725440,1073725440
10768833,1073725440,1073725440
10998833,1073725440,1073725440
11229833,1073725440,1073725440
11460833,1073725440,1073725440
11690833,1073725440,1073725440
11920833,1073725440,1073725440
12217833,1073725440,1073725440
12503833,1073725440,1073725440
12842833,1073725440,1073725440
13150833,1073725440,1073725440
13474833,1073725440,1073725440
13769833,1073725440,1073725440
14242833,1073725440,1073725440
14658833,1073725440,1073725440
15106833,1073725440,1073725440
15492833,1073725440,1073725440
15829833,1073725440,1073725440
16133833,1073725440,1073725440
16479833,1073725440,1073725440
16797833,1073725440,1073725440
17199833,1073725440,1073725440
17552833,1073725440,1073725440
17995833,1073725440,1073725440
18366833,1073725440,1073725440
18664833,1073725440,1073725440
18942833,1073725440,1073725440
19373833,1073725440,1073725440
19718833,1073725440,1073725440
19993833,1073725440,1073725440
20314833,1073725440,1073725440
20615833,1073725440,1073725440
21089833,1073725440,1073725440
21499833,1073725440,1073725440
22218833,1073725440,1073725440
22994833,1073725440,1073725440
23487833,1073725440,1073725440
23942833,1073725440,1073725440
24315833,1073725440,1073725440
24986833,1073725440,1073725440
25940833,1073725440,1073725440
26731833,1073725440,1073725440
27901833,1073725440,1073725440
28552833,1073725440,1073725440
29067833,1073725440,1073725440
29885833,1073725440,1073725440
30351833,1073725440,1073725440
30804833,1073725440,1073725440
31185833,1073725440,1073725440
31559833,1073725440,1073725440
31890833,1073725440,1073725440
32428833,1073725440,1073725440
32797833,1073725440,1073725440
33135833,1073725440,1073725440
33440833,1073725440,1073725440
33744833,1073725440,1073725440
34028833,1073725440,1073725440
34315833,1073725440,1073725440
34579833,1073725440,1073725440
34866833,1073725440,1073725440
35136833,1073725440,1073725440
35559833,1073725440,1073725440
35913833,1073725440,1073725440
36201833,1073725440,1073725440
36474833,1073725440,1073725440
36730833,1073725440,1073725440
36971833,1073725440,1073725440
37206833,1073725440,1073725440
37445833,1073725440,1073725440
37704833,1073725440,1073725440
37944833,1073725440,1073725440
38200833,1073725440,1073725440
38493833,1073725440,1073725440
38771833,1073725440,1073725440
39073833,1073725440,1073725440
39348833,1073725440,1073725440
39699833,1073725440,1073725440
40019833,1073725440,1073725440
40353833,1073725440,1073725440
40656833,1073725440,1073725440
40927833,1073725440,1073725440
41194833,1073725440,1073725440
41492833,1073725440,1073725440
41778833,1073725440,1073725440
42210833,1073725440,1073725440
42906833,1073725440,1073725440
43464833,1073725440,1073725440
43991833,1073725440,1073725440
44420833,1073725440,1073725440
44981833,1073725440,1073725440
45432833,1073725440,1073725440
45869833,1073725440,1073725440
46235833,1073725440,1073725440
46711833,1073725440,1073725440
47111833,1073725440,1073725440
47486833,1073725440,1073725440
47817833,1073725440,1073725440
48180833,1073725440,1073725440
48506833,1073725440,1073725440
48879833,1073725440,1073725440
49207833,1073725440,1073725440
49476833,1073725440,1073725440
49723833,1073725440,1073725440
49963833,1073725440,1073725440
50204833,1073725440,1073725440
50440833,1073725440,1073725440
50673833,1073725440,1073725440
50905833,1073725440,1073725440
51136833,1073725440,1073725440
51388833,1073725440,1073725440
51654833,1073725440,1073725440
51951833,1073725440,1073725440
52222833,1073725440,1073725440
52519833,1073725440,1073725440
52801833,1073725440,1073725440
53244833,1073725440,1073725440
53885833,1073725440,1073725440
54404833,1073725440,1073725440
55030833,1073725440,1073725440
55357833,1073725440,1073725440
55633833,1073725440,1073725440
55893833,1073725440,1073725440
56141833,1073725440,1073725440
56379833,1073725440,1073725440
56613833,1073725440,1073725440
56847833,1073725440,1073725440
57082833,1073725440,1073725440
57329833,1073725440,1073725440
57564833,1073725440,1073725440
57801833,1073725440,1073725440
58055833,1073725440,1073725440
58332833,1073725440,1073725440
58580833,1073725440,1073725440
58821833,1073725440,1073725440
59094833,1073725440,1073725440
59408833,1073725440,1073725440
59708833,1073725440,1073725440
