timestamp,unAck0,unAck1
611833,5672,5672
611833,5672,5672
829833,17016,5672
1052833,4254,1418
1357833,22688,1418
1662833,5672,1418
2107833,21270,1418
2475833,1418,1418
2854833,15598,1418
3186833,1418,1418
3482833,21270,1418
3759833,4254,1418
4170833,21270,1418
4522833,1418,1418
4904833,21270,1418
5241833,1418,1418
5633833,18434,1418
5976833,1418,1418
6324833,9926,1418
6633833,19852,1418
6903833,4254,1418
7229833,19852,1418
7535833,2836,0
7942833,22688,1418
8294833,1418,1418
8705833,17016,1418
9062833,1418,1418
9386833,12762,1418
9680833,7090,1418
9961833,18434,1418
10217833,4254,1418
10553833,15598,1418
10859833,1418,1418
11170833,12762,1418
11458833,7090,1418
11735833,8508,1418
11986833,11344,1418
12224833,14180,1418
12465833,12762,1418
12721833,17016,1418
12960833,12762,1418
13233833,12762,1418
13479833,21270,1418
13714833,18434,1418
14028833,18434,1418
14346833,15598,1418
14656833,18434,1418
14930833,19852,1418
15231833,14180,1418
15556833,21270,1418
15829833,4254,1418
16168833,49630,1418
16483833,31196,1418
16979833,2836,1418
17829833,95006,1418
18524833,53884,1418
19890833,5672,1418
20590833,65228,1418
21137833,32614,1418
22199833,1418,1418
23091833,51048,1418
23817833,7090,1418
24676833,38286,1418
25345833,1418,1418
25988833,12762,1418
26275833,12762,1418
26518833,22688,1418
26752833,8508,1418
27079833,21270,1418
27403833,2836,1418
27786833,24106,1418
28125833,4254,1418
28570833,25524,1418
28942833,2836,1418
29395833,31196,1418
29780833,8508,1418
30337833,34032,1418
30787833,7090,1418
31363833,25524,1418
31826833,1418,1418
32262833,15598,1418
32628833,1418,1418
32920833,11344,1418
33195833,12762,1418
33465833,11344,1418
33712833,19852,1418
33947833,21270,1418
34263833,2836,1418
34611833,38286,1418
34929833,18434,1418
35446833,28360,1418
35953833,1418,1418
36431833,24106,1418
36827833,1418,1418
37247833,36868,1418
37607833,14180,1418
38234833,52466,1418
38754833,21270,1418
39601833,9926,1418
39931833,21270,1418
40208833,5672,1418
40548833,26942,1418
40864833,8508,1418
41350833,22688,1418
41751833,1418,1418
42143833,15598,1418
42480833,7090,1418
42778833,32614,1418
43040833,17016,1418
43448833,48212,1418
43898833,21270,1418
44585833,1418,1418
45308833,35450,1418
45886833,1418,1418
46484833,26942,1418
46971833,1418,1418
47433833,26942,1418
47814833,4254,1418
48285833,21270,1418
48685833,1418,1418
49061833,9926,1418
49386833,15598,1418
49655833,31196,1418
49918833,15598,1418
50315833,25524,1418
50731833,1418,1418
51158833,14180,1418
51525833,11344,1418
51784833,26942,1418
52026833,12762,1418
52392833,39704,1418
52752833,18434,1418
53309833,42540,1418
53817833,12762,1418
54514833,51048,1418
55077833,17016,1418
55919833,36868,1418
56521833,1418,1418
57139833,43958,1418
57644833,14180,1418
58402833,21270,1418
58777833,2836,1418
59136833,18434,1418
59451833,1418,1418
59781833,28360,1418
