timestamp,cWnd0,cWnd1
611833,5672,5672
611833,17198,1500
829833,17198,1500
1052833,4760,1500
1357833,23450,1500
1662833,2299,1500
2107833,21648,1500
2475833,1500,1500
2854833,16909,1500
3186833,1500,1500
3482833,22014,1500
3759833,1500,1500
4170833,21783,1500
4522833,1500,1500
4904833,21290,1500
5241833,1500,1500
5633833,19689,1500
5976833,1500,1500
6324833,10787,1500
6633833,20997,1500
6903833,2478,1500
7229833,22339,1500
7535833,1500,1500
7942833,23472,1500
8294833,1500,1500
8705833,17415,1500
9062833,1500,1500
9386833,13601,1500
9680833,7997,1500
9961833,19528,1500
10217833,2503,1500
10553833,16627,1500
10859833,2366,1500
11170833,12893,1500
11458833,7144,1500
11735833,8753,1500
11986833,11995,1500
12224833,14888,1500
12465833,12872,1500
12721833,18155,1500
12960833,12999,1500
13233833,13652,1500
13479833,22322,1500
13714833,18909,1500
14028833,19376,1500
14346833,16300,1500
14656833,19339,1500
14930833,20505,1500
15231833,15448,1500
15556833,22370,1500
15829833,3295,1500
16168833,50619,1500
16483833,3616,1500
16979833,3486,1500
17829833,95764,1500
18524833,5367,1500
19890833,5835,1500
20590833,65990,1500
21137833,3279,1500
22199833,2238,1500
23091833,51652,1500
23817833,3939,1500
24676833,38532,1500
25345833,1993,1500
25988833,14176,1500
26275833,12887,1500
26518833,24018,1500
26752833,2947,1500
27079833,22230,1500
27403833,1500,1500
27786833,24755,1500
28125833,1553,1500
28570833,26934,1500
28942833,1500,1500
29395833,31664,1500
29780833,1500,1500
30337833,34646,1500
30787833,2377,1500
31363833,26211,1500
31826833,1500,1500
32262833,15971,1500
32628833,1500,1500
32920833,11556,1500
33195833,14007,1500
33465833,12301,1500
33712833,20913,1500
33947833,22163,1500
34263833,4213,1500
34611833,38507,1500
34929833,1998,1500
35446833,28543,1500
35953833,1558,1500
36431833,25105,1500
36827833,2127,1500
37247833,38147,1500
37607833,2995,1500
38234833,53389,1500
38754833,1975,1500
39601833,10984,1500
39931833,21548,1500
40208833,1886,1500
40548833,27567,1500
40864833,1764,1500
41350833,24095,1500
41751833,1500,1500
42143833,16453,1500
42480833,8104,1500
42778833,33906,1500
43040833,2477,1500
43448833,49568,1500
43898833,2343,1500
44585833,2537,1500
45308833,36097,1500
45886833,1500,1500
46484833,27862,1500
46971833,2216,1500
47433833,27096,1500
47814833,1728,1500
48285833,21811,1500
48685833,1500,1500
49061833,10671,1500
49386833,16432,1500
49655833,32429,1500
49918833,1704,1500
50315833,25827,1500
50731833,1500,1500
51158833,15453,1500
51525833,12063,1500
51784833,27932,1500
52026833,2099,1500
52392833,39825,1500
52752833,2240,1500
53309833,43507,1500
53817833,3144,1500
54514833,52425,1500
55077833,2490,1500
55919833,37311,1500
56521833,2080,1500
57139833,44392,1500
57644833,2099,1500
58402833,22158,1500
58777833,3159,1500
59136833,19142,1500
59451833,2059,1500
59781833,28974,1500
