timestamp,availableTxBuffer0,availableTxBuffer1
611833,246472,246472
611833,246472,246472
829833,235128,246472
1052833,247890,250726
1357833,229456,250726
1662833,246472,250726
2107833,230874,250726
2475833,250726,250726
2854833,236546,250726
3186833,250726,250726
3482833,230874,250726
3759833,247890,250726
4170833,230874,250726
4522833,250726,250726
4904833,230874,250726
5241833,250726,250726
5633833,233710,250726
5976833,250726,250726
6324833,242218,250726
6633833,232292,250726
6903833,247890,250726
7229833,232292,250726
7535833,249308,252144
7942833,229456,250726
8294833,250726,250726
8705833,235128,250726
9062833,250726,250726
9386833,239382,250726
9680833,245054,250726
9961833,233710,250726
10217833,247890,250726
10553833,236546,250726
10859833,250726,250726
11170833,239382,250726
11458833,245054,250726
11735833,243636,250726
11986833,240800,250726
12224833,237964,250726
12465833,239382,250726
12721833,235128,250726
12960833,239382,250726
13233833,239382,250726
13479833,230874,250726
13714833,233710,250726
14028833,233710,250726
14346833,236546,250726
14656833,233710,250726
14930833,232292,250726
15231833,237964,250726
15556833,230874,250726
15829833,247890,250726
16168833,202514,250726
16483833,220948,250726
16979833,249308,250726
17829833,157138,250726
18524833,198260,250726
19890833,246472,250726
20590833,186916,250726
21137833,219530,250726
22199833,250726,250726
23091833,201096,250726
23817833,245054,250726
24676833,213858,250726
25345833,250726,250726
25988833,239382,250726
26275833,239382,250726
26518833,229456,250726
26752833,243636,250726
27079833,230874,250726
27403833,249308,250726
27786833,228038,250726
28125833,247890,250726
28570833,226620,250726
28942833,249308,250726
29395833,220948,250726
29780833,243636,250726
30337833,218112,250726
30787833,245054,250726
31363833,226620,250726
31826833,250726,250726
32262833,236546,250726
32628833,250726,250726
32920833,240800,250726
33195833,239382,250726
33465833,240800,250726
33712833,232292,250726
33947833,230874,250726
34263833,249308,250726
34611833,213858,250726
34929833,233710,250726
35446833,223784,250726
35953833,250726,250726
36431833,228038,250726
36827833,250726,250726
37247833,215276,250726
37607833,237964,250726
38234833,199678,250726
38754833,230874,250726
39601833,242218,250726
39931833,230874,250726
40208833,246472,250726
40548833,225202,250726
40864833,243636,250726
41350833,229456,250726
41751833,250726,250726
42143833,236546,250726
42480833,245054,250726
42778833,219530,250726
43040833,235128,250726
43448833,203932,250726
43898833,230874,250726
44585833,250726,250726
45308833,216694,250726
45886833,250726,250726
46484833,225202,250726
46971833,250726,250726
47433833,225202,250726
47814833,247890,250726
48285833,230874,250726
48685833,250726,250726
49061833,242218,250726
49386833,236546,250726
49655833,220948,250726
49918833,236546,250726
50315833,226620,250726
50731833,250726,250726
51158833,237964,250726
51525833,240800,250726
51784833,225202,250726
52026833,239382,250726
52392833,212440,250726
52752833,233710,250726
53309833,209604,250726
53817833,239382,250726
54514833,201096,250726
55077833,235128,250726
55919833,215276,250726
56521833,250726,250726
57139833,208186,250726
57644833,237964,250726
58402833,230874,250726
58777833,249308,250726
59136833,233710,250726
59451833,250726,250726
59781833,223784,250726
