timestamp,rWnd0,rWnd1
611833,1073725440,1073725440
611833,1073725440,1073725440
829833,1073725440,1073725440
1052833,1073725440,1073725440
1357833,1073725440,1073725440
1662833,1073725440,1073725440
2107833,1073725440,1073725440
2475833,1073725440,1073725440
2854833,1073725440,1073725440
3186833,1073725440,1073725440
3482833,1073725440,1073725440
3759833,1073725440,1073725440
4170833,1073725440,1073725440
4522833,1073725440,1073725440
4904833,1073725440,1073725440
5241833,1073725440,1073725440
5633833,1073725440,1073725440
5976833,1073725440,1073725440
6324833,1073725440,1073725440
6633833,1073725440,1073725440
6903833,1073725440,1073725440
7229833,1073725440,1073725440
7535833,1073725440,1073725440
7942833,1073725440,1073725440
8294833,1073725440,1073725440
8705833,1073725440,1073725440
9062833,1073725440,1073725440
9386833,1073725440,1073725440
9680833,1073725440,1073725440
9961833,1073725440,1073725440
10217833,1073725440,1073725440
10553833,1073725440,1073725440
10859833,1073725440,1073725440
11170833,1073725440,1073725440
11458833,1073725440,1073725440
11735833,1073725440,1073725440
11986833,1073725440,1073725440
12224833,1073725440,1073725440
12465833,1073725440,1073725440
12721833,1073725440,1073725440
12960833,1073725440,1073725440
13233833,1073725440,1073725440
13479833,1073725440,1073725440
13714833,1073725440,1073725440
14028833,1073725440,1073725440
14346833,1073725440,1073725440
14656833,1073725440,1073725440
14930833,1073725440,1073725440
15231833,1073725440,1073725440
15556833,1073725440,1073725440
15829833,1073725440,1073725440
16168833,1073725440,1073725440
16483833,1073725440,1073725440
16979833,1073725440,1073725440
17829833,1073725440,1073725440
18524833,1073725440,1073725440
19890833,1073725440,1073725440
20590833,1073725440,1073725440
21137833,1073725440,1073725440
22199833,1073725440,1073725440
23091833,1073725440,1073725440
23817833,1073725440,1073725440
24676833,1073725440,1073725440
25345833,1073725440,1073725440
25988833,1073725440,1073725440
26275833,1073725440,1073725440
26518833,1073725440,1073725440
26752833,1073725440,1073725440
27079833,1073725440,1073725440
27403833,1073725440,1073725440
27786833,1073725440,1073725440
28125833,1073725440,1073725440
28570833,1073725440,1073725440
28942833,1073725440,1073725440
29395833,1073725440,1073725440
29780833,1073725440,1073725440
30337833,1073725440,1073725440
30787833,1073725440,1073725440
31363833,1073725440,1073725440
31826833,1073725440,1073725440
32262833,1073725440,1073725440
32628833,1073725440,1073725440
32920833,1073725440,1073725440
33195833,1073725440,1073725440
33465833,1073725440,1073725440
33712833,1073725440,1073725440
33947833,1073725440,1073725440
34263833,1073725440,1073725440
34611833,1073725440,1073725440
34929833,1073725440,1073725440
35446833,1073725440,1073725440
35953833,1073725440,1073725440
36431833,1073725440,1073725440
36827833,1073725440,1073725440
37247833,1073725440,1073725440
37607833,1073725440,1073725440
38234833,1073725440,1073725440
38754833,1073725440,1073725440
39601833,1073725440,1073725440
39931833,1073725440,1073725440
40208833,1073725440,1073725440
40548833,1073725440,1073725440
40864833,1073725440,1073725440
41350833,1073725440,1073725440
41751833,1073725440,1073725440
42143833,1073725440,1073725440
42480833,1073725440,1073725440
42778833,1073725440,1073725440
43040833,1073725440,1073725440
43448833,1073725440,1073725440
43898833,1073725440,1073725440
44585833,1073725440,1073725440
45308833,1073725440,1073725440
45886833,1073725440,1073725440
46484833,1073725440,1073725440
46971833,1073725440,1073725440
47433833,1073725440,1073725440
47814833,1073725440,1073725440
48285833,1073725440,1073725440
48685833,1073725440,1073725440
49061833,1073725440,1073725440
49386833,1073725440,1073725440
49655833,1073725440,1073725440
49918833,1073725440,1073725440
50315833,1073725440,1073725440
50731833,1073725440,1073725440
51158833,1073725440,1073725440
51525833,1073725440,1073725440
51784833,1073725440,1073725440
52026833,1073725440,1073725440
52392833,1073725440,1073725440
52752833,1073725440,1073725440
53309833,1073725440,1073725440
53817833,1073725440,1073725440
54514833,1073725440,1073725440
55077833,1073725440,1073725440
55919833,1073725440,1073725440
56521833,1073725440,1073725440
57139833,1073725440,1073725440
57644833,1073725440,1073725440
58402833,1073725440,1073725440
58777833,1073725440,1073725440
59136833,1073725440,1073725440
59451833,1073725440,1073725440
59781833,1073725440,1073725440
