timestamp,rtt0,rtt1
611833,218,184
611833,218,184
829833,223,184
1052833,305,219
1357833,305,221
1662833,445,223
2107833,368,225
2475833,379,225
2854833,332,226
3186833,296,227
3482833,277,227
3759833,411,228
4170833,352,228
4522833,382,229
4904833,337,229
5241833,392,229
5633833,343,229
5976833,348,229
6324833,309,229
6633833,270,229
6903833,326,230
7229833,306,230
7535833,407,230
7942833,352,230
8294833,411,230
8705833,357,230
9062833,324,230
9386833,294,230
9680833,281,230
9961833,256,230
10217833,336,230
10553833,306,230
10859833,311,230
11170833,288,230
11458833,277,230
11735833,251,230
11986833,238,230
12224833,241,230
12465833,256,230
12721833,239,230
12960833,273,230
13233833,246,230
13479833,235,230
13714833,314,230
14028833,318,230
14346833,310,230
14656833,274,230
14930833,301,230
15231833,325,230
15556833,273,230
15829833,339,230
16168833,315,230
16483833,496,230
16979833,850,230
17829833,695,230
18524833,1366,230
19890833,700,230
20590833,547,230
21137833,1062,230
22199833,892,230
23091833,726,230
23817833,859,230
24676833,669,230
25345833,643,230
25988833,287,230
26275833,243,230
26518833,234,230
26752833,327,230
27079833,324,230
27403833,383,230
27786833,339,230
28125833,445,230
28570833,372,230
28942833,453,230
29395833,385,230
29780833,557,230
30337833,450,230
30787833,576,230
31363833,463,230
31826833,436,230
32262833,366,230
32628833,292,230
32920833,275,230
33195833,270,230
33465833,247,230
33712833,235,230
33947833,316,230
34263833,348,230
34611833,318,230
34929833,517,230
35446833,507,230
35953833,478,230
36431833,396,230
36827833,420,230
37247833,360,230
37607833,627,230
38234833,520,230
38754833,847,230
39601833,330,230
39931833,277,230
40208833,340,230
40548833,316,230
40864833,486,230
41350833,401,230
41751833,392,230
42143833,337,230
42480833,298,230
42778833,262,230
43040833,408,230
43448833,450,230
43898833,687,230
44585833,723,230
45308833,578,230
45886833,598,230
46484833,487,230
46971833,462,230
47433833,381,230
47814833,471,230
48285833,400,230
48685833,376,230
49061833,325,230
49386833,269,230
49655833,263,230
49918833,397,230
50315833,416,230
50731833,427,230
51158833,367,230
51525833,259,230
51784833,242,230
52026833,366,230
52392833,360,230
52752833,557,230
53309833,508,230
53817833,697,230
54514833,563,230
55077833,842,230
55919833,602,230
56521833,618,230
57139833,505,230
57644833,758,230
58402833,375,230
58777833,359,230
59136833,315,230
59451833,330,230
59781833,304,230
