timestamp,rWnd0,rWnd1
611833,1073725440,1073725440
611833,1073725440,1073725440
829833,1073725440,1073725440
1052833,1073725440,1073725440
1361833,1073725440,1073725440
1725833,1073725440,1073725440
2076833,1073725440,1073725440
2372833,1073725440,1073725440
2769833,1073725440,1073725440
3117833,1073725440,1073725440
3593833,1073725440,1073725440
3945833,1073725440,1073725440
4218833,1073725440,1073725440
4500833,1073725440,1073725440
4820833,1073725440,1073725440
5078833,1073725440,1073725440
5318833,1073725440,1073725440
5580833,1073725440,1073725440
5919833,1073725440,1073725440
6241833,1073725440,1073725440
6721833,1073725440,1073725440
7121833,1073725440,1073725440
7632833,1073725440,1073725440
8052833,1073725440,1073725440
8816833,1073725440,1073725440
9184833,1073725440,1073725440
9508833,1073725440,1073725440
9999833,1073725440,1073725440
10400833,1073725440,1073725440
10804833,1073725440,1073725440
11150833,1073725440,1073725440
11450833,1073725440,1073725440
11710833,1073725440,1073725440
11980833,1073725440,1073725440
12312833,1073725440,1073725440
12616833,1073725440,1073725440
12879833,1073725440,1073725440
13122833,1073725440,1073725440
13357833,1073725440,1073725440
13666833,1073725440,1073725440
13938833,1073725440,1073725440
14274833,1073725440,1073725440
14579833,1073725440,1073725440
14963833,1073725440,1073725440
15308833,1073725440,1073725440
15585833,1073725440,1073725440
15826833,1073725440,1073725440
16060833,1073725440,1073725440
16291833,1073725440,1073725440
16521833,1073725440,1073725440
16762833,1073725440,1073725440
16997833,1073725440,1073725440
17231833,1073725440,1073725440
17463833,1073725440,1073725440
17707833,1073725440,1073725440
17946833,1073725440,1073725440
18218833,1073725440,1073725440
18531833,1073725440,1073725440
18806833,1073725440,1073725440
19132833,1073725440,1073725440
19399833,1073725440,1073725440
19661833,1073725440,1073725440
19989833,1073725440,1073725440
20341833,1073725440,1073725440
20638833,1073725440,1073725440
21106833,1073725440,1073725440
21438833,1073725440,1073725440
21709833,1073725440,1073725440
21976833,1073725440,1073725440
22221833,1073725440,1073725440
22456833,1073725440,1073725440
22688833,1073725440,1073725440
22919833,1073725440,1073725440
23156833,1073725440,1073725440
23390833,1073725440,1073725440
23627833,1073725440,1073725440
23953833,1073725440,1073725440
24240833,1073725440,1073725440
24574833,1073725440,1073725440
24862833,1073725440,1073725440
25198833,1073725440,1073725440
25508833,1073725440,1073725440
25841833,1073725440,1073725440
26113833,1073725440,1073725440
26489833,1073725440,1073725440
26834833,1073725440,1073725440
27235833,1073725440,1073725440
27588833,1073725440,1073725440
28171833,1073725440,1073725440
28661833,1073725440,1073725440
29314833,1073725440,1073725440
29839833,1073725440,1073725440
30550833,1073725440,1073725440
31111833,1073725440,1073725440
31706833,1073725440,1073725440
32193833,1073725440,1073725440
32702833,1073725440,1073725440
33064833,1073725440,1073725440
33315833,1073725440,1073725440
33551833,1073725440,1073725440
33783833,1073725440,1073725440
34014833,1073725440,1073725440
34244833,1073725440,1073725440
34474833,1073725440,1073725440
34713833,1073725440,1073725440
35011833,1073725440,1073725440
35406833,1073725440,1073725440
35764833,1073725440,1073725440
36349833,1073725440,1073725440
36900833,1073725440,1073725440
37863833,1073725440,1073725440
38770833,1073725440,1073725440
39516833,1073725440,1073725440
40666833,1073725440,1073725440
40979833,1073725440,1073725440
41247833,1073725440,1073725440
41675833,1073725440,1073725440
42206833,1073725440,1073725440
42516833,1073725440,1073725440
42776833,1073725440,1073725440
43164833,1073725440,1073725440
43524833,1073725440,1073725440
43934833,1073725440,1073725440
44291833,1073725440,1073725440
44655833,1073725440,1073725440
44969833,1073725440,1073725440
45227833,1073725440,1073725440
45466833,1073725440,1073725440
45700833,1073725440,1073725440
45940833,1073725440,1073725440
46197833,1073725440,1073725440
46438833,1073725440,1073725440
46672833,1073725440,1073725440
46904833,1073725440,1073725440
47135833,1073725440,1073725440
47366833,1073725440,1073725440
47596833,1073725440,1073725440
47826833,1073725440,1073725440
48058833,1073725440,1073725440
48295833,1073725440,1073725440
48601833,1073725440,1073725440
48971833,1073725440,1073725440
49308833,1073725440,1073725440
49848833,1073725440,1073725440
50368833,1073725440,1073725440
50936833,1073725440,1073725440
51398833,1073725440,1073725440
51769833,1073725440,1073725440
52092833,1073725440,1073725440
52364833,1073725440,1073725440
52607833,1073725440,1073725440
52842833,1073725440,1073725440
53091833,1073725440,1073725440
53326833,1073725440,1073725440
53589833,1073725440,1073725440
53833833,1073725440,1073725440
54068833,1073725440,1073725440
54330833,1073725440,1073725440
54573833,1073725440,1073725440
54897833,1073725440,1073725440
55279833,1073725440,1073725440
55623833,1073725440,1073725440
56185833,1073725440,1073725440
56739833,1073725440,1073725440
57179833,1073725440,1073725440
57546833,1073725440,1073725440
57826833,1073725440,1073725440
58077833,1073725440,1073725440
58338833,1073725440,1073725440
58599833,1073725440,1073725440
58841833,1073725440,1073725440
59075833,1073725440,1073725440
59382833,1073725440,1073725440
59727833,1073725440,1073725440
