timestamp,rtt0,rtt1
611833,218,184
611833,218,184
829833,223,184
1052833,309,219
1361833,364,221
1725833,351,223
2076833,296,224
2372833,397,225
2769833,348,226
3117833,476,227
3593833,352,228
3945833,273,228
4218833,282,228
4500833,320,228
4820833,258,229
5078833,240,229
5318833,262,229
5580833,339,229
5919833,322,229
6241833,480,229
6721833,400,229
7121833,511,230
7632833,420,230
8052833,764,230
8816833,368,230
9184833,324,230
9508833,491,230
9999833,401,230
10400833,404,230
10804833,346,230
11150833,300,230
11450833,260,230
11710833,270,230
11980833,332,230
12312833,304,230
12616833,263,230
12879833,243,230
13122833,235,230
13357833,309,230
13666833,272,230
13938833,336,230
14274833,305,230
14579833,384,230
14963833,345,230
15308833,277,230
15585833,241,230
15826833,234,230
16060833,231,230
16291833,230,230
16521833,241,230
16762833,235,230
16997833,234,230
17231833,232,230
17463833,244,230
17707833,239,230
17946833,272,230
18218833,313,230
18531833,275,230
18806833,326,230
19132833,267,230
19399833,262,230
19661833,328,230
19989833,352,230
20341833,297,230
20638833,468,230
21106833,332,230
21438833,271,230
21709833,267,230
21976833,245,230
22221833,235,230
22456833,232,230
22688833,231,230
22919833,237,230
23156833,234,230
23390833,237,230
23627833,326,230
23953833,287,230
24240833,334,230
24574833,288,230
24862833,336,230
25198833,310,230
25508833,333,230
25841833,272,230
26113833,376,230
26489833,345,230
26834833,401,230
27235833,353,230
27588833,583,230
28171833,490,230
28661833,653,230
29314833,525,230
29839833,711,230
30550833,561,230
31111833,595,230
31706833,487,230
32193833,509,230
32702833,362,230
33064833,251,230
33315833,236,230
33551833,232,230
33783833,231,230
34014833,230,230
34244833,230,230
34474833,239,230
34713833,298,230
35011833,395,230
35406833,358,230
35764833,585,230
36349833,551,230
36900833,963,230
37863833,907,230
38770833,746,230
39516833,1150,230
40666833,313,230
40979833,268,230
41247833,428,230
41675833,531,230
42206833,310,230
42516833,260,230
42776833,388,230
43164833,360,230
43524833,410,230
43934833,357,230
44291833,364,230
44655833,314,230
44969833,258,230
45227833,239,230
45466833,234,230
45700833,240,230
45940833,257,230
46197833,241,230
46438833,234,230
46672833,232,230
46904833,231,230
47135833,231,230
47366833,230,230
47596833,230,230
47826833,232,230
48058833,237,230
48295833,306,230
48601833,370,230
48971833,337,230
49308833,540,230
49848833,520,230
50368833,568,230
50936833,462,230
51398833,371,230
51769833,323,230
52092833,272,230
52364833,243,230
52607833,235,230
52842833,249,230
53091833,235,230
53326833,263,230
53589833,244,230
53833833,235,230
54068833,262,230
54330833,243,230
54573833,324,230
54897833,382,230
55279833,344,230
55623833,562,230
56185833,554,230
56739833,440,230
57179833,367,230
57546833,280,230
57826833,251,230
58077833,261,230
58338833,261,230
58599833,242,230
58841833,234,230
59075833,307,230
59382833,345,230
59727833,291,230
