timestamp,cWnd0,cWnd1
611833,5672,5672
611833,25431,1500
829833,25431,1500
1052833,1500,1500
1361833,21071,1500
1725833,8477,1500
2076833,24313,1500
2372833,1874,1500
2769833,27594,1500
3117833,1500,1500
3593833,14856,1500
3945833,17223,1500
4218833,21267,1500
4500833,14220,1500
4820833,13201,1500
5078833,16578,1500
5318833,23444,1500
5580833,6586,1500
5919833,27924,1500
6241833,2571,1500
6721833,30755,1500
7121833,1571,1500
7632833,48772,1500
8052833,2979,1500
8816833,19505,1500
9184833,33178,1500
9508833,2217,1500
9999833,25195,1500
10400833,1500,1500
10804833,16903,1500
11150833,9078,1500
11450833,15357,1500
11710833,21355,1500
11980833,2491,1500
12312833,8880,1500
12616833,10303,1500
12879833,9611,1500
13122833,19052,1500
13357833,15413,1500
13666833,21380,1500
13938833,18147,1500
14274833,24836,1500
14579833,1500,1500
14963833,16646,1500
15308833,13722,1500
15585833,13556,1500
15826833,14146,1500
16060833,12369,1500
16291833,14629,1500
16521833,8869,1500
16762833,10985,1500
16997833,9980,1500
17231833,15173,1500
17463833,15094,1500
17707833,18211,1500
17946833,19977,1500
18218833,12499,1500
18531833,20705,1500
18806833,14374,1500
19132833,16358,1500
19399833,21933,1500
19661833,21684,1500
19989833,9486,1500
20341833,31096,1500
20638833,1500,1500
21106833,10826,1500
21438833,16081,1500
21709833,10180,1500
21976833,11273,1500
22221833,11845,1500
22456833,6632,1500
22688833,9945,1500
22919833,7033,1500
23156833,10504,1500
23390833,20777,1500
23627833,12028,1500
23953833,20012,1500
24240833,8570,1500
24574833,20439,1500
24862833,3557,1500
25198833,17737,1500
25508833,12858,1500
25841833,24287,1500
26113833,2381,1500
26489833,23213,1500
26834833,2350,1500
27235833,35971,1500
27588833,2192,1500
28171833,40108,1500
28661833,2942,1500
29314833,43651,1500
29839833,2092,1500
30550833,35946,1500
31111833,2757,1500
31706833,30684,1500
32193833,1500,1500
32702833,15080,1500
33064833,13328,1500
33315833,12728,1500
33551833,12730,1500
33783833,13344,1500
34014833,11768,1500
34244833,14398,1500
34474833,20496,1500
34713833,27208,1500
35011833,2100,1500
35406833,42698,1500
35764833,3165,1500
36349833,67071,1500
36900833,4202,1500
37863833,3953,1500
38770833,68530,1500
39516833,2695,1500
40666833,9607,1500
40979833,36925,1500
41247833,2049,1500
41675833,23855,1500
42206833,15404,1500
42516833,27910,1500
42776833,2720,1500
43164833,25150,1500
43524833,1606,1500
43934833,20441,1500
44291833,3051,1500
44655833,13775,1500
44969833,11095,1500
45227833,10409,1500
45466833,12090,1500
45700833,14249,1500
45940833,9996,1500
46197833,10215,1500
46438833,8620,1500
46672833,7761,1500
46904833,6847,1500
47135833,6666,1500
47366833,6233,1500
47596833,9906,1500
47826833,12308,1500
48058833,19804,1500
48295833,24266,1500
48601833,4587,1500
48971833,40434,1500
49308833,2594,1500
49848833,34169,1500
50368833,1500,1500
50936833,22686,1500
51398833,1500,1500
51769833,14261,1500
52092833,12265,1500
52364833,11059,1500
52607833,13609,1500
52842833,13157,1500
53091833,16004,1500
53326833,15263,1500
53589833,11603,1500
53833833,15893,1500
54068833,12139,1500
54330833,22354,1500
54573833,24861,1500
54897833,3456,1500
55279833,45114,1500
55623833,2179,1500
56185833,25859,1500
56739833,1500,1500
57179833,16647,1500
57546833,10236,1500
57826833,15006,1500
58077833,16921,1500
58338833,15548,1500
58599833,12777,1500
58841833,20661,1500
59075833,21832,1500
59382833,16962,1500
59727833,18566,1500
