timestamp,availableTxBuffer0,availableTxBuffer1
611833,246472,246472
611833,246472,246472
829833,228038,246472
1052833,240800,250726
1361833,232292,250726
1725833,245054,250726
2076833,228038,250726
2372833,245054,250726
2769833,225202,250726
3117833,246472,250726
3593833,237964,250726
3945833,236546,250726
4218833,232292,250726
4500833,237964,250726
4820833,239382,250726
5078833,236546,250726
5318833,229456,250726
5580833,245054,250726
5919833,225202,250726
6241833,245054,250726
6721833,222366,250726
7121833,246472,250726
7632833,203932,250726
8052833,229456,250726
8816833,233710,250726
9184833,219530,250726
9508833,239382,250726
9999833,228038,250726
10400833,250726,250726
10804833,236546,250726
11150833,243636,250726
11450833,237964,250726
11710833,230874,250726
11980833,247890,250726
12312833,243636,250726
12616833,242218,250726
12879833,243636,250726
13122833,233710,250726
13357833,237964,250726
13666833,230874,250726
13938833,235128,250726
14274833,228038,250726
14579833,246472,250726
14963833,236546,252144
15308833,239382,250726
15585833,240800,250726
15826833,239382,250726
16060833,240800,250726
16291833,237964,250726
16521833,245054,250726
16762833,242218,250726
16997833,242218,250726
17231833,237964,250726
17463833,237964,250726
17707833,235128,250726
17946833,232292,250726
18218833,240800,250726
18531833,232292,250726
18806833,237964,250726
19132833,236546,250726
19399833,230874,250726
19661833,230874,250726
19989833,243636,250726
20341833,222366,250726
20638833,239382,252144
21106833,242218,250726
21438833,236546,250726
21709833,242218,250726
21976833,242218,250726
22221833,240800,250726
22456833,246472,250726
22688833,242218,250726
22919833,246472,250726
23156833,243636,250726
23390833,232292,250726
23627833,242218,250726
23953833,232292,250726
24240833,243636,250726
24574833,232292,250726
24862833,249308,250726
25198833,235128,250726
25508833,239382,250726
25841833,228038,250726
26113833,243636,250726
26489833,229456,250726
26834833,249308,250726
27235833,216694,250726
27588833,236546,250726
28171833,212440,250726
28661833,240800,250726
29314833,209604,250726
29839833,240800,250726
30550833,216694,250726
31111833,249308,250726
31706833,222366,250726
32193833,250726,250726
32702833,237964,250726
33064833,239382,250726
33315833,240800,250726
33551833,240800,250726
33783833,240800,250726
34014833,240800,250726
34244833,237964,250726
34474833,232292,250726
34713833,225202,250726
35011833,243636,250726
35406833,209604,250726
35764833,230874,250726
36349833,185498,250726
36900833,218112,250726
37863833,249308,250726
38770833,184080,250726
39516833,228038,250726
40666833,243636,250726
40979833,215276,250726
41247833,230874,250726
41675833,229456,250726
42206833,237964,250726
42516833,225202,250726
42776833,240800,250726
43164833,228038,250726
43524833,249308,250726
43934833,232292,250726
44291833,249308,250726
44655833,239382,250726
44969833,242218,250726
45227833,242218,250726
45466833,240800,250726
45700833,237964,250726
45940833,242218,250726
46197833,242218,250726
46438833,243636,250726
46672833,245054,250726
46904833,246472,250726
47135833,246472,250726
47366833,246472,250726
47596833,243636,250726
47826833,240800,250726
48058833,233710,250726
48295833,229456,250726
48601833,246472,250726
48971833,212440,250726
49308833,232292,250726
49848833,218112,250726
50368833,249308,250726
50936833,230874,250726
51398833,250726,250726
51769833,237964,250726
52092833,240800,250726
52364833,242218,250726
52607833,239382,250726
52842833,239382,250726
53091833,236546,250726
53326833,237964,250726
53589833,240800,250726
53833833,236546,250726
54068833,240800,250726
54330833,230874,250726
54573833,228038,250726
54897833,247890,250726
55279833,208186,250726
55623833,228038,250726
56185833,226620,250726
56739833,250726,250726
57179833,236546,250726
57546833,242218,250726
57826833,237964,250726
58077833,236546,250726
58338833,237964,250726
58599833,239382,250726
58841833,232292,250726
59075833,230874,250726
59382833,236546,250726
59727833,233710,250726
