timestamp,unAck0,unAck1
611833,5672,5672
611833,5672,5672
829833,24106,5672
1052833,11344,1418
1361833,19852,1418
1725833,7090,1418
2076833,24106,1418
2372833,7090,1418
2769833,26942,1418
3117833,5672,1418
3593833,14180,1418
3945833,15598,1418
4218833,19852,1418
4500833,14180,1418
4820833,12762,1418
5078833,15598,1418
5318833,22688,1418
5580833,7090,1418
5919833,26942,1418
6241833,7090,1418
6721833,29778,1418
7121833,5672,1418
7632833,48212,1418
8052833,22688,1418
8816833,18434,1418
9184833,32614,1418
9508833,12762,1418
9999833,24106,1418
10400833,1418,1418
10804833,15598,1418
11150833,8508,1418
11450833,14180,1418
11710833,21270,1418
11980833,4254,1418
12312833,8508,1418
12616833,9926,1418
12879833,8508,1418
13122833,18434,1418
13357833,14180,1418
13666833,21270,1418
13938833,17016,1418
14274833,24106,1418
14579833,5672,1418
14963833,15598,0
15308833,12762,1418
15585833,11344,1418
15826833,12762,1418
16060833,11344,1418
16291833,14180,1418
16521833,7090,1418
16762833,9926,1418
16997833,9926,1418
17231833,14180,1418
17463833,14180,1418
17707833,17016,1418
17946833,19852,1418
18218833,11344,1418
18531833,19852,1418
18806833,14180,1418
19132833,15598,1418
19399833,21270,1418
19661833,21270,1418
19989833,8508,1418
20341833,29778,1418
20638833,12762,0
21106833,9926,1418
21438833,15598,1418
21709833,9926,1418
21976833,9926,1418
22221833,11344,1418
22456833,5672,1418
22688833,9926,1418
22919833,5672,1418
23156833,8508,1418
23390833,19852,1418
23627833,9926,1418
23953833,19852,1418
24240833,8508,1418
24574833,19852,1418
24862833,2836,1418
25198833,17016,1418
25508833,12762,1418
25841833,24106,1418
26113833,8508,1418
26489833,22688,1418
26834833,2836,1418
27235833,35450,1418
27588833,15598,1418
28171833,39704,1418
28661833,11344,1418
29314833,42540,1418
29839833,11344,1418
30550833,35450,1418
31111833,2836,1418
31706833,29778,1418
32193833,1418,1418
32702833,14180,1418
33064833,12762,1418
33315833,11344,1418
33551833,11344,1418
33783833,11344,1418
34014833,11344,1418
34244833,14180,1418
34474833,19852,1418
34713833,26942,1418
35011833,8508,1418
35406833,42540,1418
35764833,21270,1418
36349833,66646,1418
36900833,34032,1418
37863833,2836,1418
38770833,68064,1418
39516833,24106,1418
40666833,8508,1418
40979833,36868,1418
41247833,21270,1418
41675833,22688,1418
42206833,14180,1418
42516833,26942,1418
42776833,11344,1418
43164833,24106,1418
43524833,2836,1418
43934833,19852,1418
44291833,2836,1418
44655833,12762,1418
44969833,9926,1418
45227833,9926,1418
45466833,11344,1418
45700833,14180,1418
45940833,9926,1418
46197833,9926,1418
46438833,8508,1418
46672833,7090,1418
46904833,5672,1418
47135833,5672,1418
47366833,5672,1418
47596833,8508,1418
47826833,11344,1418
48058833,18434,1418
48295833,22688,1418
48601833,5672,1418
48971833,39704,1418
49308833,19852,1418
49848833,34032,1418
50368833,2836,1418
50936833,21270,1418
51398833,1418,1418
51769833,14180,1418
52092833,11344,1418
52364833,9926,1418
52607833,12762,1418
52842833,12762,1418
53091833,15598,1418
53326833,14180,1418
53589833,11344,1418
53833833,15598,1418
54068833,11344,1418
54330833,21270,1418
54573833,24106,1418
54897833,4254,1418
55279833,43958,1418
55623833,24106,1418
56185833,25524,1418
56739833,1418,1418
57179833,15598,1418
57546833,9926,1418
57826833,14180,1418
58077833,15598,1418
58338833,14180,1418
58599833,12762,1418
58841833,19852,1418
59075833,21270,1418
59382833,15598,1418
59727833,18434,1418
