timestamp,availableTxBuffer0,availableTxBuffer1
611833,246472,246472
611833,246472,246472
829833,230874,246472
1052833,237964,250726
1361833,205350,250726
1668833,223784,250726
2134833,249308,250726
2890833,205350,250726
3507833,240800,250726
4296833,195424,250726
4938833,233710,250726
5886833,191170,250726
6689833,237964,250726
7735833,202514,250726
8525833,249308,250726
9358833,222366,250726
9900833,250726,250726
10402833,226620,250726
10814833,250726,250726
11255833,226620,250726
11629833,249308,250726
12087833,233710,250726
12473833,245054,250726
12810833,218112,250726
13095833,235128,250726
13565833,226620,250726
14017833,250726,250726
14448833,230874,250726
14813833,247890,250726
15189833,212440,250726
15506833,230874,250726
16031833,219530,250726
16561833,249308,250726
17108833,211022,250726
17552833,236546,250726
18258833,203932,250726
18833833,237964,250726
19632833,233710,250726
19960833,230874,250726
20272833,245054,250726
20620833,236546,250726
20920833,237964,250726
21191833,228038,250726
21438833,243636,250726
21790833,242218,250726
22088833,236546,250726
22347833,235128,250726
22614833,235128,252144
22894833,240800,250726
23178833,240800,250726
23425833,242218,250726
23661833,240800,250726
23893833,239382,250726
24124833,236546,250726
24365833,239382,250726
24630833,242218,250726
24872833,245054,250726
25107833,240800,250726
25339833,242218,250726
25574833,240800,250726
25806833,230874,250726
26038833,226620,250726
26364833,243636,250726
26762833,213858,250726
27110833,235128,250726
27699833,216694,250726
28205833,247890,250726
28796833,223784,250726
29282833,250726,250726
29765833,229456,250726
30172833,250726,250726
30594833,222366,250726
30956833,243636,250726
31506833,233710,250726
31884833,235128,250726
32193833,230874,250726
32485833,230874,250726
32827833,229456,250726
33181833,235128,250726
33557833,216694,250726
33876833,235128,250726
34387833,230874,250726
34797833,236546,250726
35137833,222366,250726
35425833,239382,250726
35862833,236546,250726
36190833,233710,250726
36472833,239382,250726
36776833,236546,250726
37036833,232292,250726
37297833,230874,250726
37610833,236546,250726
37957833,232292,250726
38251833,230874,250726
38577833,232292,250726
38945833,237964,250726
39261833,233710,250726
39528833,240800,250726
39827833,243636,250726
40089833,242218,250726
40332833,245054,250726
40567833,245054,250726
40799833,242218,250726
41030833,245054,250726
41264833,246472,250726
41496833,247890,250726
41727833,245054,250726
41958833,243636,250726
42193833,240800,250726
42430833,237964,250726
42678833,237964,250726
42939833,235128,250726
43182833,236546,250726
43457833,237964,250726
43722833,237964,252144
43966833,239382,250726
44205833,236546,250726
44438833,239382,252144
44690833,237964,250726
44929833,235128,250726
45168833,239382,250726
45438833,242218,250726
45685833,237964,250726
45921833,229456,250726
46177833,237964,250726
46510833,237964,250726
46783833,243636,250726
47029833,243636,250726
47267833,243636,250726
47501833,240800,252144
47733833,239382,252144
47965833,233710,252144
48206833,239382,250726
48503833,229456,250726
48766833,233710,250726
49117833,226620,250726
49444833,232292,250726
49853833,212440,250726
50214833,233710,250726
50796833,211022,250726
51316833,240800,252144
52015833,184080,250726
52578833,218112,250726
53650833,245054,250726
54120833,198260,250726
54494833,219530,250726
55164833,245054,250726
55979833,181244,250726
56633833,219530,250726
57836833,249308,250726
58560833,209604,250726
59134833,243636,250726
59855833,225202,250726
