timestamp,rtt0,rtt1
611833,218,184
611833,218,184
829833,223,184
1052833,309,219
1361833,307,221
1668833,466,223
2134833,756,224
2890833,617,226
3507833,789,227
4296833,642,228
4938833,948,229
5886833,803,229
6689833,1046,229
7735833,790,229
8525833,833,230
9358833,542,230
9900833,502,230
10402833,412,230
10814833,441,230
11255833,374,230
11629833,458,230
12087833,386,230
12473833,337,230
12810833,285,230
13095833,470,230
13565833,452,230
14017833,431,230
14448833,365,230
14813833,376,230
15189833,317,230
15506833,525,230
16031833,530,230
16561833,547,230
17108833,444,230
17552833,706,230
18258833,575,230
18833833,799,230
19632833,328,230
19960833,312,230
20272833,348,230
20620833,300,230
20920833,271,230
21191833,247,230
21438833,352,230
21790833,298,230
22088833,259,230
22347833,267,230
22614833,280,230
22894833,284,230
23178833,247,230
23425833,236,230
23661833,232,230
23893833,231,230
24124833,241,230
24365833,265,230
24630833,242,230
24872833,235,230
25107833,232,230
25339833,235,230
25574833,232,230
25806833,232,230
26038833,326,230
26364833,398,230
26762833,348,230
27110833,589,230
27699833,506,230
28205833,591,230
28796833,486,230
29282833,483,230
29765833,407,230
30172833,422,230
30594833,362,230
30956833,550,230
31506833,378,230
31884833,309,230
32193833,292,230
32485833,342,230
32827833,354,230
33181833,376,230
33557833,319,230
33876833,511,230
34387833,410,230
34797833,340,230
35137833,288,230
35425833,437,230
35862833,328,230
36190833,282,230
36472833,304,230
36776833,260,230
37036833,261,230
37297833,313,230
37610833,347,230
37957833,294,230
38251833,326,230
38577833,368,230
38945833,316,230
39261833,267,230
39528833,299,230
39827833,262,230
40089833,243,230
40332833,235,230
40567833,232,230
40799833,231,230
41030833,234,230
41264833,232,230
41496833,231,230
41727833,231,230
41958833,235,230
42193833,237,230
42430833,248,230
42678833,261,230
42939833,243,230
43182833,275,230
43457833,265,230
43722833,244,230
43966833,239,230
44205833,233,230
44438833,252,230
44690833,239,230
44929833,239,230
45168833,270,230
45438833,247,230
45685833,236,230
45921833,256,230
46177833,333,230
46510833,273,230
46783833,246,230
47029833,238,230
47267833,234,230
47501833,232,230
47733833,232,230
47965833,241,230
48206833,297,230
48503833,263,230
48766833,351,230
49117833,327,230
49444833,409,230
49853833,361,230
50214833,582,230
50796833,520,230
51316833,699,230
52015833,563,230
52578833,1072,230
53650833,470,230
54120833,374,230
54494833,670,230
55164833,815,230
55979833,654,230
56633833,1203,230
57836833,724,230
58560833,574,230
59134833,721,230
59855833,493,230
