timestamp,unAck0,unAck1
611833,5672,5672
611833,5672,5672
829833,21270,5672
1052833,14180,1418
1361833,46794,1418
1668833,28360,1418
2134833,2836,1418
2890833,46794,1418
3507833,11344,1418
4296833,56720,1418
4938833,18434,1418
5886833,60974,1418
6689833,14180,1418
7735833,49630,1418
8525833,2836,1418
9358833,29778,1418
9900833,1418,1418
10402833,25524,1418
10814833,1418,1418
11255833,25524,1418
11629833,2836,1418
12087833,18434,1418
12473833,7090,1418
12810833,34032,1418
13095833,17016,1418
13565833,25524,1418
14017833,1418,1418
14448833,21270,1418
14813833,4254,1418
15189833,39704,1418
15506833,21270,1418
16031833,32614,1418
16561833,2836,1418
17108833,41122,1418
17552833,15598,1418
18258833,48212,1418
18833833,14180,1418
19632833,18434,1418
19960833,21270,1418
20272833,7090,1418
20620833,15598,1418
20920833,14180,1418
21191833,24106,1418
21438833,8508,1418
21790833,9926,1418
22088833,15598,1418
22347833,17016,1418
22614833,17016,0
22894833,11344,1418
23178833,11344,1418
23425833,9926,1418
23661833,11344,1418
23893833,12762,1418
24124833,15598,1418
24365833,12762,1418
24630833,9926,1418
24872833,7090,1418
25107833,11344,1418
25339833,9926,1418
25574833,11344,1418
25806833,21270,1418
26038833,25524,1418
26364833,8508,1418
26762833,38286,1418
27110833,17016,1418
27699833,35450,1418
28205833,4254,1418
28796833,28360,1418
29282833,1418,1418
29765833,22688,1418
30172833,1418,1418
30594833,29778,1418
30956833,8508,1418
31506833,18434,1418
31884833,17016,1418
32193833,21270,1418
32485833,21270,1418
32827833,22688,1418
33181833,17016,1418
33557833,35450,1418
33876833,17016,1418
34387833,21270,1418
34797833,15598,1418
35137833,29778,1418
35425833,12762,1418
35862833,15598,1418
36190833,18434,1418
36472833,12762,1418
36776833,15598,1418
37036833,19852,1418
37297833,21270,1418
37610833,15598,1418
37957833,19852,1418
38251833,21270,1418
38577833,19852,1418
38945833,14180,1418
39261833,18434,1418
39528833,11344,1418
39827833,8508,1418
40089833,9926,1418
40332833,7090,1418
40567833,7090,1418
40799833,9926,1418
41030833,7090,1418
41264833,5672,1418
41496833,4254,1418
41727833,7090,1418
41958833,8508,1418
42193833,11344,1418
42430833,14180,1418
42678833,14180,1418
42939833,17016,1418
43182833,15598,1418
43457833,14180,1418
43722833,14180,0
43966833,12762,1418
44205833,15598,1418
44438833,12762,0
44690833,14180,1418
44929833,17016,1418
45168833,12762,1418
45438833,9926,1418
45685833,14180,1418
45921833,22688,1418
46177833,14180,1418
46510833,14180,1418
46783833,8508,1418
47029833,8508,1418
47267833,8508,1418
47501833,11344,0
47733833,12762,0
47965833,18434,0
48206833,12762,1418
48503833,22688,1418
48766833,18434,1418
49117833,25524,1418
49444833,19852,1418
49853833,39704,1418
50214833,18434,1418
50796833,41122,1418
51316833,11344,0
52015833,68064,1418
52578833,34032,1418
53650833,7090,1418
54120833,53884,1418
54494833,32614,1418
55164833,7090,1418
55979833,70900,1418
56633833,32614,1418
57836833,2836,1418
58560833,42540,1418
59134833,8508,1418
59855833,26942,1418
