timestamp,cWnd0,cWnd1
611833,5672,5672
611833,21605,1500
829833,21605,1500
1052833,14225,1500
1361833,47311,1500
1668833,2650,1500
2134833,3321,1500
2890833,47665,1500
3507833,3623,1500
4296833,57092,1500
4938833,3737,1500
5886833,63112,1500
6689833,2543,1500
7735833,50814,1500
8525833,2176,1500
9358833,30618,1500
9900833,1608,1500
10402833,26139,1500
10814833,2270,1500
11255833,26134,1500
11629833,1500,1500
12087833,19184,1500
12473833,8117,1500
12810833,34083,1500
13095833,1851,1500
13565833,25527,1500
14017833,1680,1500
14448833,22471,1500
14813833,5090,1500
15189833,40454,1500
15506833,1983,1500
16031833,33993,1500
16561833,3051,1500
17108833,42448,1500
17552833,2013,1500
18258833,48646,1500
18833833,2005,1500
19632833,19339,1500
19960833,21633,1500
20272833,7397,1500
20620833,17005,1500
20920833,15214,1500
21191833,25297,1500
21438833,8608,1500
21790833,10394,1500
22088833,15903,1500
22347833,17664,1500
22614833,17983,1500
22894833,12714,1500
23178833,12392,1500
23425833,10238,1500
23661833,12110,1500
23893833,13979,1500
24124833,16000,1500
24365833,13692,1500
24630833,10679,1500
24872833,7924,1500
25107833,11591,1500
25339833,10608,1500
25574833,11525,1500
25806833,21892,1500
26038833,26498,1500
26364833,9103,1500
26762833,38579,1500
27110833,2329,1500
27699833,35455,1500
28205833,1500,1500
28796833,28661,1500
29282833,1644,1500
29765833,25063,1500
30172833,2549,1500
30594833,32181,1500
30956833,1541,1500
31506833,19274,1500
31884833,18300,1500
32193833,21602,1500
32485833,22037,1500
32827833,23506,1500
33181833,17684,1500
33557833,35868,1500
33876833,1728,1500
34387833,21891,1500
34797833,16402,1500
35137833,30493,1500
35425833,1604,1500
35862833,16048,1500
36190833,18463,1500
36472833,13783,1500
36776833,16580,1500
37036833,20547,1500
37297833,22238,1500
37610833,16508,1500
37957833,20905,1500
38251833,23315,1500
38577833,19998,1500
38945833,14362,1500
39261833,19139,1500
39528833,11839,1500
39827833,9597,1500
40089833,11189,1500
40332833,7179,1500
40567833,7311,1500
40799833,11241,1500
41030833,7570,1500
41264833,6249,1500
41496833,4296,1500
41727833,8397,1500
41958833,9265,1500
42193833,11742,1500
42430833,15334,1500
42678833,15366,1500
42939833,18349,1500
43182833,16464,1500
43457833,14744,1500
43722833,14252,1500
43966833,13621,1500
44205833,16797,1500
44438833,13897,1500
44690833,15398,1500
44929833,17542,1500
45168833,13892,1500
45438833,11026,1500
45685833,15150,1500
45921833,23444,1500
46177833,14212,1500
46510833,15107,1500
46783833,8657,1500
47029833,9048,1500
47267833,9409,1500
47501833,11538,1500
47733833,13375,1500
47965833,18868,1500
48206833,14064,1500
48503833,23856,1500
48766833,18853,1500
49117833,26914,1500
49444833,20085,1500
49853833,40012,1500
50214833,2148,1500
50796833,43271,1500
51316833,3564,1500
52015833,69292,1500
52578833,2439,1500
53650833,7180,1500
54120833,54756,1500
54494833,7337,1500
55164833,8200,1500
55979833,72089,1500
56633833,4757,1500
57836833,4012,1500
58560833,43635,1500
59134833,2184,1500
59855833,27801,1500
