timestamp,rWnd0,rWnd1
611833,1073725440,1073725440
611833,1073725440,1073725440
829833,1073725440,1073725440
1052833,1073725440,1073725440
1361833,1073725440,1073725440
1668833,1073725440,1073725440
2134833,1073725440,1073725440
2890833,1073725440,1073725440
3507833,1073725440,1073725440
4296833,1073725440,1073725440
4938833,1073725440,1073725440
5886833,1073725440,1073725440
6689833,1073725440,1073725440
7735833,1073725440,1073725440
8525833,1073725440,1073725440
9358833,1073725440,1073725440
9900833,1073725440,1073725440
10402833,1073725440,1073725440
10814833,1073725440,1073725440
11255833,1073725440,1073725440
11629833,1073725440,1073725440
12087833,1073725440,1073725440
12473833,1073725440,1073725440
12810833,1073725440,1073725440
13095833,1073725440,1073725440
13565833,1073725440,1073725440
14017833,1073725440,1073725440
14448833,1073725440,1073725440
14813833,1073725440,1073725440
15189833,1073725440,1073725440
15506833,1073725440,1073725440
16031833,1073725440,1073725440
16561833,1073725440,1073725440
17108833,1073725440,1073725440
17552833,1073725440,1073725440
18258833,1073725440,1073725440
18833833,1073725440,1073725440
19632833,1073725440,1073725440
19960833,1073725440,1073725440
20272833,1073725440,1073725440
20620833,1073725440,1073725440
20920833,1073725440,1073725440
21191833,1073725440,1073725440
21438833,1073725440,1073725440
21790833,1073725440,1073725440
22088833,1073725440,1073725440
22347833,1073725440,1073725440
22614833,1073725440,1073725440
22894833,1073725440,1073725440
23178833,1073725440,1073725440
23425833,1073725440,1073725440
23661833,1073725440,1073725440
23893833,1073725440,1073725440
24124833,1073725440,1073725440
24365833,1073725440,1073725440
24630833,1073725440,1073725440
24872833,1073725440,1073725440
25107833,1073725440,1073725440
25339833,1073725440,1073725440
25574833,1073725440,1073725440
25806833,1073725440,1073725440
26038833,1073725440,1073725440
26364833,1073725440,1073725440
26762833,1073725440,1073725440
27110833,1073725440,1073725440
27699833,1073725440,1073725440
28205833,1073725440,1073725440
28796833,1073725440,1073725440
29282833,1073725440,1073725440
29765833,1073725440,1073725440
30172833,1073725440,1073725440
30594833,1073725440,1073725440
30956833,1073725440,1073725440
31506833,1073725440,1073725440
31884833,1073725440,1073725440
32193833,1073725440,1073725440
32485833,1073725440,1073725440
32827833,1073725440,1073725440
33181833,1073725440,1073725440
33557833,1073725440,1073725440
33876833,1073725440,1073725440
34387833,1073725440,1073725440
34797833,1073725440,1073725440
35137833,1073725440,1073725440
35425833,1073725440,1073725440
35862833,1073725440,1073725440
36190833,1073725440,1073725440
36472833,1073725440,1073725440
36776833,1073725440,1073725440
37036833,1073725440,1073725440
37297833,1073725440,1073725440
37610833,1073725440,1073725440
37957833,1073725440,1073725440
38251833,1073725440,1073725440
38577833,1073725440,1073725440
38945833,1073725440,1073725440
39261833,1073725440,1073725440
39528833,1073725440,1073725440
39827833,1073725440,1073725440
40089833,1073725440,1073725440
40332833,1073725440,1073725440
40567833,1073725440,1073725440
40799833,1073725440,1073725440
41030833,1073725440,1073725440
41264833,1073725440,1073725440
41496833,1073725440,1073725440
41727833,1073725440,1073725440
41958833,1073725440,1073725440
42193833,1073725440,1073725440
42430833,1073725440,1073725440
42678833,1073725440,1073725440
42939833,1073725440,1073725440
43182833,1073725440,1073725440
43457833,1073725440,1073725440
43722833,1073725440,1073725440
43966833,1073725440,1073725440
44205833,1073725440,1073725440
44438833,1073725440,1073725440
44690833,1073725440,1073725440
44929833,1073725440,1073725440
45168833,1073725440,1073725440
45438833,1073725440,1073725440
45685833,1073725440,1073725440
45921833,1073725440,1073725440
46177833,1073725440,1073725440
46510833,1073725440,1073725440
46783833,1073725440,1073725440
47029833,1073725440,1073725440
47267833,1073725440,1073725440
47501833,1073725440,1073725440
47733833,1073725440,1073725440
47965833,1073725440,1073725440
48206833,1073725440,1073725440
48503833,1073725440,1073725440
48766833,1073725440,1073725440
49117833,1073725440,1073725440
49444833,1073725440,1073725440
49853833,1073725440,1073725440
50214833,1073725440,1073725440
50796833,1073725440,1073725440
51316833,1073725440,1073725440
52015833,1073725440,1073725440
52578833,1073725440,1073725440
53650833,1073725440,1073725440
54120833,1073725440,1073725440
54494833,1073725440,1073725440
55164833,1073725440,1073725440
55979833,1073725440,1073725440
56633833,1073725440,1073725440
57836833,1073725440,1073725440
58560833,1073725440,1073725440
59134833,1073725440,1073725440
59855833,1073725440,1073725440
