timestamp,availableTxBuffer0,availableTxBuffer1
611833,246472,246472
611833,246472,246472
829833,222366,246472
1052833,235128,250726
1361833,228038,250726
1851833,247890,250726
2260833,223784,250726
2597833,243636,250726
3093833,219530,250726
3508833,243636,250726
4063833,192588,250726
4515833,219530,250726
5348833,250726,250726
6253833,228038,250726
6678833,250726,250726
7084833,225202,250726
7433833,245054,250726
7913833,223784,250726
8313833,247890,250726
8804833,235128,250726
9201833,230874,250726
9524833,235128,250726
9875833,237964,250726
10161833,232292,250726
10412833,236546,250726
10724833,230874,250726
11007833,237964,250726
11348833,237964,250726
11610833,239382,250726
11854833,243636,250726
12088833,246472,250726
12320833,240800,250726
12551833,236546,250726
12790833,240800,250726
13064833,236546,250726
13312833,233710,250726
13574833,229456,250726
13870833,225202,250726
14226833,246472,250726
14655833,212440,250726
15029833,233710,250726
15657833,226620,250726
16114833,250726,250726
16545833,233710,250726
16909833,242218,250726
17241833,229456,250726
17518833,240800,250726
17899833,226620,250726
18223833,245054,250726
18643833,232292,250726
19005833,237964,250726
19333833,233710,250726
19602833,228038,250726
19903833,243636,250726
20276833,239382,250726
20599833,236546,250726
20865833,235128,250726
21127833,229456,250726
21406833,235128,250726
21756833,222366,250726
22069833,242218,250726
22524833,205350,250726
22918833,228038,250726
23592833,240800,250726
24012833,225202,250726
24330833,245054,250726
24775833,232292,250726
25152833,249308,250726
25505833,240800,250726
25815833,239382,250726
26071833,239382,250726
26309833,232292,250726
26541833,216694,250726
26844833,233710,250726
27248833,228038,250726
27723833,249308,250726
28135833,205350,250726
28479833,226620,250726
29082833,233710,250726
29580833,245054,250726
29885833,237964,250726
30154833,237964,252144
30415833,242218,250726
30658833,240800,250726
30893833,242218,250726
31125833,228038,250726
31356833,233710,250726
31691833,225202,250726
32031833,245054,250726
32459833,235128,250726
32828833,236546,250726
33123833,233710,250726
33395833,229456,250726
33695833,229456,250726
34055833,229456,250726
34432833,228038,252144
34812833,239382,250726
35213833,228038,250726
35521833,232292,250726
35908833,201096,250726
36262833,220948,250726
36836833,247890,250726
37697833,191170,250726
38397833,232292,250726
39421833,194006,250726
40276833,245054,250726
41252833,134450,250726
42068833,182662,250726
43683833,247890,250726
44810833,194006,250726
45772833,249308,250726
46749833,209604,250726
47500833,250726,250726
48215833,226620,250726
48692833,250726,250726
49124833,230874,250726
49489833,245054,250726
49866833,219530,250726
50173833,237964,250726
50679833,222366,250726
51108833,247890,250726
51601833,232292,250726
52018833,240800,250726
52377833,236546,250726
52657833,235128,250726
52929833,226620,250726
53211833,236546,250726
53593833,222366,250726
53931833,242218,250726
54416833,216694,250726
54826833,240800,250726
55417833,219530,250726
55903833,247890,250726
56450833,236546,250726
56808833,233710,250726
57099833,230874,250726
57404833,229456,250726
57749833,235128,252144
58123833,230874,250726
58441833,237964,250726
58790833,232292,250726
59077833,235128,250726
59400833,237964,250726
59688833,235128,250726
59940833,235128,250726
