timestamp,unAck0,unAck1
611833,5672,5672
611833,5672,5672
829833,29778,5672
1052833,17016,1418
1361833,24106,1418
1851833,4254,1418
2260833,28360,1418
2597833,8508,1418
3093833,32614,1418
3508833,8508,1418
4063833,59556,1418
4515833,32614,1418
5348833,1418,1418
6253833,24106,1418
6678833,1418,1418
7084833,26942,1418
7433833,7090,1418
7913833,28360,1418
8313833,4254,1418
8804833,17016,1418
9201833,21270,1418
9524833,17016,1418
9875833,14180,1418
10161833,19852,1418
10412833,15598,1418
10724833,21270,1418
11007833,14180,1418
11348833,14180,1418
11610833,12762,1418
11854833,8508,1418
12088833,5672,1418
12320833,11344,1418
12551833,15598,1418
12790833,11344,1418
13064833,15598,1418
13312833,18434,1418
13574833,22688,1418
13870833,26942,1418
14226833,5672,1418
14655833,39704,1418
15029833,18434,1418
15657833,25524,1418
16114833,1418,1418
16545833,18434,1418
16909833,9926,1418
17241833,22688,1418
17518833,11344,1418
17899833,25524,1418
18223833,7090,1418
18643833,19852,1418
19005833,14180,1418
19333833,18434,1418
19602833,24106,1418
19903833,8508,1418
20276833,12762,1418
20599833,15598,1418
20865833,17016,1418
21127833,22688,1418
21406833,17016,1418
21756833,29778,1418
22069833,9926,1418
22524833,46794,1418
22918833,24106,1418
23592833,11344,1418
24012833,26942,1418
24330833,7090,1418
24775833,19852,1418
25152833,2836,1418
25505833,11344,1418
25815833,12762,1418
26071833,12762,1418
26309833,19852,1418
26541833,35450,1418
26844833,18434,1418
27248833,24106,1418
27723833,2836,1418
28135833,46794,1418
28479833,25524,1418
29082833,18434,1418
29580833,7090,1418
29885833,14180,1418
30154833,14180,0
30415833,9926,1418
30658833,11344,1418
30893833,9926,1418
31125833,24106,1418
31356833,18434,1418
31691833,26942,1418
32031833,7090,1418
32459833,17016,1418
32828833,15598,1418
33123833,18434,1418
33395833,22688,1418
33695833,22688,1418
34055833,22688,1418
34432833,24106,0
34812833,12762,1418
35213833,24106,1418
35521833,19852,1418
35908833,51048,1418
36262833,31196,1418
36836833,4254,1418
37697833,60974,1418
38397833,19852,1418
39421833,58138,1418
40276833,7090,1418
41252833,117694,1418
42068833,69482,1418
43683833,4254,1418
44810833,58138,1418
45772833,2836,1418
46749833,42540,1418
47500833,1418,1418
48215833,25524,1418
48692833,1418,1418
49124833,21270,1418
49489833,7090,1418
49866833,32614,1418
50173833,14180,1418
50679833,29778,1418
51108833,4254,1418
51601833,19852,1418
52018833,11344,1418
52377833,15598,1418
52657833,17016,1418
52929833,25524,1418
53211833,15598,1418
53593833,29778,1418
53931833,9926,1418
54416833,35450,1418
54826833,11344,1418
55417833,32614,1418
55903833,4254,1418
56450833,15598,1418
56808833,18434,1418
57099833,21270,1418
57404833,22688,1418
57749833,17016,0
58123833,21270,1418
58441833,14180,1418
58790833,19852,1418
59077833,17016,1418
59400833,14180,1418
59688833,17016,1418
59940833,17016,1418
