timestamp,rtt0,rtt1
611833,218,184
611833,218,184
829833,223,184
1052833,309,219
1361833,490,221
1851833,409,223
2260833,337,224
2597833,496,226
3093833,415,227
3508833,555,227
4063833,452,228
4515833,833,228
5348833,905,229
6253833,425,229
6678833,406,229
7084833,349,229
7433833,480,229
7913833,400,230
8313833,491,230
8804833,397,230
9201833,323,230
9524833,351,230
9875833,286,230
10161833,251,230
10412833,312,230
10724833,283,230
11007833,341,230
11348833,262,230
11610833,244,230
11854833,234,230
12088833,232,230
12320833,231,230
12551833,239,230
12790833,274,230
13064833,248,230
13312833,262,230
13574833,296,230
13870833,356,230
14226833,429,230
14655833,374,230
15029833,628,230
15657833,457,230
16114833,431,230
16545833,364,230
16909833,332,230
17241833,277,230
17518833,381,230
17899833,324,230
18223833,420,230
18643833,362,230
19005833,328,230
19333833,269,230
19602833,301,230
19903833,373,230
20276833,323,230
20599833,266,230
20865833,262,230
21127833,279,230
21406833,350,230
21756833,313,230
22069833,455,230
22524833,394,230
22918833,674,230
23592833,420,230
24012833,318,230
24330833,445,230
24775833,377,230
25152833,353,230
25505833,310,230
25815833,256,230
26071833,238,230
26309833,232,230
26541833,303,230
26844833,404,230
27248833,475,230
27723833,412,230
28135833,344,230
28479833,603,230
29082833,498,230
29580833,305,230
29885833,269,230
30154833,261,230
30415833,243,230
30658833,235,230
30893833,232,230
31125833,231,230
31356833,335,230
31691833,340,230
32031833,428,230
32459833,369,230
32828833,295,230
33123833,272,230
33395833,300,230
33695833,360,230
34055833,377,230
34432833,380,230
34812833,401,230
35213833,308,230
35521833,387,230
35908833,354,230
36262833,574,230
36836833,861,230
37697833,700,230
38397833,1024,230
39421833,855,230
40276833,976,230
41252833,816,230
42068833,1615,230
43683833,1127,230
44810833,962,230
45772833,977,230
46749833,751,230
47500833,715,230
48215833,477,230
48692833,432,230
49124833,365,230
49489833,377,230
49866833,307,230
50173833,506,230
50679833,429,230
51108833,493,230
51601833,417,230
52018833,359,230
52377833,280,230
52657833,272,230
52929833,282,230
53211833,382,230
53593833,338,230
53931833,485,230
54416833,410,230
54826833,591,230
55417833,486,230
55903833,547,230
56450833,358,230
56808833,291,230
57099833,305,230
57404833,345,230
57749833,374,230
58123833,318,230
58441833,349,230
58790833,287,230
59077833,323,230
59400833,288,230
59688833,252,230
59940833,277,230
