timestamp,rWnd0,rWnd1
611833,1073725440,1073725440
611833,1073725440,1073725440
829833,1073725440,1073725440
1052833,1073725440,1073725440
1361833,1073725440,1073725440
1851833,1073725440,1073725440
2260833,1073725440,1073725440
2597833,1073725440,1073725440
3093833,1073725440,1073725440
3508833,1073725440,1073725440
4063833,1073725440,1073725440
4515833,1073725440,1073725440
5348833,1073725440,1073725440
6253833,1073725440,1073725440
6678833,1073725440,1073725440
7084833,1073725440,1073725440
7433833,1073725440,1073725440
7913833,1073725440,1073725440
8313833,1073725440,1073725440
8804833,1073725440,1073725440
9201833,1073725440,1073725440
9524833,1073725440,1073725440
9875833,1073725440,1073725440
10161833,1073725440,1073725440
10412833,1073725440,1073725440
10724833,1073725440,1073725440
11007833,1073725440,1073725440
11348833,1073725440,1073725440
11610833,1073725440,1073725440
11854833,1073725440,1073725440
12088833,1073725440,1073725440
12320833,1073725440,1073725440
12551833,1073725440,1073725440
12790833,1073725440,1073725440
13064833,1073725440,1073725440
13312833,1073725440,1073725440
13574833,1073725440,1073725440
13870833,1073725440,1073725440
14226833,1073725440,1073725440
14655833,1073725440,1073725440
15029833,1073725440,1073725440
15657833,1073725440,1073725440
16114833,1073725440,1073725440
16545833,1073725440,1073725440
16909833,1073725440,1073725440
17241833,1073725440,1073725440
17518833,1073725440,1073725440
17899833,1073725440,1073725440
18223833,1073725440,1073725440
18643833,1073725440,1073725440
19005833,1073725440,1073725440
19333833,1073725440,1073725440
19602833,1073725440,1073725440
19903833,1073725440,1073725440
20276833,1073725440,1073725440
20599833,1073725440,1073725440
20865833,1073725440,1073725440
21127833,1073725440,1073725440
21406833,1073725440,1073725440
21756833,1073725440,1073725440
22069833,1073725440,1073725440
22524833,1073725440,1073725440
22918833,1073725440,1073725440
23592833,1073725440,1073725440
24012833,1073725440,1073725440
24330833,1073725440,1073725440
24775833,1073725440,1073725440
25152833,1073725440,1073725440
25505833,1073725440,1073725440
25815833,1073725440,1073725440
26071833,1073725440,1073725440
26309833,1073725440,1073725440
26541833,1073725440,1073725440
26844833,1073725440,1073725440
27248833,1073725440,1073725440
27723833,1073725440,1073725440
28135833,1073725440,1073725440
28479833,1073725440,1073725440
29082833,1073725440,1073725440
29580833,1073725440,1073725440
29885833,1073725440,1073725440
30154833,1073725440,1073725440
30415833,1073725440,1073725440
30658833,1073725440,1073725440
30893833,1073725440,1073725440
31125833,1073725440,1073725440
31356833,1073725440,1073725440
31691833,1073725440,1073725440
32031833,1073725440,1073725440
32459833,1073725440,1073725440
32828833,1073725440,1073725440
33123833,1073725440,1073725440
33395833,1073725440,1073725440
33695833,1073725440,1073725440
34055833,1073725440,1073725440
34432833,1073725440,1073725440
34812833,1073725440,1073725440
35213833,1073725440,1073725440
35521833,1073725440,1073725440
35908833,1073725440,1073725440
36262833,1073725440,1073725440
36836833,1073725440,1073725440
37697833,1073725440,1073725440
38397833,1073725440,1073725440
39421833,1073725440,1073725440
40276833,1073725440,1073725440
41252833,1073725440,1073725440
42068833,1073725440,1073725440
43683833,1073725440,1073725440
44810833,1073725440,1073725440
45772833,1073725440,1073725440
46749833,1073725440,1073725440
47500833,1073725440,1073725440
48215833,1073725440,1073725440
48692833,1073725440,1073725440
49124833,1073725440,1073725440
49489833,1073725440,1073725440
49866833,1073725440,1073725440
50173833,1073725440,1073725440
50679833,1073725440,1073725440
51108833,1073725440,1073725440
51601833,1073725440,1073725440
52018833,1073725440,1073725440
52377833,1073725440,1073725440
52657833,1073725440,1073725440
52929833,1073725440,1073725440
53211833,1073725440,1073725440
53593833,1073725440,1073725440
53931833,1073725440,1073725440
54416833,1073725440,1073725440
54826833,1073725440,1073725440
55417833,1073725440,1073725440
55903833,1073725440,1073725440
56450833,1073725440,1073725440
56808833,1073725440,1073725440
57099833,1073725440,1073725440
57404833,1073725440,1073725440
57749833,1073725440,1073725440
58123833,1073725440,1073725440
58441833,1073725440,1073725440
58790833,1073725440,1073725440
59077833,1073725440,1073725440
59400833,1073725440,1073725440
59688833,1073725440,1073725440
59940833,1073725440,1073725440
