timestamp,cWnd0,cWnd1
611833,5672,5672
611833,29832,1500
829833,29832,1500
1052833,1604,1500
1361833,25042,1500
1851833,4605,1500
2260833,29233,1500
2597833,2852,1500
3093833,33740,1500
3508833,2821,1500
4063833,60512,1500
4515833,3266,1500
5348833,1500,1500
6253833,24726,1500
6678833,2639,1500
7084833,27368,1500
7433833,1548,1500
7913833,28388,1500
8313833,1500,1500
8804833,18235,1500
9201833,21432,1500
9524833,18211,1500
9875833,15339,1500
10161833,19935,1500
10412833,17001,1500
10724833,21741,1500
11007833,15424,1500
11348833,14292,1500
11610833,12854,1500
11854833,8538,1500
12088833,7034,1500
12320833,11388,1500
12551833,16831,1500
12790833,11784,1500
13064833,16192,1500
13312833,19088,1500
13574833,23695,1500
13870833,28010,1500
14226833,3497,1500
14655833,40490,1500
15029833,2133,1500
15657833,26272,1500
16114833,2430,1500
16545833,19135,1500
16909833,10449,1500
17241833,23987,1500
17518833,11599,1500
17899833,25732,1500
18223833,2295,1500
18643833,20601,1500
19005833,14510,1500
19333833,19731,1500
19602833,24350,1500
19903833,9856,1500
20276833,13337,1500
20599833,16936,1500
20865833,17819,1500
21127833,23883,1500
21406833,17801,1500
21756833,31174,1500
22069833,2715,1500
22524833,47463,1500
22918833,2824,1500
23592833,12676,1500
24012833,27633,1500
24330833,1879,1500
24775833,20709,1500
25152833,3785,1500
25505833,11624,1500
25815833,13758,1500
26071833,12944,1500
26309833,20024,1500
26541833,35460,1500
26844833,2850,1500
27248833,24503,1500
27723833,3809,1500
28135833,47624,1500
28479833,1647,1500
29082833,18799,1500
29580833,8097,1500
29885833,14539,1500
30154833,14780,1500
30415833,9959,1500
30658833,12522,1500
30893833,10978,1500
31125833,24663,1500
31356833,18640,1500
31691833,28297,1500
32031833,1527,1500
32459833,17244,1500
32828833,15996,1500
33123833,19766,1500
33395833,23348,1500
33695833,22876,1500
34055833,23578,1500
34432833,24694,1500
34812833,13081,1500
35213833,25106,1500
35521833,20569,1500
35908833,52843,1500
36262833,3119,1500
36836833,4325,1500
37697833,61404,1500
38397833,3568,1500
39421833,58466,1500
40276833,8392,1500
41252833,118151,1500
42068833,7193,1500
43683833,5029,1500
44810833,59349,1500
45772833,3221,1500
46749833,43594,1500
47500833,1500,1500
48215833,26692,1500
48692833,1500,1500
49124833,22640,1500
49489833,7465,1500
49866833,32820,1500
50173833,2030,1500
50679833,30803,1500
51108833,1688,1500
51601833,21959,1500
52018833,12541,1500
52377833,16030,1500
52657833,18399,1500
52929833,26396,1500
53211833,15990,1500
53593833,32322,1500
53931833,2130,1500
54416833,35487,1500
54826833,1923,1500
55417833,32958,1500
55903833,1564,1500
56450833,16208,1500
56808833,19694,1500
57099833,22441,1500
57404833,22907,1500
57749833,17090,1500
58123833,22650,1500
58441833,15248,1500
58790833,20525,1500
59077833,17686,1500
59400833,15389,1500
59688833,17841,1500
59940833,17078,1500
