timestamp,availableTxBuffer0,availableTxBuffer1
611833,246472,246472
611833,246472,246472
829833,242218,246472
1052833,240800,250726
1298833,239382,250726
1538833,242218,250726
1777833,247890,250726
2011833,247890,250726
2244833,247890,250726
2476833,247890,250726
2707833,243636,250726
2938833,245054,250726
3173833,240800,250726
3405833,242218,250726
3646833,242218,250726
3880833,243636,250726
4111833,239382,250726
4342833,240800,250726
4582833,240800,250726
4816833,237964,250726
5048833,240800,250726
5291833,237964,250726
5526833,230874,250726
5765833,229456,250726
6078833,236546,250726
6443833,225202,250726
6750833,243636,250726
7172833,219530,250726
7546833,240800,250726
8105833,225202,250726
8546833,250726,250726
8999833,236546,250726
9383833,229456,250726
9695833,229456,250726
10064833,233710,250726
10443833,232292,250726
10767833,240800,250726
11098833,239382,250726
11353833,237964,250726
11590833,239382,250726
11834833,243636,250726
12069833,245054,250726
12301833,245054,250726
12532833,245054,250726
12763833,245054,250726
12993833,245054,250726
13223833,242218,250726
13453833,242218,250726
13684833,240800,250726
13915833,239382,250726
14151833,237964,250726
14392833,239382,250726
14630833,245054,250726
14867833,246472,250726
15101833,242218,250726
15333833,242218,250726
15568833,239382,250726
15800833,237964,250726
16040833,229456,250726
16282833,218112,250726
16608833,237964,250726
17057833,226620,250726
17478833,237964,250726
17905833,216694,250726
18232833,236546,250726
18769833,220948,250726
19236833,249308,250726
19755833,213858,250726
20189833,239382,250726
20859833,202514,250726
21402833,235128,250726
22218833,219530,250726
22765833,250726,250726
23312833,206768,250726
23762833,233710,250726
24564833,236546,250726
24860833,230874,250726
25132833,232292,250726
25467833,237964,250726
25803833,236546,250726
26064833,225202,250726
26325833,233710,250726
26697833,229456,250726
27058833,233710,250726
27436833,220948,250726
27769833,240800,250726
28253833,213858,250726
28663833,237964,250726
29282833,203932,250726
29785833,233710,252144
30567833,205350,250726
31215833,243636,250726
31997833,213858,250726
32628833,250726,250726
33272833,226620,250726
33794833,250726,250726
34231833,236546,250726
34597833,239382,250726
34865833,240800,250726
35106833,233710,250726
35340833,235128,250726
35641833,235128,250726
35933833,233710,250726
36219833,235128,252144
36523833,228038,250726
36831833,223784,250726
37211833,243636,250726
37665833,196842,250726
38038833,219530,250726
38698833,247890,250726
39624833,192588,250726
40391833,237964,250726
41393833,199678,250726
42199833,247890,250726
43080833,220948,250726
43634833,250726,250726
44159833,226620,250726
44588833,250726,250726
45026833,230874,252144
45396833,243636,250726
45779833,236546,250726
46066833,237964,250726
46331833,237964,250726
46574833,233710,250726
46813833,232292,250726
47099833,222366,250726
47419833,242218,250726
47860833,220948,250726
48245833,243636,250726
48767833,219530,250726
49202833,245054,250726
49757833,226620,250726
50207833,250726,250726
50643833,226620,250726
51009833,247890,252144
51459833,236546,250726
51839833,229456,250726
52153833,237964,250726
52522833,232292,250726
52819833,239382,250726
53146833,242218,250726
53406833,243636,250726
53648833,242218,250726
53883833,243636,250726
54119833,239382,250726
54352833,236546,250726
54603833,236546,250726
54870833,230874,250726
55132833,239382,250726
55460833,239382,250726
55724833,240800,250726
55964833,237964,250726
56197833,239382,250726
56445833,239382,250726
56681833,243636,250726
56913833,239382,250726
57144833,236546,250726
57379833,239382,250726
57635833,235128,250726
57874833,223784,250726
58147833,240800,250726
58528833,215276,250726
58893833,236546,250726
59453833,215276,250726
59937833,243636,250726
