timestamp,unAck0,unAck1
611833,5672,5672
611833,5672,5672
829833,9926,5672
1052833,11344,1418
1298833,12762,1418
1538833,9926,1418
1777833,4254,1418
2011833,4254,1418
2244833,4254,1418
2476833,4254,1418
2707833,8508,1418
2938833,7090,1418
3173833,11344,1418
3405833,9926,1418
3646833,9926,1418
3880833,8508,1418
4111833,12762,1418
4342833,11344,1418
4582833,11344,1418
4816833,14180,1418
5048833,11344,1418
5291833,14180,1418
5526833,21270,1418
5765833,22688,1418
6078833,15598,1418
6443833,26942,1418
6750833,8508,1418
7172833,32614,1418
7546833,11344,1418
8105833,26942,1418
8546833,1418,1418
8999833,15598,1418
9383833,22688,1418
9695833,22688,1418
10064833,18434,1418
10443833,19852,1418
10767833,11344,1418
11098833,12762,1418
11353833,14180,1418
11590833,12762,1418
11834833,8508,1418
12069833,7090,1418
12301833,7090,1418
12532833,7090,1418
12763833,7090,1418
12993833,7090,1418
13223833,9926,1418
13453833,9926,1418
13684833,11344,1418
13915833,12762,1418
14151833,14180,1418
14392833,12762,1418
14630833,7090,1418
14867833,5672,1418
15101833,9926,1418
15333833,9926,1418
15568833,12762,1418
15800833,14180,1418
16040833,22688,1418
16282833,34032,1418
16608833,14180,1418
17057833,25524,1418
17478833,14180,1418
17905833,35450,1418
18232833,15598,1418
18769833,31196,1418
19236833,2836,1418
19755833,38286,1418
20189833,12762,1418
20859833,49630,1418
21402833,17016,1418
22218833,32614,1418
22765833,1418,1418
23312833,45376,1418
23762833,18434,1418
24564833,15598,1418
24860833,21270,1418
25132833,19852,1418
25467833,14180,1418
25803833,15598,1418
26064833,26942,1418
26325833,18434,1418
26697833,22688,1418
27058833,18434,1418
27436833,31196,1418
27769833,11344,1418
28253833,38286,1418
28663833,14180,1418
29282833,48212,1418
29785833,18434,0
30567833,46794,1418
31215833,8508,1418
31997833,38286,1418
32628833,1418,1418
33272833,25524,1418
33794833,1418,1418
34231833,15598,1418
34597833,12762,1418
34865833,11344,1418
35106833,18434,1418
35340833,17016,1418
35641833,17016,1418
35933833,18434,1418
36219833,17016,0
36523833,24106,1418
36831833,28360,1418
37211833,8508,1418
37665833,55302,1418
38038833,32614,1418
38698833,4254,1418
39624833,59556,1418
40391833,14180,1418
41393833,52466,1418
42199833,4254,1418
43080833,31196,1418
43634833,1418,1418
44159833,25524,1418
44588833,1418,1418
45026833,21270,0
45396833,8508,1418
45779833,15598,1418
46066833,14180,1418
46331833,14180,1418
46574833,18434,1418
46813833,19852,1418
47099833,29778,1418
47419833,9926,1418
47860833,31196,1418
48245833,8508,1418
48767833,32614,1418
49202833,7090,1418
49757833,25524,1418
50207833,1418,1418
50643833,25524,1418
51009833,4254,0
51459833,15598,1418
51839833,22688,1418
52153833,14180,1418
52522833,19852,1418
52819833,12762,1418
53146833,9926,1418
53406833,8508,1418
53648833,9926,1418
53883833,8508,1418
54119833,12762,1418
54352833,15598,1418
54603833,15598,1418
54870833,21270,1418
55132833,12762,1418
55460833,12762,1418
55724833,11344,1418
55964833,14180,1418
56197833,12762,1418
56445833,12762,1418
56681833,8508,1418
56913833,12762,1418
57144833,15598,1418
57379833,12762,1418
57635833,17016,1418
57874833,28360,1418
58147833,11344,1418
58528833,36868,1418
58893833,15598,1418
59453833,36868,1418
59937833,8508,1418
