timestamp,rWnd0,rWnd1
611833,1073725440,1073725440
611833,1073725440,1073725440
829833,1073725440,1073725440
1052833,1073725440,1073725440
1298833,1073725440,1073725440
1538833,1073725440,1073725440
1777833,1073725440,1073725440
2011833,1073725440,1073725440
2244833,1073725440,1073725440
2476833,1073725440,1073725440
2707833,1073725440,1073725440
2938833,1073725440,1073725440
3173833,1073725440,1073725440
3405833,1073725440,1073725440
3646833,1073725440,1073725440
3880833,1073725440,1073725440
4111833,1073725440,1073725440
4342833,1073725440,1073725440
4582833,1073725440,1073725440
4816833,1073725440,1073725440
5048833,1073725440,1073725440
5291833,1073725440,1073725440
5526833,1073725440,1073725440
5765833,1073725440,1073725440
6078833,1073725440,1073725440
6443833,1073725440,1073725440
6750833,1073725440,1073725440
7172833,1073725440,1073725440
7546833,1073725440,1073725440
8105833,1073725440,1073725440
8546833,1073725440,1073725440
8999833,1073725440,1073725440
9383833,1073725440,1073725440
9695833,1073725440,1073725440
10064833,1073725440,1073725440
10443833,1073725440,1073725440
10767833,1073725440,1073725440
11098833,1073725440,1073725440
11353833,1073725440,1073725440
11590833,1073725440,1073725440
11834833,1073725440,1073725440
12069833,1073725440,1073725440
12301833,1073725440,1073725440
12532833,1073725440,1073725440
12763833,1073725440,1073725440
12993833,1073725440,1073725440
13223833,1073725440,1073725440
13453833,1073725440,1073725440
13684833,1073725440,1073725440
13915833,1073725440,1073725440
14151833,1073725440,1073725440
14392833,1073725440,1073725440
14630833,1073725440,1073725440
14867833,1073725440,1073725440
15101833,1073725440,1073725440
15333833,1073725440,1073725440
15568833,1073725440,1073725440
15800833,1073725440,1073725440
16040833,1073725440,1073725440
16282833,1073725440,1073725440
16608833,1073725440,1073725440
17057833,1073725440,1073725440
17478833,1073725440,1073725440
17905833,1073725440,1073725440
18232833,1073725440,1073725440
18769833,1073725440,1073725440
19236833,1073725440,1073725440
19755833,1073725440,1073725440
20189833,1073725440,1073725440
20859833,1073725440,1073725440
21402833,1073725440,1073725440
22218833,1073725440,1073725440
22765833,1073725440,1073725440
23312833,1073725440,1073725440
23762833,1073725440,1073725440
24564833,1073725440,1073725440
24860833,1073725440,1073725440
25132833,1073725440,1073725440
25467833,1073725440,1073725440
25803833,1073725440,1073725440
26064833,1073725440,1073725440
26325833,1073725440,1073725440
26697833,1073725440,1073725440
27058833,1073725440,1073725440
27436833,1073725440,1073725440
27769833,1073725440,1073725440
28253833,1073725440,1073725440
28663833,1073725440,1073725440
29282833,1073725440,1073725440
29785833,1073725440,1073725440
30567833,1073725440,1073725440
31215833,1073725440,1073725440
31997833,1073725440,1073725440
32628833,1073725440,1073725440
33272833,1073725440,1073725440
33794833,1073725440,1073725440
34231833,1073725440,1073725440
34597833,1073725440,1073725440
34865833,1073725440,1073725440
35106833,1073725440,1073725440
35340833,1073725440,1073725440
35641833,1073725440,1073725440
35933833,1073725440,1073725440
36219833,1073725440,1073725440
36523833,1073725440,1073725440
36831833,1073725440,1073725440
37211833,1073725440,1073725440
37665833,1073725440,1073725440
38038833,1073725440,1073725440
38698833,1073725440,1073725440
39624833,1073725440,1073725440
40391833,1073725440,1073725440
41393833,1073725440,1073725440
42199833,1073725440,1073725440
43080833,1073725440,1073725440
43634833,1073725440,1073725440
44159833,1073725440,1073725440
44588833,1073725440,1073725440
45026833,1073725440,1073725440
45396833,1073725440,1073725440
45779833,1073725440,1073725440
46066833,1073725440,1073725440
46331833,1073725440,1073725440
46574833,1073725440,1073725440
46813833,1073725440,1073725440
47099833,1073725440,1073725440
47419833,1073725440,1073725440
47860833,1073725440,1073725440
48245833,1073725440,1073725440
48767833,1073725440,1073725440
49202833,1073725440,1073725440
49757833,1073725440,1073725440
50207833,1073725440,1073725440
50643833,1073725440,1073725440
51009833,1073725440,1073725440
51459833,1073725440,1073725440
51839833,1073725440,1073725440
52153833,1073725440,1073725440
52522833,1073725440,1073725440
52819833,1073725440,1073725440
53146833,1073725440,1073725440
53406833,1073725440,1073725440
53648833,1073725440,1073725440
53883833,1073725440,1073725440
54119833,1073725440,1073725440
54352833,1073725440,1073725440
54603833,1073725440,1073725440
54870833,1073725440,1073725440
55132833,1073725440,1073725440
55460833,1073725440,1073725440
55724833,1073725440,1073725440
55964833,1073725440,1073725440
56197833,1073725440,1073725440
56445833,1073725440,1073725440
56681833,1073725440,1073725440
56913833,1073725440,1073725440
57144833,1073725440,1073725440
57379833,1073725440,1073725440
57635833,1073725440,1073725440
57874833,1073725440,1073725440
58147833,1073725440,1073725440
58528833,1073725440,1073725440
58893833,1073725440,1073725440
59453833,1073725440,1073725440
59937833,1073725440,1073725440
