timestamp,rtt0,rtt1
611833,218,184
611833,218,184
829833,223,184
1052833,246,219
1298833,240,221
1538833,239,222
1777833,234,223
2011833,233,224
2244833,232,224
2476833,231,225
2707833,231,226
2938833,235,226
3173833,232,227
3405833,241,227
3646833,234,227
3880833,231,228
4111833,231,228
4342833,240,228
4582833,234,229
4816833,232,229
5048833,243,229
5291833,235,229
5526833,239,229
5765833,313,229
6078833,365,229
6443833,307,229
6750833,422,229
7172833,374,229
7546833,559,230
8105833,441,230
8546833,453,230
8999833,384,230
9383833,312,230
9695833,369,230
10064833,379,230
10443833,324,230
10767833,331,230
11098833,255,230
11353833,237,230
11590833,244,230
11834833,235,230
12069833,232,230
12301833,231,230
12532833,231,230
12763833,230,230
12993833,230,230
13223833,230,230
13453833,231,230
13684833,231,230
13915833,236,230
14151833,241,230
14392833,238,230
14630833,237,230
14867833,234,230
15101833,232,230
15333833,235,230
15568833,232,230
15800833,240,230
16040833,242,230
16282833,326,230
16608833,449,230
17057833,421,230
17478833,427,230
17905833,327,230
18232833,537,230
18769833,467,230
19236833,519,230
19755833,434,230
20189833,670,230
20859833,543,230
21402833,816,230
22218833,547,230
22765833,547,230
23312833,450,230
23762833,802,230
24564833,296,230
24860833,272,230
25132833,335,230
25467833,336,230
25803833,261,230
26064833,261,230
26325833,372,230
26697833,361,230
27058833,378,230
27436833,333,230
27769833,484,230
28253833,410,230
28663833,619,230
29282833,503,230
29785833,782,230
30567833,648,230
31215833,782,230
31997833,631,230
32628833,644,230
33272833,522,230
33794833,437,230
34231833,366,230
34597833,268,230
34865833,241,230
35106833,234,230
35340833,301,230
35641833,292,230
35933833,286,230
36219833,304,230
36523833,308,230
36831833,380,230
37211833,454,230
37665833,373,230
38038833,660,230
38698833,926,230
39624833,767,230
40391833,1002,230
41393833,806,230
42199833,881,230
43080833,554,230
43634833,525,230
44159833,429,230
44588833,438,230
45026833,370,230
45396833,383,230
45779833,287,230
46066833,265,230
46331833,243,230
46574833,239,230
46813833,286,230
47099833,320,230
47419833,441,230
47860833,385,230
48245833,522,230
48767833,435,230
49202833,555,230
49757833,450,230
50207833,436,230
50643833,366,230
51009833,450,230
51459833,380,230
51839833,314,230
52153833,369,230
52522833,297,230
52819833,327,230
53146833,260,230
53406833,242,230
53648833,235,230
53883833,236,230
54119833,233,230
54352833,251,230
54603833,267,230
54870833,262,230
55132833,328,230
55460833,264,230
55724833,240,230
55964833,233,230
56197833,248,230
56445833,236,230
56681833,232,230
56913833,231,230
57144833,235,230
57379833,256,230
57635833,239,230
57874833,273,230
58147833,381,230
58528833,365,230
58893833,560,230
59453833,484,230
59937833,609,230
