timestamp,cWnd0,cWnd1
611833,5672,5672
611833,10561,1500
829833,10561,1500
1052833,11753,1500
1298833,13971,1500
1538833,10758,1500
1777833,5542,1500
2011833,5078,1500
2244833,4989,1500
2476833,5662,1500
2707833,9758,1500
2938833,9402,1500
3173833,11372,1500
3405833,10912,1500
3646833,10367,1500
3880833,9033,1500
4111833,13802,1500
4342833,11407,1500
4582833,13918,1500
4816833,14249,1500
5048833,12641,1500
5291833,14366,1500
5526833,21753,1500
5765833,22774,1500
6078833,15747,1500
6443833,27566,1500
6750833,8438,1500
7172833,33656,1500
7546833,1520,1500
8105833,27119,1500
8546833,2449,1500
8999833,17007,1500
9383833,23067,1500
9695833,23198,1500
10064833,19022,1500
10443833,20596,1500
10767833,11612,1500
11098833,14014,1500
11353833,14822,1500
11590833,13767,1500
11834833,9912,1500
12069833,8388,1500
12301833,9832,1500
12532833,7338,1500
12763833,7560,1500
12993833,8212,1500
13223833,10607,1500
13453833,10522,1500
13684833,12885,1500
13915833,15208,1500
14151833,15376,1500
14392833,15015,1500
14630833,7150,1500
14867833,6677,1500
15101833,10920,1500
15333833,10037,1500
15568833,13400,1500
15800833,14352,1500
16040833,23786,1500
16282833,34340,1500
16608833,2252,1500
17057833,26465,1500
17478833,15579,1500
17905833,36179,1500
18232833,1862,1500
18769833,32150,1500
19236833,2720,1500
19755833,39686,1500
20189833,2662,1500
20859833,50711,1500
21402833,3896,1500
22218833,32777,1500
22765833,2386,1500
23312833,46247,1500
23762833,1500,1500
24564833,15983,1500
24860833,22663,1500
25132833,20379,1500
25467833,15367,1500
25803833,16761,1500
26064833,27037,1500
26325833,19141,1500
26697833,23880,1500
27058833,18589,1500
27436833,32113,1500
27769833,2791,1500
28253833,38767,1500
28663833,3527,1500
29282833,49115,1500
29785833,2134,1500
30567833,47543,1500
31215833,2223,1500
31997833,39045,1500
32628833,1788,1500
33272833,26576,1500
33794833,1500,1500
34231833,15674,1500
34597833,12774,1500
34865833,12111,1500
35106833,18910,1500
35340833,17440,1500
35641833,17399,1500
35933833,18718,1500
36219833,19574,1500
36523833,24573,1500
36831833,29380,1500
37211833,9514,1500
37665833,56290,1500
38038833,4110,1500
38698833,4538,1500
39624833,60194,1500
40391833,3244,1500
41393833,53539,1500
42199833,2900,1500
43080833,32557,1500
43634833,2768,1500
44159833,26093,1500
44588833,1725,1500
45026833,22110,1500
45396833,9896,1500
45779833,15942,1500
46066833,14354,1500
46331833,15574,1500
46574833,19689,1500
46813833,21187,1500
47099833,31028,1500
47419833,2163,1500
47860833,31197,1500
48245833,2097,1500
48767833,33007,1500
49202833,1907,1500
49757833,25715,1500
50207833,1915,1500
50643833,26514,1500
51009833,1666,1500
51459833,16772,1500
51839833,23556,1500
52153833,15450,1500
52522833,21199,1500
52819833,13344,1500
53146833,11303,1500
53406833,9190,1500
53648833,10014,1500
53883833,8526,1500
54119833,13218,1500
54352833,15600,1500
54603833,15694,1500
54870833,21373,1500
55132833,13185,1500
55460833,13272,1500
55724833,12381,1500
55964833,14511,1500
56197833,13230,1500
56445833,12877,1500
56681833,9196,1500
56913833,12832,1500
57144833,16074,1500
57379833,12936,1500
57635833,17303,1500
57874833,28961,1500
58147833,9295,1500
58528833,36943,1500
58893833,2422,1500
59453833,38103,1500
59937833,1540,1500
