timestamp,rtt0,rtt1
611833,218,184
611833,218,184
829833,223,184
1052833,309,219
1361833,377,221
1738833,442,223
2180833,368,225
2548833,418,225
2966833,357,226
3323833,373,227
3696833,318,227
4014833,265,228
4279833,262,228
4541833,243,228
4784833,239,229
5023833,234,229
5257833,232,229
5489833,231,229
5720833,231,229
5951833,230,229
6181833,230,229
6411833,235,229
6646833,236,230
6882833,232,230
7114833,233,230
7347833,231,230
7578833,242,230
7820833,235,230
8055833,297,230
8352833,381,230
8733833,323,230
9056833,552,230
9608833,596,230
10204833,707,230
10911833,563,230
11474833,621,230
12095833,505,230
12600833,460,230
13060833,381,230
13441833,309,230
13750833,309,230
14059833,382,230
14441833,320,230
14761833,489,230
15250833,424,230
15674833,535,230
16209833,438,230
16647833,652,230
17299833,304,230
17603833,256,230
17859833,241,230
18100833,260,230
18360833,373,230
18733833,368,230
19101833,439,230
19540833,374,230
19914833,502,230
20416833,417,230
20833833,491,230
21324833,405,230
21729833,399,230
22128833,326,230
22454833,486,230
22940833,407,230
23347833,607,230
23954833,489,230
24443833,657,230
25100833,525,230
25625833,935,230
26560833,667,230
27227833,667,230
27894833,536,230
28430833,645,230
29075833,523,230
29598833,575,230
30173833,469,230
30642833,535,230
31177833,436,230
31613833,641,230
32254833,456,230
32710833,421,230
33131833,370,230
33501833,462,230
33963833,360,230
34323833,439,230
34762833,368,230
35130833,358,230
35488833,417,230
35905833,467,230
36372833,435,230
36807833,535,230
37342833,438,230
37780833,657,230
38437833,343,230
38780833,317,230
39097833,387,230
39484833,402,230
39886833,371,230
40257833,315,230
40572833,349,230
40921833,319,230
41240833,370,230
41610833,451,230
42061833,374,230
42435833,523,230
42958833,432,230
43390833,720,230
44110833,597,230
44707833,846,230
45553833,631,230
46184833,666,230
46850833,542,230
47392833,529,230
47921833,431,230
48352833,535,230
48887833,318,230
49205833,274,230
49479833,277,230
49756833,301,230
50057833,267,230
50324833,250,230
50574833,276,230
50850833,283,230
51133833,303,230
51436833,275,230
51711833,393,230
52104833,342,230
52446833,290,230
52736833,305,230
53041833,308,230
53349833,266,230
53615833,240,230
53855833,234,230
54089833,278,230
54367833,253,230
54620833,239,230
54859833,233,230
55092833,231,230
55323833,276,230
55599833,243,230
55842833,235,230
56077833,254,230
56331833,291,230
56622833,255,230
56877833,241,230
57118833,238,230
57356833,255,230
57611833,239,230
57850833,304,230
58154833,417,230
58571833,489,230
59060833,393,230
59453833,308,230
59761833,269,230
