timestamp,cWnd0,cWnd1
611833,5672,5672
611833,26089,1500
829833,26089,1500
1052833,4051,1500
1361833,27485,1500
1738833,7123,1500
2180833,24338,1500
2548833,5220,1500
2966833,22638,1500
3323833,5658,1500
3696833,15410,1500
4014833,15980,1500
4279833,15135,1500
4541833,14608,1500
4784833,10015,1500
5023833,8447,1500
5257833,7621,1500
5489833,7355,1500
5720833,8205,1500
5951833,9203,1500
6181833,11662,1500
6411833,14163,1500
6646833,9751,1500
6882833,12592,1500
7114833,12210,1500
7347833,14249,1500
7578833,13461,1500
7820833,20908,1500
8055833,26055,1500
8352833,13983,1500
8733833,44271,1500
9056833,5226,1500
9608833,43847,1500
10204833,2487,1500
10911833,37219,1500
11474833,2805,1500
12095833,27139,1500
12600833,1500,1500
13060833,17368,1500
13441833,18764,1500
13750833,25066,1500
14059833,15785,1500
14441833,33709,1500
14761833,2168,1500
15250833,33277,1500
15674833,1914,1500
16209833,38845,1500
16647833,1500,1500
17299833,10766,1500
17603833,10100,1500
17859833,14415,1500
18100833,29183,1500
18360833,9992,1500
18733833,27446,1500
19101833,7000,1500
19540833,29101,1500
19914833,2144,1500
20416833,29215,1500
20833833,1674,1500
21324833,22745,1500
21729833,7652,1500
22128833,31132,1500
22454833,4455,1500
22940833,37399,1500
23347833,2295,1500
23954833,39785,1500
24443833,3320,1500
25100833,57418,1500
25625833,3346,1500
26560833,39926,1500
27227833,2932,1500
27894833,39441,1500
28430833,2541,1500
29075833,34864,1500
29598833,3874,1500
30173833,31381,1500
30642833,3070,1500
31177833,37233,1500
31613833,2951,1500
32254833,25731,1500
32710833,21914,1500
33131833,29180,1500
33501833,14673,1500
33963833,27812,1500
34323833,21904,1500
34762833,21759,1500
35130833,25598,1500
35488833,28608,1500
35905833,26272,1500
36372833,33091,1500
36807833,4567,1500
37342833,39323,1500
37780833,1676,1500
38437833,19729,1500
38780833,24818,1500
39097833,25427,1500
39484833,22960,1500
39886833,18385,1500
40257833,22552,1500
40572833,19749,1500
40921833,22742,1500
41240833,28721,1500
41610833,19498,1500
42061833,33382,1500
42435833,12041,1500
42958833,44395,1500
43390833,3627,1500
44110833,51510,1500
44707833,3420,1500
45553833,40886,1500
46184833,2085,1500
46850833,31229,1500
47392833,1600,1500
47921833,31512,1500
48352833,1500,1500
48887833,9169,1500
49205833,16894,1500
49479833,19586,1500
49756833,10355,1500
50057833,15483,1500
50324833,18075,1500
50574833,17889,1500
50850833,19133,1500
51133833,16372,1500
51436833,27102,1500
51711833,9273,1500
52104833,16268,1500
52446833,18591,1500
52736833,18714,1500
53041833,16537,1500
53349833,14035,1500
53615833,13015,1500
53855833,18380,1500
54089833,11812,1500
54367833,9385,1500
54620833,10786,1500
54859833,12387,1500
55092833,16741,1500
55323833,14076,1500
55599833,13758,1500
55842833,16639,1500
56077833,18491,1500
56331833,14371,1500
56622833,14475,1500
56877833,15524,1500
57118833,16279,1500
57356833,12887,1500
57611833,20548,1500
57850833,38112,1500
58154833,2340,1500
58571833,23548,1500
59060833,7561,1500
59453833,14500,1500
59761833,21499,1500
