timestamp,unAck0,unAck1
611833,5672,5672
611833,5672,5672
829833,25524,5672
1052833,12762,1418
1361833,26942,1418
1738833,7090,1418
2180833,24106,1418
2548833,4254,1418
2966833,21270,1418
3323833,2836,1418
3696833,14180,1418
4014833,15598,1418
4279833,14180,1418
4541833,14180,1418
4784833,9926,1418
5023833,7090,1418
5257833,7090,1418
5489833,7090,1418
5720833,7090,1418
5951833,8508,1418
6181833,11344,1418
6411833,12762,1418
6646833,8508,1418
6882833,11344,1418
7114833,11344,1418
7347833,12762,1418
7578833,12762,1418
7820833,19852,1418
8055833,25524,1418
8352833,12762,1418
8733833,43958,1418
9056833,24106,1418
9608833,42540,1418
10204833,7090,1418
10911833,36868,1418
11474833,2836,1418
12095833,26942,1418
12600833,1418,1418
13060833,17016,1418
13441833,18434,1418
13750833,24106,1418
14059833,15598,1418
14441833,32614,1418
14761833,14180,1418
15250833,32614,1418
15674833,7090,1418
16209833,38286,1418
16647833,11344,1418
17299833,9926,1418
17603833,9926,1418
17859833,14180,1418
18100833,28360,1418
18360833,12762,1418
18733833,26942,1418
19101833,5672,1418
19540833,28360,1418
19914833,5672,1418
20416833,28360,1418
20833833,4254,0
21324833,22688,0
21729833,7090,1418
22128833,29778,1418
22454833,11344,1418
22940833,36868,1418
23347833,12762,1418
23954833,39704,0
24443833,9926,1418
25100833,56720,1418
25625833,25524,0
26560833,38286,1418
27227833,2836,1418
27894833,38286,1418
28430833,7090,1418
29075833,34032,1418
29598833,2836,1418
30173833,31196,1418
30642833,2836,1418
31177833,36868,1418
31613833,9926,1418
32254833,25524,1418
32710833,21270,1418
33131833,28360,1418
33501833,14180,1418
33963833,26942,0
34323833,21270,1418
34762833,21270,1418
35130833,25524,1418
35488833,28360,1418
35905833,25524,1418
36372833,32614,1418
36807833,7090,1418
37342833,38286,1418
37780833,11344,1418
38437833,18434,1418
38780833,24106,1418
39097833,24106,1418
39484833,22688,1418
39886833,17016,1418
40257833,21270,1418
40572833,18434,1418
40921833,22688,1418
41240833,28360,1418
41610833,18434,0
42061833,32614,1418
42435833,11344,1418
42958833,43958,1418
43390833,18434,1418
44110833,51048,1418
44707833,15598,0
45553833,39704,1418
46184833,2836,1418
46850833,31196,1418
47392833,1418,1418
47921833,31196,1418
48352833,5672,1418
48887833,7090,1418
49205833,15598,1418
49479833,18434,1418
49756833,9926,1418
50057833,14180,1418
50324833,17016,1418
50574833,17016,1418
50850833,18434,1418
51133833,15598,0
51436833,26942,1418
51711833,11344,1418
52104833,15598,0
52446833,18434,1418
52736833,18434,1418
53041833,15598,1418
53349833,12762,1418
53615833,12762,1418
53855833,15598,1418
54089833,11344,1418
54367833,8508,1418
54620833,9926,1418
54859833,11344,1418
55092833,15598,1418
55323833,12762,1418
55599833,12762,1418
55842833,15598,1418
56077833,18434,1418
56331833,14180,0
56622833,14180,1418
56877833,14180,1418
57118833,15598,1418
57356833,12762,1418
57611833,19852,1418
57850833,36868,1418
58154833,18434,1418
58571833,22688,1418
59060833,7090,1418
59453833,14180,1418
59761833,21270,1418
