timestamp,rWnd0,rWnd1
611833,1073725440,1073725440
611833,1073725440,1073725440
829833,1073725440,1073725440
1052833,1073725440,1073725440
1361833,1073725440,1073725440
1738833,1073725440,1073725440
2180833,1073725440,1073725440
2548833,1073725440,1073725440
2966833,1073725440,1073725440
3323833,1073725440,1073725440
3696833,1073725440,1073725440
4014833,1073725440,1073725440
4279833,1073725440,1073725440
4541833,1073725440,1073725440
4784833,1073725440,1073725440
5023833,1073725440,1073725440
5257833,1073725440,1073725440
5489833,1073725440,1073725440
5720833,1073725440,1073725440
5951833,1073725440,1073725440
6181833,1073725440,1073725440
6411833,1073725440,1073725440
6646833,1073725440,1073725440
6882833,1073725440,1073725440
7114833,1073725440,1073725440
7347833,1073725440,1073725440
7578833,1073725440,1073725440
7820833,1073725440,1073725440
8055833,1073725440,1073725440
8352833,1073725440,1073725440
8733833,1073725440,1073725440
9056833,1073725440,1073725440
9608833,1073725440,1073725440
10204833,1073725440,1073725440
10911833,1073725440,1073725440
11474833,1073725440,1073725440
12095833,1073725440,1073725440
12600833,1073725440,1073725440
13060833,1073725440,1073725440
13441833,1073725440,1073725440
13750833,1073725440,1073725440
14059833,1073725440,1073725440
14441833,1073725440,1073725440
14761833,1073725440,1073725440
15250833,1073725440,1073725440
15674833,1073725440,1073725440
16209833,1073725440,1073725440
16647833,1073725440,1073725440
17299833,1073725440,1073725440
17603833,1073725440,1073725440
17859833,1073725440,1073725440
18100833,1073725440,1073725440
18360833,1073725440,1073725440
18733833,1073725440,1073725440
19101833,1073725440,1073725440
19540833,1073725440,1073725440
19914833,1073725440,1073725440
20416833,1073725440,1073725440
20833833,1073725440,1073725440
21324833,1073725440,1073725440
21729833,1073725440,1073725440
22128833,1073725440,1073725440
22454833,1073725440,1073725440
22940833,1073725440,1073725440
23347833,1073725440,1073725440
23954833,1073725440,1073725440
24443833,1073725440,1073725440
25100833,1073725440,1073725440
25625833,1073725440,1073725440
26560833,1073725440,1073725440
27227833,1073725440,1073725440
27894833,1073725440,1073725440
28430833,1073725440,1073725440
29075833,1073725440,1073725440
29598833,1073725440,1073725440
30173833,1073725440,1073725440
30642833,1073725440,1073725440
31177833,1073725440,1073725440
31613833,1073725440,1073725440
32254833,1073725440,1073725440
32710833,1073725440,1073725440
33131833,1073725440,1073725440
33501833,1073725440,1073725440
33963833,1073725440,1073725440
34323833,1073725440,1073725440
34762833,1073725440,1073725440
35130833,1073725440,1073725440
35488833,1073725440,1073725440
35905833,1073725440,1073725440
36372833,1073725440,1073725440
36807833,1073725440,1073725440
37342833,1073725440,1073725440
37780833,1073725440,1073725440
38437833,1073725440,1073725440
38780833,1073725440,1073725440
39097833,1073725440,1073725440
39484833,1073725440,1073725440
39886833,1073725440,1073725440
40257833,1073725440,1073725440
40572833,1073725440,1073725440
40921833,1073725440,1073725440
41240833,1073725440,1073725440
41610833,1073725440,1073725440
42061833,1073725440,1073725440
42435833,1073725440,1073725440
42958833,1073725440,1073725440
43390833,1073725440,1073725440
44110833,1073725440,1073725440
44707833,1073725440,1073725440
45553833,1073725440,1073725440
46184833,1073725440,1073725440
46850833,1073725440,1073725440
47392833,1073725440,1073725440
47921833,1073725440,1073725440
48352833,1073725440,1073725440
48887833,1073725440,1073725440
49205833,1073725440,1073725440
49479833,1073725440,1073725440
49756833,1073725440,1073725440
50057833,1073725440,1073725440
50324833,1073725440,1073725440
50574833,1073725440,1073725440
50850833,1073725440,1073725440
51133833,1073725440,1073725440
51436833,1073725440,1073725440
51711833,1073725440,1073725440
52104833,1073725440,1073725440
52446833,1073725440,1073725440
52736833,1073725440,1073725440
53041833,1073725440,1073725440
53349833,1073725440,1073725440
53615833,1073725440,1073725440
53855833,1073725440,1073725440
54089833,1073725440,1073725440
54367833,1073725440,1073725440
54620833,1073725440,1073725440
54859833,1073725440,1073725440
55092833,1073725440,1073725440
55323833,1073725440,1073725440
55599833,1073725440,1073725440
55842833,1073725440,1073725440
56077833,1073725440,1073725440
56331833,1073725440,1073725440
56622833,1073725440,1073725440
56877833,1073725440,1073725440
57118833,1073725440,1073725440
57356833,1073725440,1073725440
57611833,1073725440,1073725440
57850833,1073725440,1073725440
58154833,1073725440,1073725440
58571833,1073725440,1073725440
59060833,1073725440,1073725440
59453833,1073725440,1073725440
59761833,1073725440,1073725440
