timestamp,availableTxBuffer0,availableTxBuffer1
611833,246472,246472
611833,246472,246472
829833,226620,246472
1052833,239382,250726
1361833,225202,250726
1738833,245054,250726
2180833,228038,250726
2548833,247890,250726
2966833,230874,250726
3323833,249308,250726
3696833,237964,250726
4014833,236546,250726
4279833,237964,250726
4541833,237964,250726
4784833,242218,250726
5023833,245054,250726
5257833,245054,250726
5489833,245054,250726
5720833,245054,250726
5951833,243636,250726
6181833,240800,250726
6411833,239382,250726
6646833,243636,250726
6882833,240800,250726
7114833,240800,250726
7347833,239382,250726
7578833,239382,250726
7820833,232292,250726
8055833,226620,250726
8352833,239382,250726
8733833,208186,250726
9056833,228038,250726
9608833,209604,250726
10204833,245054,250726
10911833,215276,250726
11474833,249308,250726
12095833,225202,250726
12600833,250726,250726
13060833,235128,250726
13441833,233710,250726
13750833,228038,250726
14059833,236546,250726
14441833,219530,250726
14761833,237964,250726
15250833,219530,250726
15674833,245054,250726
16209833,213858,250726
16647833,240800,250726
17299833,242218,250726
17603833,242218,250726
17859833,237964,250726
18100833,223784,250726
18360833,239382,250726
18733833,225202,250726
19101833,246472,250726
19540833,223784,250726
19914833,246472,250726
20416833,223784,250726
20833833,247890,252144
21324833,229456,252144
21729833,245054,250726
22128833,222366,250726
22454833,240800,250726
22940833,215276,250726
23347833,239382,250726
23954833,212440,252144
24443833,242218,250726
25100833,195424,250726
25625833,226620,252144
26560833,213858,250726
27227833,249308,250726
27894833,213858,250726
28430833,245054,250726
29075833,218112,250726
29598833,249308,250726
30173833,220948,250726
30642833,249308,250726
31177833,215276,250726
31613833,242218,250726
32254833,226620,250726
32710833,230874,250726
33131833,223784,250726
33501833,237964,250726
33963833,225202,252144
34323833,230874,250726
34762833,230874,250726
35130833,226620,250726
35488833,223784,250726
35905833,226620,250726
36372833,219530,250726
36807833,245054,250726
37342833,213858,250726
37780833,240800,250726
38437833,233710,250726
38780833,228038,250726
39097833,228038,250726
39484833,229456,250726
39886833,235128,250726
40257833,230874,250726
40572833,233710,250726
40921833,229456,250726
41240833,223784,250726
41610833,233710,252144
42061833,219530,250726
42435833,240800,250726
42958833,208186,250726
43390833,233710,250726
44110833,201096,250726
44707833,236546,252144
45553833,212440,250726
46184833,249308,250726
46850833,220948,250726
47392833,250726,250726
47921833,220948,250726
48352833,246472,250726
48887833,245054,250726
49205833,236546,250726
49479833,233710,250726
49756833,242218,250726
50057833,237964,250726
50324833,235128,250726
50574833,235128,250726
50850833,233710,250726
51133833,236546,252144
51436833,225202,250726
51711833,240800,250726
52104833,236546,252144
52446833,233710,250726
52736833,233710,250726
53041833,236546,250726
53349833,239382,250726
53615833,239382,250726
53855833,236546,250726
54089833,240800,250726
54367833,243636,250726
54620833,242218,250726
54859833,240800,250726
55092833,236546,250726
55323833,239382,250726
55599833,239382,250726
55842833,236546,250726
56077833,233710,250726
56331833,237964,252144
56622833,237964,250726
56877833,237964,250726
57118833,236546,250726
57356833,239382,250726
57611833,232292,250726
57850833,215276,250726
58154833,233710,250726
58571833,229456,250726
59060833,245054,250726
59453833,237964,250726
59761833,230874,250726
