timestamp,rtt0,rtt1
611833,218,184
611833,218,184
829833,223,184
1052833,225,219
1277833,227,221
1504833,242,222
1746833,237,223
1983833,234,224
2217833,233,224
2450833,231,225
2681833,231,226
2912833,235,226
3147833,232,227
3379833,236,227
3615833,233,227
3848833,242,228
4090833,236,228
4326833,234,228
4560833,232,229
4792833,236,229
5028833,237,229
5265833,233,229
5498833,231,229
5729833,236,229
5965833,255,229
6220833,307,229
6527833,345,229
6872833,257,229
7129833,240,229
7369833,234,229
7603833,232,229
7835833,242,229
8077833,234,229
8311833,232,230
8543833,231,230
8774833,231,230
9005833,231,230
9236833,236,230
9472833,234,230
9706833,234,230
9940833,233,230
10173833,239,230
10412833,239,230
10651833,234,230
10885833,231,230
11116833,277,230
11393833,248,230
11641833,259,230
11900833,243,230
12143833,235,230
12378833,232,230
12610833,237,230
12847833,234,230
13081833,235,230
13316833,233,230
13549833,232,230
13781833,241,230
14022833,236,230
14258833,233,230
14491833,232,230
14723833,232,230
14955833,231,230
15186833,231,230
15417833,230,230
15647833,230,230
15877833,243,230
16120833,242,230
16362833,235,230
16597833,243,230
16840833,236,230
17076833,233,230
17309833,231,230
17540833,230,230
17770833,230,230
18000833,231,230
18231833,238,230
18469833,241,230
18710833,233,230
18943833,231,230
19174833,264,230
19438833,242,230
19680833,234,230
19914833,266,230
20180833,348,230
20528833,349,230
20877833,266,230
21143833,244,230
21387833,237,230
21624833,235,230
21859833,232,230
22091833,231,230
22322833,234,230
22556833,260,230
22816833,276,230
23092833,251,230
23343833,241,230
23584833,235,230
23819833,232,230
24051833,231,230
24282833,231,230
24513833,231,230
24744833,231,230
24975833,230,230
25205833,230,230
25435833,231,230
25666833,233,230
25899833,236,230
26135833,238,230
26373833,306,230
26679833,307,230
26986833,269,230
27255833,263,230
27518833,243,230
27761833,235,230
27996833,232,230
28228833,231,230
28459833,232,230
28691833,231,230
28922833,230,230
29152833,230,230
29382833,230,230
29612833,230,230
29842833,230,230
30072833,232,230
30304833,236,230
30540833,233,230
30773833,232,230
31005833,244,230
31249833,338,230
31587833,449,230
32036833,684,230
32720833,980,230
33700833,1507,230
35207833,1881,230
37088833,1055,230
38143833,1049,230
39192833,459,230
39651833,453,230
40104833,333,230
40437833,332,230
40769833,257,230
41026833,241,230
41267833,235,230
41502833,239,230
41741833,235,230
41976833,233,230
42209833,234,230
42443833,247,230
42690833,244,230
42934833,235,230
43169833,233,230
43402833,231,230
43633833,231,230
43864833,240,230
44104833,269,230
44373833,248,230
44621833,239,230
44860833,233,230
45093833,261,230
45354833,246,230
45600833,257,230
45857833,294,230
46151833,261,230
46412833,279,230
46691833,335,230
47026833,371,230
47397833,320,230
47717833,311,230
48028833,251,230
48279833,240,230
48519833,235,230
48754833,232,230
48986833,231,230
49217833,312,230
49529833,357,230
49886833,340,230
50226833,497,230
50723833,421,230
51144833,449,230
51593833,394,230
51987833,403,230
52390833,259,230
52649833,240,230
52889833,235,230
53124833,232,230
53356833,231,230
53587833,250,230
53837833,285,230
54122833,319,230
54441833,278,230
54719833,252,230
54971833,243,230
55214833,238,230
55452833,235,230
55687833,233,230
55920833,231,230
56151833,231,230
56382833,233,230
56615833,235,230
56850833,234,230
57084833,232,230
57316833,233,230
57549833,231,230
57780833,231,230
58011833,230,230
58241833,235,230
58476833,242,230
58718833,235,230
58953833,235,230
59188833,232,230
59420833,231,230
59651833,249,230
59900833,274,230
