timestamp,unAck0,unAck1
611833,5672,5672
611833,5672,5672
829833,4254,5672
1052833,5672,1418
1277833,9926,1418
1504833,7090,1418
1746833,5672,1418
1983833,5672,1418
2217833,4254,1418
2450833,5672,1418
2681833,8508,1418
2912833,8508,1418
3147833,9926,1418
3379833,9926,1418
3615833,11344,1418
3848833,7090,1418
4090833,5672,1418
4326833,4254,1418
4560833,8508,1418
4792833,9926,1418
5028833,8508,1418
5265833,8508,1418
5498833,11344,1418
5729833,14180,1418
5965833,19852,1418
6220833,21270,1418
6527833,11344,0
6872833,11344,1418
7129833,8508,1418
7369833,9926,1418
7603833,12762,1418
7835833,11344,1418
8077833,11344,1418
8311833,5672,1418
8543833,2836,1418
8774833,2836,1418
9005833,7090,1418
9236833,2836,1418
9472833,5672,1418
9706833,5672,1418
9940833,8508,1418
10173833,9926,1418
10412833,9926,1418
10651833,8508,1418
10885833,15598,1418
11116833,12762,1418
11393833,15598,1418
11641833,9926,1418
11900833,11344,1418
12143833,11344,1418
12378833,14180,1418
12610833,5672,1418
12847833,8508,1418
13081833,5672,1418
13316833,7090,1418
13549833,11344,1418
13781833,7090,1418
14022833,5672,1418
14258833,2836,1418
14491833,2836,1418
14723833,4254,1418
14955833,4254,1418
15186833,4254,1418
15417833,4254,1418
15647833,7090,1418
15877833,9926,1418
16120833,7090,1418
16362833,11344,1418
16597833,7090,1418
16840833,7090,1418
17076833,7090,1418
17309833,8508,1418
17540833,7090,1418
17770833,8508,1418
18000833,9926,1418
18231833,11344,1418
18469833,12762,1418
18710833,9926,1418
18943833,15598,1418
19174833,12762,1418
19438833,9926,1418
19680833,15598,1418
19914833,24106,1418
20180833,19852,1418
20528833,8508,1418
20877833,9926,1418
21143833,5672,1418
21387833,8508,1418
21624833,7090,1418
21859833,7090,1418
22091833,9926,1418
22322833,14180,1418
22556833,17016,1418
22816833,9926,1418
23092833,7090,1418
23343833,7090,1418
23584833,8508,1418
23819833,4254,1418
24051833,4254,1418
24282833,5672,1418
24513833,4254,1418
24744833,4254,1418
24975833,4254,1418
25205833,5672,1418
25435833,7090,1418
25666833,8508,1418
25899833,9926,1418
26135833,17016,1418
26373833,18434,1418
26679833,15598,1418
26986833,15598,1418
27255833,9926,1418
27518833,9926,1418
27761833,9926,1418
27996833,5672,1418
28228833,7090,1418
28459833,7090,1418
28691833,7090,1418
28922833,2836,1418
29152833,1418,1418
29382833,2836,1418
29612833,2836,1418
29842833,4254,1418
30072833,5672,1418
30304833,4254,1418
30540833,5672,1418
30773833,8508,1418
31005833,19852,1418
31249833,41122,1418
31587833,43958,1418
32036833,73736,1418
32720833,104932,1418
33700833,112022,1418
35207833,75154,1418
37088833,62392,1418
38143833,32614,1418
39192833,26942,1418
39651833,18434,1418
40104833,19852,1418
40437833,12762,1418
40769833,9926,1418
41026833,8508,1418
41267833,9926,1418
41502833,7090,1418
41741833,2836,1418
41976833,4254,1418
42209833,9926,1418
42443833,11344,1418
42690833,11344,1418
42934833,5672,1418
43169833,7090,1418
43402833,4254,1418
43633833,8508,1418
43864833,14180,1418
44104833,8508,1418
44373833,11344,1418
44621833,9926,1418
44860833,15598,1418
45093833,14180,1418
45354833,15598,1418
45600833,18434,1418
45857833,14180,1418
46151833,17016,1418
46412833,21270,1418
46691833,22688,1418
47026833,18434,1418
47397833,18434,1418
47717833,11344,1418
48028833,14180,1418
48279833,8508,1418
48519833,8508,1418
48754833,5672,1418
48986833,18434,1418
49217833,22688,1418
49529833,19852,1418
49886833,32614,1418
50226833,18434,1418
50723833,26942,1418
51144833,22688,1418
51593833,24106,1418
51987833,14180,1418
52390833,11344,1418
52649833,8508,1418
52889833,8508,1418
53124833,5672,1418
53356833,12762,1418
53587833,17016,1418
53837833,19852,1418
54122833,7090,1418
54441833,8508,1418
54719833,4254,1418
54971833,7090,1418
55214833,8508,1418
55452833,7090,1418
55687833,5672,1418
55920833,4254,1418
56151833,7090,1418
56382833,8508,1418
56615833,4254,1418
56850833,4254,1418
57084833,7090,1418
57316833,7090,1418
57549833,5672,1418
57780833,5672,1418
58011833,8508,1418
58241833,11344,1418
58476833,8508,1418
58718833,11344,1418
58953833,9926,1418
59188833,9926,1418
59420833,12762,1418
59651833,17016,1418
59900833,9926,1418
