timestamp,availableTxBuffer0,availableTxBuffer1
611833,246472,246472
611833,246472,246472
829833,247890,246472
1052833,246472,250726
1277833,242218,250726
1504833,245054,250726
1746833,246472,250726
1983833,246472,250726
2217833,247890,250726
2450833,246472,250726
2681833,243636,250726
2912833,243636,250726
3147833,242218,250726
3379833,242218,250726
3615833,240800,250726
3848833,245054,250726
4090833,246472,250726
4326833,247890,250726
4560833,243636,250726
4792833,242218,250726
5028833,243636,250726
5265833,243636,250726
5498833,240800,250726
5729833,237964,250726
5965833,232292,250726
6220833,230874,250726
6527833,240800,252144
6872833,240800,250726
7129833,243636,250726
7369833,242218,250726
7603833,239382,250726
7835833,240800,250726
8077833,240800,250726
8311833,246472,250726
8543833,249308,250726
8774833,249308,250726
9005833,245054,250726
9236833,249308,250726
9472833,246472,250726
9706833,246472,250726
9940833,243636,250726
10173833,242218,250726
10412833,242218,250726
10651833,243636,250726
10885833,236546,250726
11116833,239382,250726
11393833,236546,250726
11641833,242218,250726
11900833,240800,250726
12143833,240800,250726
12378833,237964,250726
12610833,246472,250726
12847833,243636,250726
13081833,246472,250726
13316833,245054,250726
13549833,240800,250726
13781833,245054,250726
14022833,246472,250726
14258833,249308,250726
14491833,249308,250726
14723833,247890,250726
14955833,247890,250726
15186833,247890,250726
15417833,247890,250726
15647833,245054,250726
15877833,242218,250726
16120833,245054,250726
16362833,240800,250726
16597833,245054,250726
16840833,245054,250726
17076833,245054,250726
17309833,243636,250726
17540833,245054,250726
17770833,243636,250726
18000833,242218,250726
18231833,240800,250726
18469833,239382,250726
18710833,242218,250726
18943833,236546,250726
19174833,239382,250726
19438833,242218,250726
19680833,236546,250726
19914833,228038,250726
20180833,232292,250726
20528833,243636,250726
20877833,242218,250726
21143833,246472,250726
21387833,243636,250726
21624833,245054,250726
21859833,245054,250726
22091833,242218,250726
22322833,237964,250726
22556833,235128,250726
22816833,242218,250726
23092833,245054,250726
23343833,245054,250726
23584833,243636,250726
23819833,247890,250726
24051833,247890,250726
24282833,246472,250726
24513833,247890,250726
24744833,247890,250726
24975833,247890,250726
25205833,246472,250726
25435833,245054,250726
25666833,243636,250726
25899833,242218,250726
26135833,235128,250726
26373833,233710,250726
26679833,236546,250726
26986833,236546,250726
27255833,242218,250726
27518833,242218,250726
27761833,242218,250726
27996833,246472,250726
28228833,245054,250726
28459833,245054,250726
28691833,245054,250726
28922833,249308,250726
29152833,250726,250726
29382833,249308,250726
29612833,249308,250726
29842833,247890,250726
30072833,246472,250726
30304833,247890,250726
30540833,246472,250726
30773833,243636,250726
31005833,232292,250726
31249833,211022,250726
31587833,208186,250726
32036833,178408,250726
32720833,147212,250726
33700833,140122,250726
35207833,176990,250726
37088833,189752,250726
38143833,219530,250726
39192833,225202,250726
39651833,233710,250726
40104833,232292,250726
40437833,239382,250726
40769833,242218,250726
41026833,243636,250726
41267833,242218,250726
41502833,245054,250726
41741833,249308,250726
41976833,247890,250726
42209833,242218,250726
42443833,240800,250726
42690833,240800,250726
42934833,246472,250726
43169833,245054,250726
43402833,247890,250726
43633833,243636,250726
43864833,237964,250726
44104833,243636,250726
44373833,240800,250726
44621833,242218,250726
44860833,236546,250726
45093833,237964,250726
45354833,236546,250726
45600833,233710,250726
45857833,237964,250726
46151833,235128,250726
46412833,230874,250726
46691833,229456,250726
47026833,233710,250726
47397833,233710,250726
47717833,240800,250726
48028833,237964,250726
48279833,243636,250726
48519833,243636,250726
48754833,246472,250726
48986833,233710,250726
49217833,229456,250726
49529833,232292,250726
49886833,219530,250726
50226833,233710,250726
50723833,225202,250726
51144833,229456,250726
51593833,228038,250726
51987833,237964,250726
52390833,240800,250726
52649833,243636,250726
52889833,243636,250726
53124833,246472,250726
53356833,239382,250726
53587833,235128,250726
53837833,232292,250726
54122833,245054,250726
54441833,243636,250726
54719833,247890,250726
54971833,245054,250726
55214833,243636,250726
55452833,245054,250726
55687833,246472,250726
55920833,247890,250726
56151833,245054,250726
56382833,243636,250726
56615833,247890,250726
56850833,247890,250726
57084833,245054,250726
57316833,245054,250726
57549833,246472,250726
57780833,246472,250726
58011833,243636,250726
58241833,240800,250726
58476833,243636,250726
58718833,240800,250726
58953833,242218,250726
59188833,242218,250726
59420833,239382,250726
59651833,235128,250726
59900833,242218,250726
