timestamp,rWnd0,rWnd1
611833,1073725440,1073725440
611833,1073725440,1073725440
829833,1073725440,1073725440
1052833,1073725440,1073725440
1277833,1073725440,1073725440
1504833,1073725440,1073725440
1746833,1073725440,1073725440
1983833,1073725440,1073725440
2217833,1073725440,1073725440
2450833,1073725440,1073725440
2681833,1073725440,1073725440
2912833,1073725440,1073725440
3147833,1073725440,1073725440
3379833,1073725440,1073725440
3615833,1073725440,1073725440
3848833,1073725440,1073725440
4090833,1073725440,1073725440
4326833,1073725440,1073725440
4560833,1073725440,1073725440
4792833,1073725440,1073725440
5028833,1073725440,1073725440
5265833,1073725440,1073725440
5498833,1073725440,1073725440
5729833,1073725440,1073725440
5965833,1073725440,1073725440
6220833,1073725440,1073725440
6527833,1073725440,1073725440
6872833,1073725440,1073725440
7129833,1073725440,1073725440
7369833,1073725440,1073725440
7603833,1073725440,1073725440
7835833,1073725440,1073725440
8077833,1073725440,1073725440
8311833,1073725440,1073725440
8543833,1073725440,1073725440
8774833,1073725440,1073725440
9005833,1073725440,1073725440
9236833,1073725440,1073725440
9472833,1073725440,1073725440
9706833,1073725440,1073725440
9940833,1073725440,1073725440
10173833,1073725440,1073725440
10412833,1073725440,1073725440
10651833,1073725440,1073725440
10885833,1073725440,1073725440
11116833,1073725440,1073725440
11393833,1073725440,1073725440
11641833,1073725440,1073725440
11900833,1073725440,1073725440
12143833,1073725440,1073725440
12378833,1073725440,1073725440
12610833,1073725440,1073725440
12847833,1073725440,1073725440
13081833,1073725440,1073725440
13316833,1073725440,1073725440
13549833,1073725440,1073725440
13781833,1073725440,1073725440
14022833,1073725440,1073725440
14258833,1073725440,1073725440
14491833,1073725440,1073725440
14723833,1073725440,1073725440
14955833,1073725440,1073725440
15186833,1073725440,1073725440
15417833,1073725440,1073725440
15647833,1073725440,1073725440
15877833,1073725440,1073725440
16120833,1073725440,1073725440
16362833,1073725440,1073725440
16597833,1073725440,1073725440
16840833,1073725440,1073725440
17076833,1073725440,1073725440
17309833,1073725440,1073725440
17540833,1073725440,1073725440
17770833,1073725440,1073725440
18000833,1073725440,1073725440
18231833,1073725440,1073725440
18469833,1073725440,1073725440
18710833,1073725440,1073725440
18943833,1073725440,1073725440
19174833,1073725440,1073725440
19438833,1073725440,1073725440
19680833,1073725440,1073725440
19914833,1073725440,1073725440
20180833,1073725440,1073725440
20528833,1073725440,1073725440
20877833,1073725440,1073725440
21143833,1073725440,1073725440
21387833,1073725440,1073725440
21624833,1073725440,1073725440
21859833,1073725440,1073725440
22091833,1073725440,1073725440
22322833,1073725440,1073725440
22556833,1073725440,1073725440
22816833,1073725440,1073725440
23092833,1073725440,1073725440
23343833,1073725440,1073725440
23584833,1073725440,1073725440
23819833,1073725440,1073725440
24051833,1073725440,1073725440
24282833,1073725440,1073725440
24513833,1073725440,1073725440
24744833,1073725440,1073725440
24975833,1073725440,1073725440
25205833,1073725440,1073725440
25435833,1073725440,1073725440
25666833,1073725440,1073725440
25899833,1073725440,1073725440
26135833,1073725440,1073725440
26373833,1073725440,1073725440
26679833,1073725440,1073725440
26986833,1073725440,1073725440
27255833,1073725440,1073725440
27518833,1073725440,1073725440
27761833,1073725440,1073725440
27996833,1073725440,1073725440
28228833,1073725440,1073725440
28459833,1073725440,1073725440
28691833,1073725440,1073725440
28922833,1073725440,1073725440
29152833,1073725440,1073725440
29382833,1073725440,1073725440
29612833,1073725440,1073725440
29842833,1073725440,1073725440
30072833,1073725440,1073725440
30304833,1073725440,1073725440
30540833,1073725440,1073725440
30773833,1073725440,1073725440
31005833,1073725440,1073725440
31249833,1073725440,1073725440
31587833,1073725440,1073725440
32036833,1073725440,1073725440
32720833,1073725440,1073725440
33700833,1073725440,1073725440
35207833,1073725440,1073725440
37088833,1073725440,1073725440
38143833,1073725440,1073725440
39192833,1073725440,1073725440
39651833,1073725440,1073725440
40104833,1073725440,1073725440
40437833,1073725440,1073725440
40769833,1073725440,1073725440
41026833,1073725440,1073725440
41267833,1073725440,1073725440
41502833,1073725440,1073725440
41741833,1073725440,1073725440
41976833,1073725440,1073725440
42209833,1073725440,1073725440
42443833,1073725440,1073725440
42690833,1073725440,1073725440
42934833,1073725440,1073725440
43169833,1073725440,1073725440
43402833,1073725440,1073725440
43633833,1073725440,1073725440
43864833,1073725440,1073725440
44104833,1073725440,1073725440
44373833,1073725440,1073725440
44621833,1073725440,1073725440
44860833,1073725440,1073725440
45093833,1073725440,1073725440
45354833,1073725440,1073725440
45600833,1073725440,1073725440
45857833,1073725440,1073725440
46151833,1073725440,1073725440
46412833,1073725440,1073725440
46691833,1073725440,1073725440
47026833,1073725440,1073725440
47397833,1073725440,1073725440
47717833,1073725440,1073725440
48028833,1073725440,1073725440
48279833,1073725440,1073725440
48519833,1073725440,1073725440
48754833,1073725440,1073725440
48986833,1073725440,1073725440
49217833,1073725440,1073725440
49529833,1073725440,1073725440
49886833,1073725440,1073725440
50226833,1073725440,1073725440
50723833,1073725440,1073725440
51144833,1073725440,1073725440
51593833,1073725440,1073725440
51987833,1073725440,1073725440
52390833,1073725440,1073725440
52649833,1073725440,1073725440
52889833,1073725440,1073725440
53124833,1073725440,1073725440
53356833,1073725440,1073725440
53587833,1073725440,1073725440
53837833,1073725440,1073725440
54122833,1073725440,1073725440
54441833,1073725440,1073725440
54719833,1073725440,1073725440
54971833,1073725440,1073725440
55214833,1073725440,1073725440
55452833,1073725440,1073725440
55687833,1073725440,1073725440
55920833,1073725440,1073725440
56151833,1073725440,1073725440
56382833,1073725440,1073725440
56615833,1073725440,1073725440
56850833,1073725440,1073725440
57084833,1073725440,1073725440
57316833,1073725440,1073725440
57549833,1073725440,1073725440
57780833,1073725440,1073725440
58011833,1073725440,1073725440
58241833,1073725440,1073725440
58476833,1073725440,1073725440
58718833,1073725440,1073725440
58953833,1073725440,1073725440
59188833,1073725440,1073725440
59420833,1073725440,1073725440
59651833,1073725440,1073725440
59900833,1073725440,1073725440
