timestamp,cWnd0,cWnd1
611833,5672,5672
611833,5208,1500
829833,5208,1500
1052833,7076,1500
1277833,10631,1500
1504833,8318,1500
1746833,6012,1500
1983833,5815,1500
2217833,5618,1500
2450833,6798,1500
2681833,8963,1500
2912833,9144,1500
3147833,10372,1500
3379833,11152,1500
3615833,12743,1500
3848833,8279,1500
4090833,6773,1500
4326833,5308,1500
4560833,9670,1500
4792833,10942,1500
5028833,9432,1500
5265833,8816,1500
5498833,11570,1500
5729833,14366,1500
5965833,20531,1500
6220833,21843,1500
6527833,13237,1500
6872833,13213,1500
7129833,9555,1500
7369833,11143,1500
7603833,13718,1500
7835833,12182,1500
8077833,11459,1500
8311833,6007,1500
8543833,3511,1500
8774833,4027,1500
9005833,7541,1500
9236833,4969,1500
9472833,6087,1500
9706833,6089,1500
9940833,9184,1500
10173833,11308,1500
10412833,10468,1500
10651833,9623,1500
10885833,16314,1500
11116833,13465,1500
11393833,16102,1500
11641833,10473,1500
11900833,11990,1500
12143833,12732,1500
12378833,15455,1500
12610833,6581,1500
12847833,8970,1500
13081833,6495,1500
13316833,8470,1500
13549833,11565,1500
13781833,7868,1500
14022833,5920,1500
14258833,3545,1500
14491833,3646,1500
14723833,5172,1500
14955833,4650,1500
15186833,4943,1500
15417833,4983,1500
15647833,9129,1500
15877833,10519,1500
16120833,7630,1500
16362833,11719,1500
16597833,7186,1500
16840833,8226,1500
17076833,7377,1500
17309833,8957,1500
17540833,7430,1500
17770833,8809,1500
18000833,11738,1500
18231833,13750,1500
18469833,13376,1500
18710833,10487,1500
18943833,16018,1500
19174833,12927,1500
19438833,10558,1500
19680833,16754,1500
19914833,25337,1500
20180833,20481,1500
20528833,9290,1500
20877833,10371,1500
21143833,6912,1500
21387833,8916,1500
21624833,7379,1500
21859833,8015,1500
22091833,11018,1500
22322833,14631,1500
22556833,17556,1500
22816833,10501,1500
23092833,7385,1500
23343833,7444,1500
23584833,9398,1500
23819833,4884,1500
24051833,5486,1500
24282833,6785,1500
24513833,4816,1500
24744833,5331,1500
24975833,5154,1500
25205833,6112,1500
25435833,7877,1500
25666833,9457,1500
25899833,11001,1500
26135833,17422,1500
26373833,19155,1500
26679833,17007,1500
26986833,15869,1500
27255833,10299,1500
27518833,10941,1500
27761833,9978,1500
27996833,7046,1500
28228833,9427,1500
28459833,9245,1500
28691833,8651,1500
28922833,4106,1500
29152833,2698,1500
29382833,4178,1500
29612833,3248,1500
29842833,4382,1500
30072833,5800,1500
30304833,5333,1500
30540833,5960,1500
30773833,9061,1500
31005833,20966,1500
31249833,41715,1500
31587833,43964,1500
32036833,74052,1500
32720833,105908,1500
33700833,112721,1500
35207833,75260,1500
37088833,63751,1500
38143833,33330,1500
39192833,28093,1500
39651833,18822,1500
40104833,20460,1500
40437833,13377,1500
40769833,10701,1500
41026833,9569,1500
41267833,10393,1500
41502833,7640,1500
41741833,4087,1500
41976833,6242,1500
42209833,11050,1500
42443833,11883,1500
42690833,11781,1500
42934833,6899,1500
43169833,8012,1500
43402833,5347,1500
43633833,9850,1500
43864833,14986,1500
44104833,9238,1500
44373833,12683,1500
44621833,10278,1500
44860833,16794,1500
45093833,15273,1500
45354833,16376,1500
45600833,18553,1500
45857833,14934,1500
46151833,18184,1500
46412833,22169,1500
46691833,23863,1500
47026833,18827,1500
47397833,19042,1500
47717833,11642,1500
48028833,14846,1500
48279833,9794,1500
48519833,8783,1500
48754833,6719,1500
48986833,18746,1500
49217833,23637,1500
49529833,21179,1500
49886833,32751,1500
50226833,20854,1500
50723833,27177,1500
51144833,22784,1500
51593833,24489,1500
51987833,14593,1500
52390833,11409,1500
52649833,9326,1500
52889833,8613,1500
53124833,6568,1500
53356833,13943,1500
53587833,17216,1500
53837833,20533,1500
54122833,7238,1500
54441833,8870,1500
54719833,4874,1500
54971833,7651,1500
55214833,9180,1500
55452833,7268,1500
55687833,6690,1500
55920833,5244,1500
56151833,7289,1500
56382833,9116,1500
56615833,5493,1500
56850833,6374,1500
57084833,7314,1500
57316833,8120,1500
57549833,6096,1500
57780833,5977,1500
58011833,9473,1500
58241833,12199,1500
58476833,9777,1500
58718833,12653,1500
58953833,11335,1500
59188833,11044,1500
59420833,14828,1500
59651833,17568,1500
59900833,10895,1500
