timestamp,lastAckedSeq,highTxMark,availableTxBuffer,nextTxSeq,totalCwnd,unAckMeta
611833,5673,17017,1158,17017,11344,11344
611833,5673,17017,1158,17017,6708,11344
829833,11345,21271,1158,21271,6708,9926
1052833,21271,28361,1158,28361,8576,7090
1277833,28361,39705,1158,39705,12131,11344
1504833,39705,48213,1158,48213,9818,8508
1746833,48213,55303,1158,55303,7512,7090
1983833,55303,62393,1158,62393,7315,7090
2217833,62393,68065,1158,68065,7118,5672
2450833,69483,76573,1158,76573,8298,7090
2681833,76573,86499,1158,86499,10463,9926
2912833,86499,96425,1158,96425,10644,9926
3147833,96425,107769,1158,107769,11872,11344
3379833,107769,119113,1158,119113,12652,11344
3615833,119113,131875,1158,131875,14243,12762
3848833,131875,140383,1158,140383,9779,8508
4090833,140383,147473,1158,147473,8273,7090
4326833,147473,153145,1158,153145,6808,5672
4560833,154563,164489,1158,164489,11170,9926
4792833,164489,175833,1158,175833,12442,11344
5028833,175833,185759,1158,185759,10932,9926
5265833,185759,195685,1158,195685,10316,9926
5498833,195685,208447,1158,208447,13070,12762
5729833,208447,224045,1158,224045,15866,15598
5965833,224045,245315,1158,245315,22031,21270
6220833,241061,263749,1158,263749,23343,22688
6527833,260913,273675,2576,273675,14737,12762
6872833,282183,294945,2576,294945,14713,12762
7129833,294945,304871,1158,304871,11055,9926
7369833,306289,317633,1158,317633,12643,11344
7603833,317633,331813,1158,331813,15218,14180
7835833,331813,344575,1158,344575,13682,12762
8077833,344575,357337,1158,357337,12959,12762
8311833,357337,364427,1158,364427,7507,7090
8543833,364427,368681,1158,368681,5011,4254
8774833,368681,372935,1158,372935,5527,4254
9005833,374353,382861,1158,382861,9041,8508
9236833,382861,387115,2576,387115,6469,4254
9472833,388533,395623,1158,395623,7587,7090
9706833,395623,402713,1158,402713,7589,7090
9940833,402713,412639,1158,412639,10684,9926
10173833,412639,423983,1158,423983,12808,11344
10412833,423983,435327,1158,435327,11968,11344
10651833,435327,445253,1158,445253,11123,9926
10885833,446671,463687,1158,463687,17814,17016
11116833,460851,475031,1158,475031,14965,14180
11393833,477867,494883,1158,494883,17602,17016
11641833,494883,506227,1158,506227,11973,11344
11900833,509063,521825,1158,521825,13490,12762
12143833,521825,534587,1158,534587,14232,12762
12378833,534587,550185,1158,550185,16955,15598
12610833,550185,557275,1158,557275,8081,7090
12847833,557275,567201,1158,567201,10470,9926
13081833,567201,574291,1158,574291,7995,7090
13316833,574291,582799,1158,582799,9970,8508
13549833,582799,595561,1158,595561,13065,12762
13781833,595561,604069,1158,604069,9368,8508
14022833,604069,611159,1158,611159,7420,7090
14258833,611159,615413,1158,615413,5045,4254
14491833,615413,619667,1158,619667,5146,4254
14723833,621085,626757,1158,626757,6672,5672
14955833,626757,632429,1158,632429,6150,5672
15186833,632429,638101,1158,638101,6443,5672
15417833,638101,643773,1158,643773,6483,5672
15647833,643773,652281,2576,652281,10629,8508
15877833,652281,663625,1158,663625,12019,11344
16120833,663625,672133,1158,672133,9130,8508
16362833,673551,686313,1158,686313,13219,12762
16597833,686313,694821,1158,694821,8686,8508
16840833,694821,703329,1158,703329,9726,8508
17076833,703329,711837,1158,711837,8877,8508
17309833,713255,723181,1158,723181,10457,9926
17540833,723181,731689,1158,731689,8930,8508
17770833,731689,741615,1158,741615,10309,9926
18000833,741615,752959,2576,752959,13238,11344
18231833,754377,767139,2576,767139,15250,12762
18469833,768557,782737,1158,782737,14876,14180
18710833,782737,794081,1158,794081,11987,11344
18943833,794081,811097,1158,811097,17518,17016
19174833,809679,823859,1158,823859,14427,14180
19438833,823859,835203,1158,835203,12058,11344
19680833,836621,853637,1158,853637,18254,17016
19914833,852219,877743,1158,877743,26837,25524
20180833,867817,890505,1158,890505,21981,22688
20528833,891923,901849,1158,901849,10790,9926
20877833,906103,917447,1158,917447,11871,11344
21143833,917447,924537,1158,924537,8412,7090
21387833,925955,935881,1158,935881,10416,9926
21624833,935881,944389,1158,944389,8879,8508
21859833,944389,952897,1158,952897,9515,8508
22091833,952897,964241,1158,964241,12518,11344
22322833,964241,979839,1158,979839,16131,15598
22556833,979839,998273,1158,998273,19056,18434
22816833,996855,1008199,1158,1008199,12001,11344
23092833,1009617,1018125,1158,1018125,8885,8508
23343833,1018125,1026633,1158,1026633,8944,8508
23584833,1028051,1037977,1158,1037977,10898,9926
23819833,1037977,1043649,1158,1043649,6384,5672
24051833,1043649,1049321,1158,1049321,6986,5672
24282833,1049321,1056411,1158,1056411,8285,7090
24513833,1056411,1062083,1158,1062083,6316,5672
24744833,1062083,1067755,1158,1067755,6831,5672
24975833,1067755,1073427,1158,1073427,6654,5672
25205833,1073427,1080517,1158,1080517,7612,7090
25435833,1080517,1089025,1158,1089025,9377,8508
25666833,1089025,1098951,1158,1098951,10957,9926
25899833,1098951,1110295,1158,1110295,12501,11344
26135833,1110295,1128729,1158,1128729,18922,18434
26373833,1124475,1145745,1158,1145745,20655,21270
26679833,1145745,1162761,1158,1162761,18507,17016
26986833,1165597,1182613,1158,1182613,17369,17016
27255833,1182613,1193957,1158,1193957,11799,11344
27518833,1195375,1206719,1158,1206719,12441,11344
27761833,1206719,1218063,1158,1218063,11478,11344
27996833,1218063,1225153,1158,1225153,8546,7090
28228833,1226571,1235079,2576,1235079,10927,8508
28459833,1236497,1245005,2576,1245005,10745,8508
28691833,1246423,1254931,2576,1254931,10151,8508
28922833,1254931,1259185,1158,1259185,5606,4254
29152833,1259185,1262021,1158,1262021,4198,2836
29382833,1262021,1266275,1158,1266275,5678,4254
29612833,1266275,1270529,1158,1270529,4748,4254
29842833,1270529,1276201,1158,1276201,5882,5672
30072833,1276201,1283291,1158,1283291,7300,7090
30304833,1283291,1288963,1158,1288963,6833,5672
30540833,1290381,1297471,1158,1297471,7460,7090
30773833,1297471,1307397,1158,1307397,10561,9926
31005833,1307397,1328667,1158,1328667,22466,21270
31249833,1321577,1365535,1158,1365535,43215,43958
31587833,1342847,1389641,1158,1389641,45464,46794
32036833,1371207,1449197,1158,1449197,75552,77990
32720833,1413747,1525769,1158,1525769,107408,112022
33700833,1474721,1596669,1158,1596669,114221,121948
35207833,1571145,1657643,1158,1657643,76760,86498
37088833,1700183,1768247,1158,1768247,65251,68064
38143833,1771083,1806533,1158,1806533,34830,35450
39192833,1840565,1870343,1158,1870343,29593,29778
39651833,1870343,1891613,1158,1891613,20322,21270
40104833,1900121,1922809,1158,1922809,21960,22688
40437833,1922809,1936989,1158,1936989,14877,14180
40769833,1938407,1949751,1158,1949751,12201,11344
41026833,1951169,1961095,1158,1961095,11069,9926
41267833,1962513,1973857,1158,1973857,11893,11344
41502833,1973857,1982365,1158,1982365,9140,8508
41741833,1982365,1986619,1158,1986619,5587,4254
41976833,1988037,1993709,2576,1993709,7742,5672
42209833,1995127,2006471,1158,2006471,12550,11344
42443833,2006471,2019233,1158,2019233,13383,12762
42690833,2019233,2031995,1158,2031995,13281,12762
42934833,2031995,2039085,1158,2039085,8399,7090
43169833,2040503,2049011,1158,2049011,9512,8508
43402833,2049011,2054683,1158,2054683,6847,5672
43633833,2054683,2064609,1158,2064609,11350,9926
43864833,2064609,2080207,1158,2080207,16486,15598
44104833,2080207,2090133,1158,2090133,10738,9926
44373833,2091551,2104313,1158,2104313,14183,12762
44621833,2104313,2115657,1158,2115657,11778,11344
44860833,2117075,2134091,1158,2134091,18294,17016
45093833,2132673,2148271,1158,2148271,16773,15598
45354833,2149689,2166705,1158,2166705,17876,17016
45600833,2165287,2185139,1158,2185139,20053,19852
45857833,2182303,2197901,1158,2197901,16434,15598
46151833,2200737,2219171,1158,2219171,19684,18434
46412833,2217753,2241859,1158,2241859,23669,24106
46691833,2236187,2261711,1158,2261711,25363,25524
47026833,2258875,2278727,2576,2278727,20327,19852
47397833,2281563,2302833,1158,2302833,20542,21270
47717833,2302833,2315595,1158,2315595,13142,12762
48028833,2321267,2336865,1158,2336865,16346,15598
48279833,2336865,2346791,1158,2346791,11294,9926
48519833,2346791,2356717,1158,2356717,10283,9926
48754833,2356717,2363807,1158,2363807,8219,7090
48986833,2365225,2385077,1158,2385077,20246,19852
49217833,2379405,2403511,1158,2403511,25137,24106
49529833,2399257,2421945,1158,2421945,22679,22688
49886833,2423363,2457395,1158,2457395,34251,34032
50226833,2444633,2467321,2576,2467321,22354,22688
50723833,2477247,2507025,1158,2507025,28677,29778
51144833,2505607,2529713,1158,2529713,24284,24106
51593833,2535385,2560909,1158,2560909,25989,25524
51987833,2559491,2576507,1158,2576507,16093,17016
52390833,2585015,2597777,1158,2597777,12909,12762
52649833,2597777,2607703,1158,2607703,10826,9926
52889833,2607703,2617629,1158,2617629,10113,9926
53124833,2617629,2624719,1158,2624719,8068,7090
53356833,2626137,2640317,1158,2640317,15443,14180
53587833,2640317,2658751,1158,2658751,18716,18434
53837833,2655915,2677185,1158,2677185,22033,21270
54122833,2674349,2682857,1158,2682857,8738,8508
54441833,2687111,2697037,1158,2697037,10370,9926
54719833,2698455,2704127,1158,2704127,6374,5672
54971833,2705545,2714053,1158,2714053,9151,8508
55214833,2715471,2725397,1158,2725397,10680,9926
55452833,2725397,2733905,1158,2733905,8768,8508
55687833,2733905,2740995,1158,2740995,8190,7090
55920833,2740995,2746667,1158,2746667,6744,5672
56151833,2746667,2755175,1158,2755175,8789,8508
56382833,2755175,2765101,1158,2765101,10616,9926
56615833,2765101,2770773,1158,2770773,6993,5672
56850833,2772191,2777863,2576,2777863,7874,5672
57084833,2779281,2787789,1158,2787789,8814,8508
57316833,2787789,2796297,1158,2796297,9620,8508
57549833,2796297,2803387,1158,2803387,7596,7090
57780833,2803387,2810477,1158,2810477,7477,7090
58011833,2810477,2820403,1158,2820403,10973,9926
58241833,2820403,2833165,1158,2833165,13699,12762
58476833,2833165,2843091,1158,2843091,11277,9926
58718833,2843091,2855853,1158,2855853,14153,12762
58953833,2855853,2867197,1158,2867197,12835,11344
59188833,2867197,2878541,1158,2878541,12544,11344
59420833,2879959,2894139,2576,2894139,16328,14180
59651833,2894139,2912573,1158,2912573,19068,18434
59900833,2911155,2922499,1158,2922499,12395,11344
