time,reward
559652,0.0
739652,122.978142
742652,122.304344
920652,244.608688
926652,243.275681
1101652,243.275681
1111652,243.275681
1282652,243.275681
1296652,243.275681
1463652,242.275681
1481652,240.956985
1644652,240.956985
1667652,240.956985
1825652,240.956985
1853652,240.956985
2006652,240.956985
2039652,240.956985
2187652,240.956985
2225652,240.956985
2371652,240.956985
2411652,240.956985
2556652,240.956985
2597652,240.956985
2741652,240.956985
2783652,240.956985
2926652,240.956985
2969652,240.956985
3112652,240.956985
3155652,240.956985
3298652,240.956985
3341652,240.956985
3484652,240.956985
3527652,240.956985
3670652,240.956985
3713652,240.956985
3856652,240.956985
3899652,240.956985
4042652,240.956985
4085652,240.956985
4228652,240.956985
4271652,240.956985
4414652,240.956985
4457652,240.956985
4600652,240.956985
4643652,240.956985
4786652,240.956985
4829652,240.956985
4972652,240.956985
5015652,240.956985
5158652,240.956985
5201652,240.956985
5344652,240.956985
5387652,240.956985
5530652,240.956985
5573652,240.956985
5716652,240.956985
5759652,240.956985
5902652,240.956985
5945652,240.956985
6088652,240.956985
6131652,240.956985
6274652,240.956985
6317652,240.956985
6460652,240.956985
6503652,240.956985
6646652,240.956985
6689652,240.956985
6832652,240.956985
6875652,240.956985
7018652,240.956985
7061652,240.956985
7204652,240.956985
7247652,240.956985
7390652,240.956985
7433652,240.956985
7576652,240.956985
7619652,240.956985
7762652,240.956985
7805652,240.956985
7948652,240.956985
7991652,240.956985
8134652,240.956985
8177652,240.956985
8320652,240.956985
8363652,240.956985
8506652,240.956985
8549652,240.956985
8692652,240.956985
8735652,240.956985
8878652,240.956985
8921652,240.956985
9064652,240.956985
9107652,240.956985
9250652,240.956985
9293652,240.956985
9436652,240.956985
9479652,240.956985
9622652,240.956985
9665652,240.956985
9808652,240.956985
9851652,240.956985
9994652,240.956985
10037652,240.956985
10180652,240.956985
10223652,240.956985
10366652,240.956985
10409652,240.956985
10552652,240.956985
10595652,240.956985
10738652,240.956985
10781652,240.956985
10924652,240.956985
10967652,240.956985
11110652,240.956985
11153652,240.956985
11296652,179.967743
11339652,240.956985
11482652,118.978493
11525652,240.956985
11668652,57.989246
11711652,240.956985
11854652,57.989246
11897652,240.956985
12040652,-3.0
12083652,240.956985
12226652,-3.0
12269652,240.956985
12412652,-3.0
12455652,240.956985
12598652,-3.0
12641652,240.956985
12784652,-3.0
12827652,240.956985
12970652,-3.0
13013652,240.956985
13156652,-3.0
13199652,240.956985
13342652,-3.0
13385652,240.956985
13528652,-3.0
13571652,240.956985
13714652,-3.0
13757652,240.956985
13900652,-3.0
13943652,240.956985
14086652,-3.0
14129652,240.956985
14272652,-3.0
14315652,240.956985
14458652,-3.0
14501652,240.956985
14644652,-3.0
14687652,179.967743
14830652,57.989246
14873652,240.956985
15016652,57.989246
15059652,179.967743
15202652,118.978493
15245652,179.967743
15388652,179.967743
15431652,240.956985
15574652,179.967743
15617652,179.967743
15760652,240.956985
15803652,240.956985
15946652,240.956985
15989652,240.956985
16132652,240.956985
16175652,240.956985
16318652,240.956985
16361652,240.956985
16504652,240.956985
16547652,240.956985
16690652,240.956985
16733652,240.956985
16876652,240.956985
16919652,240.956985
17062652,240.956985
17105652,240.956985
17248652,240.956985
17291652,240.956985
17434652,240.956985
17477652,240.956985
17620652,240.956985
17663652,240.956985
17806652,240.956985
17849652,240.956985
17992652,240.956985
18035652,240.956985
18178652,240.956985
18221652,240.956985
18364652,240.956985
18407652,240.956985
18550652,240.956985
18593652,240.956985
18736652,240.956985
18779652,240.956985
18922652,240.956985
18965652,240.956985
19108652,240.956985
19151652,240.956985
19294652,240.956985
19337652,240.956985
19480652,240.956985
19523652,240.956985
19666652,240.956985
19709652,240.956985
19852652,240.956985
19895652,240.956985
20038652,240.956985
20081652,240.956985
20224652,240.956985
20267652,240.956985
20410652,240.956985
20453652,240.956985
20596652,240.956985
20639652,240.956985
20782652,240.956985
20825652,240.956985
20968652,240.956985
21011652,240.956985
21154652,240.956985
21197652,240.956985
21340652,240.956985
21383652,240.956985
21526652,240.956985
21569652,240.956985
21712652,240.956985
21755652,240.956985
21898652,240.956985
21941652,240.956985
22084652,240.956985
22127652,240.956985
22270652,240.956985
22313652,240.956985
22456652,240.956985
22499652,240.956985
22642652,240.956985
22685652,240.956985
22828652,240.956985
22871652,240.956985
23014652,240.956985
23057652,240.956985
23200652,240.956985
23243652,240.956985
23386652,240.956985
23429652,240.956985
23572652,240.956985
23615652,240.956985
23758652,240.956985
23801652,240.956985
23944652,240.956985
23987652,240.956985
24130652,240.956985
24173652,240.956985
24316652,240.956985
24359652,240.956985
24502652,240.956985
24545652,240.956985
24688652,240.956985
24731652,240.956985
24874652,240.956985
24917652,240.956985
25060652,240.956985
25103652,240.956985
25246652,240.956985
25289652,240.956985
25432652,240.956985
25475652,240.956985
25618652,240.956985
25661652,240.956985
25804652,240.956985
25847652,240.956985
25990652,240.956985
26033652,240.956985
26176652,240.956985
26219652,240.956985
26362652,179.967743
26405652,240.956985
26548652,118.978493
26591652,240.956985
26734652,57.989246
26777652,240.956985
26920652,57.989246
26963652,240.956985
27106652,-3.0
27149652,240.956985
27292652,-3.0
27335652,240.956985
27478652,-3.0
27521652,240.956985
27664652,-3.0
27707652,240.956985
27850652,-3.0
27893652,240.956985
28036652,-3.0
28079652,240.956985
28222652,-3.0
28265652,240.956985
28408652,-3.0
28451652,240.956985
28594652,-3.0
28637652,240.956985
28780652,-3.0
28823652,240.956985
28966652,-3.0
29009652,240.956985
29152652,-3.0
29195652,240.956985
29338652,-3.0
29381652,240.956985
29524652,-3.0
29567652,240.956985
29710652,-3.0
29753652,240.956985
29896652,-3.0
29939652,179.967743
30082652,57.989246
30125652,179.967743
30268652,118.978493
30311652,179.967743
30454652,179.967743
30497652,240.956985
30640652,179.967743
30683652,179.967743
30826652,240.956985
30869652,240.956985
31012652,240.956985
31055652,240.956985
31198652,240.956985
31241652,240.956985
31384652,240.956985
31427652,240.956985
31570652,240.956985
31613652,240.956985
31756652,240.956985
31799652,240.956985
31942652,240.956985
31985652,240.956985
32128652,240.956985
32171652,240.956985
32314652,240.956985
32357652,240.956985
32500652,240.956985
32543652,240.956985
32686652,240.956985
32729652,240.956985
32872652,240.956985
32915652,240.956985
33058652,240.956985
33101652,240.956985
33244652,240.956985
33287652,240.956985
33430652,240.956985
33473652,240.956985
33616652,240.956985
33659652,240.956985
33802652,240.956985
33845652,240.956985
33988652,240.956985
34031652,240.956985
34174652,240.956985
34217652,240.956985
34360652,240.956985
34403652,240.956985
34546652,240.956985
34589652,240.956985
34732652,240.956985
34775652,240.956985
34918652,240.956985
34961652,240.956985
35104652,240.956985
35147652,240.956985
35290652,240.956985
35333652,240.956985
35476652,240.956985
35519652,240.956985
35662652,240.956985
35705652,240.956985
35848652,240.956985
35891652,240.956985
36034652,240.956985
36077652,240.956985
36220652,240.956985
36263652,240.956985
36406652,240.956985
36449652,240.956985
36592652,240.956985
36635652,240.956985
36778652,240.956985
36821652,240.956985
36964652,240.956985
37007652,240.956985
37150652,240.956985
37193652,240.956985
37336652,240.956985
37379652,240.956985
37522652,240.956985
37565652,240.956985
37708652,240.956985
37751652,240.956985
37894652,240.956985
37937652,240.956985
38080652,240.956985
38123652,240.956985
38266652,240.956985
38309652,240.956985
38452652,240.956985
38495652,240.956985
38638652,240.956985
38681652,240.956985
38824652,240.956985
38867652,240.956985
39010652,240.956985
39053652,240.956985
39196652,240.956985
39239652,240.956985
39382652,240.956985
39425652,240.956985
39568652,240.956985
39611652,240.956985
39754652,240.956985
39797652,240.956985
39940652,240.956985
39983652,240.956985
40126652,240.956985
40169652,240.956985
40312652,240.956985
40355652,240.956985
40498652,240.956985
40541652,240.956985
40684652,240.956985
40727652,240.956985
40870652,240.956985
40913652,240.956985
41056652,240.956985
41099652,240.956985
41242652,240.956985
41285652,240.956985
41428652,240.956985
41471652,240.956985
41614652,179.967743
41657652,240.956985
41800652,118.978493
41843652,240.956985
41986652,57.989246
42029652,240.956985
42172652,57.989246
42215652,240.956985
42358652,-3.0
42401652,240.956985
42544652,-3.0
42587652,240.956985
42730652,-3.0
42773652,240.956985
42916652,-3.0
42959652,240.956985
43102652,-3.0
43145652,240.956985
43288652,-3.0
43331652,240.956985
43474652,-3.0
43517652,240.956985
43660652,-3.0
43703652,240.956985
43846652,-3.0
43889652,240.956985
44032652,-3.0
44075652,240.956985
44218652,-3.0
44261652,240.956985
44404652,-3.0
44447652,240.956985
44590652,-3.0
44633652,240.956985
44776652,-3.0
44819652,240.956985
44962652,-3.0
45005652,179.967743
45148652,57.989246
45191652,240.956985
45334652,57.989246
45377652,179.967743
45520652,118.978493
45563652,179.967743
45706652,179.967743
45749652,240.956985
45892652,179.967743
45935652,179.967743
46078652,240.956985
46121652,240.956985
46264652,240.956985
46307652,240.956985
46450652,240.956985
46493652,240.956985
46636652,240.956985
46679652,240.956985
46822652,240.956985
46865652,240.956985
47008652,240.956985
47051652,240.956985
47194652,240.956985
47237652,240.956985
47380652,240.956985
47423652,240.956985
47566652,240.956985
47609652,240.956985
47752652,240.956985
47795652,240.956985
47938652,240.956985
47981652,240.956985
48124652,240.956985
48167652,240.956985
48310652,240.956985
48353652,240.956985
48496652,240.956985
48539652,240.956985
48682652,240.956985
48725652,240.956985
48868652,240.956985
48911652,240.956985
49054652,240.956985
49097652,240.956985
49240652,240.956985
49283652,240.956985
49426652,240.956985
49469652,240.956985
49612652,240.956985
49655652,240.956985
49798652,240.956985
49841652,240.956985
49984652,240.956985
